25.08 0.01 0.38 322.29 8.00 2839344 0.63
25.08 0.01 0.38 322.44 8.00 2839364 0.63
25.08 0.01 0.38 322.43 8.00 2839384 0.63
25.08 0.01 0.38 322.38 8.00 2839404 0.63
25.08 0.01 0.38 322.46 8.00 2839424 0.63
25.08 0.01 0.38 322.24 8.00 2839444 0.63
25.08 0.01 0.38 322.19 8.00 2839464 0.63
25.08 0.01 0.38 322.19 8.00 2839484 0.63
25.08 0.01 0.38 322.25 8.00 2839504 0.63
25.08 0.01 0.38 322.06 8.00 2839524 0.63
25.08 0.01 0.38 0.00 8.00 2862941 0.63
25.08 0.01 0.38 0.00 8.00 2862961 0.63
25.08 0.01 0.38 0.00 8.00 2862981 0.63
25.08 0.01 0.38 0.00 8.00 2863001 0.63
25.08 0.01 0.38 0.00 8.00 2863021 0.63
25.08 0.01 0.38 0.00 8.00 2863041 0.63
25.08 0.01 0.38 0.00 8.00 2863061 0.63
25.08 0.01 0.38 0.00 8.00 2863081 0.63
25.08 0.01 0.38 0.00 8.00 2863101 0.63
25.08 0.01 0.38 0.00 8.00 2863121 0.63
25.08 0.01 0.38 0.00 8.00 2863141 0.63
25.08 0.01 0.38 0.00 8.00 2863161 0.63
25.08 0.01 0.38 0.00 8.00 2863181 0.63
25.08 0.01 0.38 0.00 8.00 2863201 0.63
25.08 0.01 0.38 0.00 8.00 2863221 0.63
25.08 0.01 0.38 0.00 8.00 2863241 0.63
25.08 0.01 0.38 0.00 8.00 2863261 0.63
25.08 0.01 0.38 0.00 8.00 2863281 0.63
25.08 0.01 0.38 0.00 8.00 2863301 0.63
25.08 0.01 0.38 0.00 8.00 2863321 0.63
25.08 0.01 0.38 0.00 8.00 2863341 0.63
25.08 0.01 0.38 0.00 8.00 2863361 0.63
25.08 0.01 0.38 0.00 8.00 2863381 0.63
25.08 0.01 0.38 0.00 8.00 2863401 0.63
25.08 0.01 0.38 0.00 8.00 2863421 0.63
25.08 0.01 0.38 0.00 8.00 2863441 0.63
25.08 0.01 0.38 0.00 8.00 2863461 0.63
25.08 0.01 0.38 0.00 8.00 2863481 0.63
25.08 0.01 0.38 0.00 8.00 2863501 0.63
25.08 0.01 0.38 0.00 8.00 2863521 0.63
25.08 0.01 0.38 0.00 8.00 2863541 0.63
25.08 0.01 0.38 0.00 8.00 2863561 0.63
25.08 0.01 0.38 0.00 8.00 2863581 0.63
25.08 0.01 0.38 0.00 8.00 2863601 0.63
25.08 0.01 0.38 0.00 8.00 2863621 0.63
25.08 0.01 0.38 0.00 8.00 2863641 0.63
25.08 0.01 0.38 0.00 8.00 2863661 0.63
25.08 0.01 0.38 0.00 8.00 2863681 0.63
25.08 0.01 0.38 0.00 8.00 2863701 0.63
25.08 0.01 0.38 0.00 8.00 2863721 0.63
25.08 0.01 0.38 0.00 8.00 2863741 0.63
25.08 0.01 0.38 0.00 8.00 2863761 0.63
25.08 0.01 0.38 0.00 8.00 2863781 0.63
25.08 0.01 0.38 0.00 8.00 2863801 0.63
25.08 0.01 0.38 0.00 8.00 2863821 0.63
25.08 0.01 0.38 0.00 8.00 2863841 0.63
25.08 0.01 0.38 0.00 8.00 2863861 0.63
25.08 0.01 0.38 0.00 8.00 2863881 0.63
25.08 0.01 0.38 0.00 8.00 2863901 0.63
25.08 0.01 0.38 0.00 8.00 2863921 0.63
25.08 0.01 0.38 0.00 8.00 2863941 0.63
25.08 0.01 0.38 0.00 8.00 2863961 0.63
25.08 0.01 0.38 0.00 8.00 2863981 0.63
25.08 0.01 0.38 0.00 8.00 2864001 0.63
25.08 0.01 0.38 0.00 8.00 2864021 0.63
25.08 0.01 0.38 0.00 8.00 2864041 0.63
25.08 0.01 0.38 0.00 8.00 2864061 0.63
25.08 0.01 0.38 0.00 8.00 2864081 0.63
25.08 0.01 0.38 0.00 8.00 2864101 0.63
25.08 0.01 0.38 0.00 8.00 2864121 0.63
25.08 0.01 0.38 0.00 8.00 2864141 0.63
25.08 0.01 0.38 0.00 8.00 2864161 0.63
25.08 0.01 0.38 0.00 8.00 2864181 0.63
25.08 0.01 0.38 0.00 8.00 2864201 0.63
25.08 0.01 0.38 0.00 8.00 2864221 0.63
25.08 0.01 0.38 0.00 8.00 2864241 0.63
25.08 0.01 0.38 0.00 8.00 2864261 0.63
25.08 0.01 0.38 0.00 8.00 2864281 0.63
25.08 0.01 0.38 0.00 8.00 2864301 0.63
25.08 0.01 0.38 0.00 8.00 2864321 0.63
25.08 0.01 0.38 0.00 8.00 2864341 0.63
25.08 0.01 0.38 0.00 8.00 2864361 0.63
25.08 0.01 0.38 0.00 8.00 2864381 0.63
25.08 0.01 0.38 0.00 8.00 2864401 0.63
25.08 0.01 0.38 0.00 8.00 2864421 0.63
25.08 0.01 0.38 0.00 8.00 2864441 0.63
25.08 0.01 0.38 0.00 8.00 2864461 0.63
25.08 0.01 0.38 0.00 8.00 2864481 0.63
25.08 0.01 0.38 0.00 8.00 2864501 0.63
25.08 0.01 0.38 0.00 8.00 2864521 0.63
25.08 0.01 0.38 0.00 8.00 2864541 0.63
25.08 0.01 0.38 0.00 8.00 2864561 0.63
25.08 0.01 0.38 0.00 8.00 2864581 0.63
25.08 0.01 0.38 0.00 8.00 2864601 0.63
25.08 0.01 0.38 0.00 8.00 2864621 0.63
25.08 0.01 0.38 0.00 8.00 2864641 0.63
25.08 0.01 0.38 0.00 8.00 2864661 0.63
25.08 0.01 0.38 0.00 8.00 2864681 0.63
25.08 0.01 0.38 0.00 8.00 2864701 0.63
25.08 0.01 0.38 0.00 8.00 2864721 0.63
25.08 0.01 0.38 0.00 8.00 2864741 0.63
25.08 0.01 0.38 0.00 8.00 2864761 0.63
25.08 0.01 0.38 0.00 8.00 2864781 0.63
25.08 0.01 0.38 0.00 8.00 2864801 0.63
25.08 0.01 0.38 0.00 8.00 2864821 0.47
25.08 0.01 0.38 0.00 8.00 2864841 0.47
25.08 0.01 0.38 0.00 8.00 2864861 0.47
25.08 0.01 0.38 0.00 8.00 2864881 0.47
25.08 0.01 0.38 0.00 8.00 2864901 0.47
25.06 0.36 9.02 0.00 8.00 2864921 0.47
25.06 0.36 9.02 0.00 8.00 2864941 0.47
25.06 0.36 9.02 0.00 8.00 2864961 0.47
25.06 0.36 9.02 0.00 8.00 2864981 0.47
25.01 2.63 65.70 0.00 8.00 2865001 0.47
25.01 2.63 65.70 0.00 8.00 2865021 0.47
25.01 2.63 65.70 5.41 8.00 2865041 0.47
24.98 4.25 106.11 5.41 8.00 2865061 0.47
24.98 4.25 106.11 5.41 8.00 2865081 0.47
24.98 4.25 106.11 5.41 8.00 2865101 0.47
24.98 4.25 106.11 5.41 8.00 2865121 0.47
24.96 5.38 134.23 5.41 8.00 2865141 0.47
24.96 5.38 134.23 5.36 8.00 2865161 0.47
24.96 5.38 134.23 5.36 8.00 2865181 0.47
24.96 5.73 143.01 5.36 8.00 2865201 0.47
24.96 5.73 143.01 5.36 8.00 2865221 0.47
24.96 5.73 143.01 5.34 8.00 2865241 0.47
24.96 5.73 143.01 5.34 8.00 2865261 0.47
24.95 5.96 148.72 5.34 8.00 2865281 0.47
24.95 5.96 148.72 5.33 8.00 2865301 0.47
24.95 5.96 148.72 5.33 8.00 2865321 0.47
24.95 5.96 148.72 5.32 8.00 2865341 0.47
24.95 5.90 147.36 5.32 8.00 2865361 0.47
24.95 5.90 147.36 5.31 8.00 2865381 0.47
24.95 5.90 147.36 5.31 8.00 2865401 0.47
24.95 5.88 146.67 5.31 8.00 2865421 0.47
24.95 5.88 146.67 5.31 8.00 2865441 0.47
24.95 5.88 146.67 5.31 8.00 2865461 0.47
24.95 5.88 146.67 5.31 8.00 2865481 0.47
24.96 5.74 143.33 5.31 8.00 2865501 0.47
24.96 5.74 143.33 5.31 8.00 2865521 0.47
24.96 5.74 143.33 5.31 8.00 2865541 0.47
24.96 5.74 143.33 5.31 8.00 2865561 0.47
24.96 5.60 139.85 5.31 8.00 2865581 0.47
24.96 5.60 139.85 5.32 8.00 2865601 0.47
24.96 5.60 139.85 5.32 8.00 2865621 0.47
24.97 5.43 135.62 5.32 8.00 2865641 0.47
24.97 5.43 135.62 5.33 8.00 2865661 0.47
24.97 5.43 135.62 5.33 8.00 2865681 0.47
24.97 5.43 135.62 5.34 8.00 2865701 0.47
24.97 5.34 133.44 5.35 8.00 2865721 0.47
24.97 5.34 133.44 5.35 8.00 2865741 0.47
24.97 5.34 133.44 5.35 8.00 2865761 0.47
24.97 5.24 130.91 5.36 8.00 2865781 0.47
24.97 5.24 130.91 5.37 8.00 2865801 0.47
24.97 5.24 130.91 5.38 8.00 2865821 0.47
24.97 5.24 130.91 5.39 8.00 2865841 0.47
24.97 5.17 129.23 5.40 8.00 2865861 0.47
24.97 5.17 129.23 5.41 8.00 2865881 0.47
24.97 5.17 129.23 5.42 8.00 2865901 0.47
24.97 5.17 129.23 5.43 8.00 2865921 0.47
24.97 5.03 125.74 5.44 8.00 2865941 0.47
24.97 5.03 125.74 5.45 8.00 2865961 0.47
24.97 5.03 125.74 5.47 8.00 2865981 0.47
24.98 4.94 123.50 5.48 8.00 2866001 0.47
24.98 4.94 123.50 5.49 8.00 2866021 0.47
24.98 4.94 123.50 5.51 8.00 2866041 0.47
24.98 4.94 123.50 5.52 8.00 2866061 0.47
24.98 4.88 121.82 5.54 8.00 2866081 0.47
24.98 4.88 121.82 5.55 8.00 2866101 0.47
24.98 4.88 121.82 5.57 8.00 2866121 0.47
24.98 4.80 119.96 5.61 8.00 2866141 0.47
24.98 4.80 119.96 5.62 8.00 2866161 0.47
24.98 4.80 119.96 5.65 8.00 2866181 0.47
24.98 4.80 119.96 5.67 8.00 2866201 0.47
24.98 4.70 117.47 5.69 8.00 2866221 0.47
24.98 4.70 117.47 5.75 8.00 2866241 0.47
24.98 4.70 117.47 5.78 8.00 2866261 0.47
24.98 4.70 117.47 5.81 8.00 2866281 0.47
24.98 4.60 114.92 5.88 8.00 2866301 0.47
24.98 4.60 114.92 5.92 8.00 2866321 0.47
24.98 4.60 114.92 5.96 8.00 2866341 0.47
24.99 4.48 112.00 6.08 8.00 2866361 0.47
24.99 4.48 112.00 6.17 8.00 2866381 0.47
24.99 4.48 112.00 44.13 8.00 2866401 0.47
24.99 4.48 112.00 50.34 8.00 2866421 0.47
24.99 4.43 110.63 52.29 8.00 2866441 0.47
24.99 4.43 110.63 55.57 8.00 2866461 0.47
24.99 4.43 110.63 56.92 8.00 2866481 0.47
24.99 4.43 110.63 58.25 8.00 2866501 0.47
24.99 4.31 107.70 60.75 8.00 2866521 0.47
24.99 4.31 107.70 61.83 8.00 2866541 0.47
24.99 4.31 107.70 63.94 8.00 2866561 0.47
24.99 4.24 105.90 65.89 8.00 2866581 0.47
24.99 4.24 105.90 66.80 8.00 2866601 0.47
24.99 4.24 105.90 68.65 8.00 2866621 0.47
24.99 4.24 105.90 69.49 8.00 2866641 0.47
24.99 4.16 103.91 71.16 8.00 2866661 0.47
24.99 4.16 103.91 71.97 8.00 2866681 0.47
24.99 4.16 103.91 73.50 8.00 2866701 0.47
24.99 4.05 101.29 75.03 8.00 2866721 0.47
24.99 4.05 101.29 75.79 8.00 2866741 0.47
24.99 4.05 101.29 77.14 8.00 2866761 0.47
24.99 4.05 101.29 78.50 8.00 2866781 0.47
24.99 4.01 100.23 79.17 8.00 2866801 0.47
24.99 4.01 100.23 80.54 8.00 2866821 0.47
24.99 4.01 100.23 81.84 8.00 2866841 0.47
24.99 4.01 100.23 82.48 8.00 2866861 0.47
25.00 3.96 98.92 83.69 8.00 2866881 0.47
25.00 3.96 98.92 84.81 8.00 2866901 0.47
25.00 3.96 98.92 86.07 8.00 2866921 0.47
25.00 3.87 96.81 86.70 8.00 2866941 0.47
25.00 3.87 96.81 87.73 8.00 2866961 0.47
25.00 3.87 96.81 88.85 8.00 2866981 0.47
25.00 3.87 96.81 89.92 8.00 2867001 0.47
25.00 3.82 95.43 90.94 8.00 2867021 0.47
25.00 3.82 95.43 91.56 8.00 2867041 0.47
25.00 3.82 95.43 92.61 8.00 2867061 0.47
25.00 3.72 93.12 93.48 8.00 2867081 0.47
25.00 3.72 93.13 94.53 8.00 2867101 0.47
25.00 3.72 93.13 95.46 8.00 2867121 0.47
25.00 3.72 93.13 96.41 8.00 2867141 0.47
25.00 3.67 91.82 97.37 8.00 2867161 0.47
25.00 3.67 91.82 98.26 8.00 2867181 0.47
25.00 3.67 91.82 99.14 8.00 2867201 0.47
25.00 3.67 91.82 100.00 8.00 2867221 0.47
25.00 3.59 89.83 100.92 8.00 2867241 0.47
25.00 3.59 89.83 101.76 8.00 2867261 0.48
25.00 3.59 89.83 102.60 8.00 2867281 0.48
25.00 3.60 89.95 103.48 8.00 2867301 0.49
25.00 3.60 89.95 104.30 8.00 2867321 0.49
25.00 3.60 89.95 105.14 8.00 2867341 0.50
25.00 3.60 89.95 105.93 8.00 2867361 0.50
24.99 3.91 97.85 106.67 8.00 2867381 0.50
24.99 3.91 97.85 107.47 8.00 2867401 0.51
24.99 3.91 97.85 108.29 8.00 2867421 0.51
24.99 3.91 97.85 109.06 8.00 2867441 0.52
24.98 4.52 112.85 109.85 8.00 2867461 0.52
24.98 4.52 112.85 110.55 8.00 2867481 0.52
24.98 4.52 112.85 111.39 8.00 2867501 0.53
24.96 5.38 134.42 112.53 8.00 2867521 0.53
24.96 5.38 134.42 113.30 8.00 2867541 0.53
24.96 5.38 134.42 114.03 8.00 2867561 0.54
24.96 5.38 134.42 114.81 8.00 2867581 0.54
24.94 6.21 154.96 115.65 8.00 2867601 0.54
24.94 6.21 154.96 116.76 8.00 2867621 0.54
24.94 6.21 154.96 117.56 8.00 2867641 0.54
24.93 6.89 171.88 118.35 8.00 2867661 0.54
24.93 6.89 171.88 119.56 8.00 2867681 0.55
24.93 6.89 171.88 120.39 8.00 2867701 0.55
24.93 6.89 171.88 121.27 8.00 2867721 0.55
24.92 7.53 187.62 122.43 8.00 2867741 0.55
24.92 7.53 187.62 123.27 8.00 2867761 0.55
24.92 7.53 187.62 124.14 8.00 2867781 0.55
24.92 7.53 187.62 125.44 8.00 2867801 0.55
24.91 7.80 194.39 126.35 8.00 2867821 0.55
24.91 7.80 194.39 127.63 8.00 2867841 0.55
24.91 7.80 194.39 128.50 8.00 2867861 0.55
24.91 8.01 199.53 129.95 8.00 2867881 0.55
24.91 8.01 199.53 130.84 8.00 2867901 0.55
24.91 8.01 199.53 132.27 8.00 2867921 0.55
24.91 8.01 199.53 133.16 8.00 2867941 0.55
24.91 8.01 199.53 134.51 8.00 2867961 0.55
24.91 8.01 199.53 135.91 8.00 2867981 0.55
24.91 8.01 199.53 136.79 8.00 2868001 0.55
24.91 8.01 199.53 138.08 8.00 2868021 0.55
24.91 7.95 198.04 139.45 8.00 2868041 0.55
24.91 7.95 198.04 140.38 8.00 2868061 0.55
24.91 7.95 198.04 141.88 8.00 2868081 0.55
24.91 7.87 196.20 143.18 8.00 2868101 0.55
24.91 7.87 196.20 144.01 8.00 2868121 0.55
24.91 7.87 196.20 145.34 8.00 2868141 0.55
24.91 7.87 196.20 146.69 8.00 2868161 0.55
24.92 7.70 191.81 148.00 8.00 2868181 0.55
24.92 7.70 191.81 149.23 8.00 2868201 0.55
24.92 7.70 191.81 150.54 8.00 2868221 0.55
24.92 7.62 189.94 151.45 8.00 2868241 0.55
24.92 7.62 189.94 152.60 8.00 2868261 0.55
24.92 7.62 189.94 153.74 8.00 2868281 0.55
24.92 7.62 189.94 155.02 8.00 2868301 0.55
24.92 7.59 189.13 156.09 8.00 2868321 0.55
24.92 7.59 189.13 157.34 8.00 2868341 0.55
24.92 7.59 189.13 158.54 8.00 2868361 0.55
24.92 7.59 189.13 159.71 8.00 2868381 0.55
24.92 7.58 189.01 160.77 8.00 2868401 0.56
24.92 7.58 189.01 162.04 8.00 2868421 0.56
24.92 7.58 189.01 162.98 8.00 2868441 0.56
24.92 7.51 187.08 164.13 8.00 2868461 0.56
24.92 7.51 187.08 165.31 8.00 2868481 0.56
24.92 7.51 187.08 166.31 8.00 2868501 0.56
24.92 7.51 187.08 167.34 8.00 2868521 0.56
24.92 7.46 185.93 168.42 8.00 2868541 0.56
24.92 7.46 185.93 169.77 8.00 2868561 0.56
24.92 7.46 185.93 170.82 8.00 2868581 0.56
24.92 7.48 186.49 171.91 8.00 2868601 0.56
24.92 7.48 186.47 172.97 8.00 2868621 0.56
24.92 7.48 186.47 173.90 8.00 2868641 0.56
24.92 7.48 186.47 175.39 8.00 2868661 0.56
24.92 7.46 185.84 176.17 8.00 2868681 0.56
24.92 7.46 185.84 177.12 8.00 2868701 0.56
24.92 7.46 185.84 178.21 8.00 2868721 0.56
24.92 7.46 185.84 179.35 8.00 2868741 0.56
24.92 7.52 187.40 180.56 8.00 2868761 0.56
24.92 7.52 187.40 181.38 8.00 2868781 0.56
24.92 7.52 187.40 182.58 8.00 2868801 0.57
24.92 7.45 185.73 183.55 8.00 2868821 0.57
24.92 7.45 185.73 184.75 8.00 2868841 0.57
24.92 7.45 185.73 185.74 8.00 2868861 0.57
24.92 7.45 185.73 186.68 8.00 2868881 0.57
24.92 7.41 184.74 187.81 8.00 2868901 0.57
24.92 7.41 184.74 188.64 8.00 2868921 0.57
24.92 7.41 184.74 189.85 8.00 2868941 0.57
24.92 7.41 184.74 190.86 8.00 2868961 0.57
24.92 7.50 186.91 191.87 8.00 2868981 0.57
24.92 7.50 186.91 192.96 8.00 2869001 0.57
24.92 7.50 186.91 193.99 8.00 2869021 0.57
24.92 7.49 186.66 195.08 8.00 2869041 0.57
24.92 7.49 186.66 195.92 8.00 2869061 0.57
24.92 7.49 186.66 197.20 8.00 2869081 0.57
24.92 7.49 186.66 197.90 8.00 2869101 0.57
24.92 7.57 188.57 198.99 8.00 2869121 0.57
24.92 7.57 188.57 200.22 8.00 2869141 0.57
24.92 7.57 188.57 200.92 8.00 2869161 0.57
24.92 7.54 188.02 202.16 8.00 2869181 0.58
24.92 7.54 188.02 203.18 8.00 2869201 0.58
24.92 7.54 188.02 203.93 8.00 2869221 0.58
24.92 7.54 188.02 204.97 8.00 2869241 0.58
24.92 7.48 186.47 206.11 8.00 2869261 0.58
24.92 7.48 186.47 207.39 8.00 2869281 0.58
24.92 7.48 186.47 208.01 8.00 2869301 0.58
24.92 7.48 186.47 209.01 8.00 2869321 0.58
24.92 7.48 186.34 210.16 8.00 2869341 0.58
24.92 7.48 186.34 211.03 8.00 2869361 0.58
24.92 7.48 186.34 212.05 8.00 2869381 0.58
24.92 7.48 186.53 213.04 8.00 2869401 0.58
24.92 7.48 186.53 214.13 8.00 2869421 0.58
24.92 7.48 186.53 215.03 8.00 2869441 0.58
24.92 7.48 186.53 215.78 8.00 2869461 0.58
24.92 7.54 187.89 216.80 8.00 2869481 0.58
24.92 7.54 187.89 217.87 8.00 2869501 0.58
24.92 7.54 187.89 218.76 8.00 2869521 0.58
24.92 7.54 187.89 219.81 8.00 2869541 0.58
24.92 7.54 188.02 220.97 8.00 2869561 0.58
24.92 7.54 188.02 221.60 8.00 2869581 0.59
24.92 7.54 188.02 222.67 8.00 2869601 0.59
24.92 7.52 187.35 223.49 8.00 2869621 0.59
24.92 7.52 187.35 224.94 8.00 2869641 0.59
24.92 7.52 187.35 225.80 8.00 2869661 0.59
24.92 7.52 187.35 226.75 8.00 2869681 0.59
24.92 7.54 187.83 227.57 8.00 2869701 0.59
24.92 7.54 187.83 228.49 8.00 2869721 0.59
24.92 7.54 187.83 229.46 8.00 2869741 0.59
24.92 7.57 188.63 230.23 8.00 2869761 0.59
24.92 7.57 188.63 231.27 8.00 2869781 0.59
24.92 7.57 188.63 232.41 8.00 2869801 0.59
24.92 7.57 188.63 233.26 8.00 2869821 0.59
24.92 7.58 188.81 234.28 8.00 2869841 0.59
24.92 7.58 188.81 235.01 8.00 2869861 0.59
24.92 7.58 188.81 236.14 8.00 2869881 0.59
24.92 7.58 188.81 237.19 8.00 2869901 0.59
24.92 7.67 191.06 237.92 8.00 2869921 0.59
24.92 7.67 191.06 238.93 8.00 2869941 0.59
24.92 7.67 191.06 239.78 8.00 2869961 0.59
24.92 7.52 187.46 240.70 8.00 2869981 0.59
24.92 7.52 187.46 241.82 8.00 2870001 0.59
24.92 7.52 187.46 242.44 8.00 2870021 0.59
24.92 7.52 187.46 243.37 8.00 2870041 0.60
24.92 7.48 186.46 244.53 8.00 2870061 0.60
24.92 7.48 186.46 245.44 8.00 2870081 0.60
24.92 7.48 186.46 246.42 8.00 2870101 0.60
24.92 7.69 191.76 247.21 8.00 2870121 0.60
24.92 7.69 191.73 248.23 8.00 2870141 0.60
24.92 7.69 191.73 249.06 8.00 2870161 0.60
24.92 7.69 191.73 250.17 8.00 2870181 0.60
24.92 7.65 190.62 251.01 8.00 2870201 0.60
24.92 7.65 190.62 251.93 8.00 2870221 0.60
24.92 7.65 190.62 252.60 8.00 2870241 0.60
24.92 7.65 190.62 253.58 8.00 2870261 0.60
24.92 7.69 191.54 254.48 8.00 2870281 0.60
24.92 7.69 191.54 255.45 8.00 2870301 0.60
24.92 7.69 191.54 256.53 8.00 2870321 0.60
24.92 7.59 189.20 257.29 8.00 2870341 0.60
24.92 7.59 189.20 258.31 8.00 2870361 0.60
24.92 7.59 189.20 259.47 8.00 2870381 0.60
24.92 7.59 189.20 259.99 8.00 2870401 0.60
24.92 7.55 188.21 260.98 8.00 2870421 0.60
24.92 7.55 188.21 261.91 8.00 2870441 0.60
24.92 7.55 188.21 262.63 8.00 2870461 0.60
24.92 7.55 188.21 263.65 8.00 2870481 0.60
24.92 7.62 189.87 264.54 8.00 2870501 0.60
24.92 7.62 189.87 265.56 8.00 2870521 0.60
24.92 7.62 189.87 266.17 8.00 2870541 0.60
24.92 7.56 188.40 267.19 8.00 2870561 0.61
24.92 7.56 188.40 268.03 8.00 2870581 0.61
24.92 7.56 188.40 268.64 8.00 2870601 0.61
24.92 7.56 188.40 269.87 8.00 2870621 0.61
24.92 7.59 189.27 270.53 8.00 2870641 0.61
24.92 7.59 189.27 271.59 8.00 2870661 0.61
24.92 7.59 189.27 272.39 8.00 2870681 0.61
24.92 7.46 186.04 273.35 8.00 2870701 0.61
24.92 7.46 186.04 274.16 8.00 2870721 0.61
24.92 7.46 186.04 275.13 8.00 2870741 0.61
24.92 7.46 186.04 275.99 8.00 2870761 0.61
24.92 7.48 186.45 276.73 8.00 2870781 0.61
24.92 7.48 186.45 277.68 8.00 2870801 0.61
24.92 7.48 186.45 278.52 8.00 2870821 0.61
24.92 7.48 186.45 279.48 8.00 2870841 0.61
24.92 7.58 189.01 280.20 8.00 2870861 0.61
24.92 7.58 189.01 281.06 8.00 2870881 0.61
24.92 7.58 189.01 281.83 8.00 2870901 0.61
24.92 7.63 190.07 282.76 8.00 2870921 0.61
24.92 7.63 190.07 283.72 8.00 2870941 0.61
24.92 7.63 190.07 284.51 8.00 2870961 0.61
24.92 7.63 190.07 285.38 8.00 2870981 0.61
24.92 7.59 189.07 286.41 8.00 2871001 0.62
24.92 7.59 189.07 287.40 8.00 2871021 0.62
24.92 7.59 189.07 288.01 8.00 2871041 0.62
24.92 7.59 189.07 288.80 8.00 2871061 0.62
24.92 7.51 187.26 289.58 8.00 2871081 0.62
24.92 7.51 187.26 290.30 8.00 2871101 0.62
24.92 7.51 187.26 291.54 8.00 2871121 0.62
24.92 7.51 187.28 292.20 8.00 2871141 0.62
24.92 7.51 187.28 293.00 8.00 2871161 0.62
24.92 7.51 187.28 293.81 8.00 2871181 0.62
24.92 7.51 187.28 294.61 8.00 2871201 0.62
24.92 7.53 187.65 295.36 8.00 2871221 0.62
24.92 7.53 187.65 296.38 8.00 2871241 0.62
24.92 7.53 187.65 297.25 8.00 2871261 0.62
24.92 7.51 187.16 297.99 8.00 2871281 0.62
24.92 7.51 187.16 298.80 8.00 2871301 0.62
24.92 7.51 187.16 299.68 8.00 2871321 0.62
24.92 7.51 187.16 300.51 8.00 2871341 0.62
24.92 7.63 190.18 301.38 8.00 2871361 0.62
24.92 7.63 190.18 302.25 8.00 2871381 0.62
24.92 7.63 190.18 303.07 8.00 2871401 0.62
24.92 7.63 190.18 303.93 8.00 2871421 0.62
24.92 7.58 188.96 304.49 8.00 2871441 0.63
24.92 7.58 188.96 305.41 8.00 2871461 0.63
24.92 7.58 188.96 306.25 8.00 2871481 0.63
24.92 7.55 188.14 307.05 8.00 2871501 0.63
24.92 7.55 188.14 308.00 8.00 2871521 0.63
24.92 7.55 188.14 308.82 8.00 2871541 0.63
24.92 7.55 188.14 309.61 8.00 2871561 0.63
24.92 7.57 188.64 310.21 8.00 2871581 0.63
24.92 7.57 188.64 311.34 8.00 2871601 0.63
24.92 7.57 188.64 312.12 8.00 2871621 0.63
24.92 7.61 189.69 312.96 8.00 2871641 0.63
24.92 7.61 189.69 313.66 8.00 2871661 0.63
24.92 7.61 189.69 314.59 8.00 2871681 0.63
24.92 7.61 189.69 315.14 8.00 2871701 0.63
24.92 7.65 190.61 316.15 8.00 2871721 0.63
24.92 7.65 190.61 316.98 8.00 2871741 0.63
24.92 7.65 190.61 317.75 8.00 2871761 0.63
24.92 7.65 190.61 318.70 8.00 2871781 0.63
24.92 7.61 189.68 319.23 8.00 2871801 0.63
24.92 7.61 189.68 320.12 8.00 2871821 0.63
24.92 7.61 189.68 320.90 8.00 2871841 0.63
24.92 7.65 190.55 321.83 8.00 2871861 0.63
24.92 7.65 190.55 322.65 8.00 2871881 0.63
24.92 7.65 190.55 323.26 8.00 2871901 0.63
24.92 7.65 190.55 324.28 8.00 2871921 0.63
24.91 7.67 191.22 324.92 8.00 2871941 0.63
24.91 7.67 191.22 325.93 8.00 2871961 0.64
24.91 7.67 191.22 326.54 8.00 2871981 0.64
24.91 7.67 191.22 327.42 8.00 2872001 0.64
24.92 7.71 192.06 328.20 8.00 2872021 0.64
24.92 7.71 192.06 328.89 8.00 2872041 0.64
24.92 7.71 192.06 329.49 8.00 2872061 0.64
24.92 7.57 188.76 330.62 8.00 2872081 0.64
24.92 7.57 188.76 331.41 8.00 2872101 0.64
24.92 7.57 188.76 332.21 8.00 2872121 0.64
24.92 7.57 188.76 332.80 8.00 2872141 0.64
24.92 7.52 187.46 333.95 8.00 2872161 0.64
24.92 7.52 187.46 334.50 8.00 2872181 0.64
24.92 7.52 187.46 335.20 8.00 2872201 0.64
24.92 7.48 186.48 336.20 8.00 2872221 0.64
24.92 7.48 186.48 336.98 8.00 2872241 0.64
24.92 7.48 186.48 337.66 8.00 2872261 0.64
24.92 7.48 186.48 338.42 8.00 2872281 0.64
24.92 7.63 190.06 339.24 8.00 2872301 0.64
24.92 7.63 190.06 339.79 8.00 2872321 0.64
24.92 7.63 190.06 340.75 8.00 2872341 0.64
24.92 7.63 190.06 341.24 8.00 2872361 0.64
24.92 7.61 189.63 342.25 8.00 2872381 0.64
24.92 7.61 189.63 343.06 8.00 2872401 0.64
24.92 7.61 189.63 343.72 8.00 2872421 0.64
24.92 7.60 189.44 344.52 8.00 2872441 0.64
24.92 7.60 189.44 345.36 8.00 2872461 0.65
24.92 7.60 189.44 346.21 8.00 2872481 0.65
24.92 7.60 189.44 346.73 8.00 2872501 0.65
24.92 7.56 188.46 347.65 8.00 2872521 0.65
24.92 7.56 188.46 348.35 8.00 2872541 0.65
24.92 7.56 188.46 349.23 8.00 2872561 0.65
24.92 7.56 188.46 349.80 8.00 2872581 0.65
24.92 7.52 187.52 350.62 8.00 2872601 0.65
24.92 7.52 187.52 351.55 8.00 2872621 0.65
24.92 7.52 187.52 352.24 8.00 2872641 0.65
24.92 7.55 188.20 353.17 8.00 2872661 0.65
24.92 7.55 188.20 353.73 8.00 2872681 0.65
24.92 7.55 188.20 354.40 8.00 2872701 0.65
24.92 7.55 188.20 355.23 8.00 2872721 0.65
24.92 7.65 190.68 356.06 8.00 2872741 0.65
24.92 7.65 190.68 356.62 8.00 2872761 0.65
24.92 7.65 190.68 357.56 8.00 2872781 0.65
24.92 7.67 191.17 358.24 8.00 2872801 0.65
24.92 7.67 191.17 358.89 8.00 2872821 0.65
24.92 7.67 191.17 359.56 8.00 2872841 0.65
24.92 7.67 191.17 360.67 8.00 2872861 0.65
24.92 7.56 188.40 361.15 8.00 2872881 0.65
24.92 7.56 188.40 361.89 8.00 2872901 0.65
24.92 7.56 188.40 362.81 8.00 2872921 0.65
24.92 7.56 188.40 363.36 8.00 2872941 0.66
24.92 7.51 187.21 364.36 8.00 2872961 0.66
24.92 7.51 187.21 364.97 8.00 2872981 0.66
24.92 7.51 187.21 365.94 8.00 2873001 0.66
24.92 7.61 189.62 366.52 8.00 2873021 0.66
24.92 7.61 189.62 367.23 8.00 2873041 0.66
24.92 7.61 189.62 367.83 8.00 2873061 0.66
24.92 7.61 189.62 368.79 8.00 2873081 0.66
24.92 7.61 189.58 369.44 8.00 2873101 0.66
24.92 7.61 189.58 370.28 8.00 2873121 0.66
24.92 7.61 189.58 370.90 8.00 2873141 0.66
24.92 7.56 188.38 371.79 8.00 2873161 0.66
24.92 7.56 188.38 372.43 8.00 2873181 0.66
24.92 7.56 188.38 373.14 8.00 2873201 0.66
24.92 7.56 188.38 374.09 8.00 2873221 0.66
24.92 7.66 190.86 374.59 8.00 2873241 0.66
24.92 7.66 190.86 374.95 8.00 2873261 0.66
24.92 7.66 190.86 375.94 8.00 2873281 0.66
24.92 7.66 190.86 376.92 8.00 2873301 0.66
24.92 7.67 191.23 377.64 8.00 2873321 0.66
24.92 7.67 191.23 378.43 8.00 2873341 0.66
24.92 7.67 191.23 378.79 8.00 2873361 0.66
24.92 7.67 191.17 379.74 8.00 2873381 0.66
24.92 7.67 191.17 380.50 8.00 2873401 0.66
24.92 7.67 191.17 381.23 8.00 2873421 0.66
24.92 7.67 191.17 381.90 8.00 2873441 0.66
24.92 7.65 190.62 382.82 8.00 2873461 0.67
24.92 7.65 190.62 383.33 8.00 2873481 0.67
24.92 7.65 190.62 384.13 8.00 2873501 0.67
24.92 7.65 190.62 384.83 8.00 2873521 0.67
24.92 7.63 190.12 385.57 8.00 2873541 0.67
24.92 7.63 190.12 386.30 8.00 2873561 0.67
24.92 7.63 190.12 386.87 8.00 2873581 0.67
24.92 7.54 187.90 387.64 8.00 2873601 0.67
24.92 7.54 187.90 388.35 8.00 2873621 0.67
24.92 7.54 187.90 389.24 8.00 2873641 0.67
24.92 7.54 187.90 390.10 8.00 2873661 0.67
24.92 7.55 188.13 390.29 8.00 2873681 0.67
24.92 7.55 188.13 391.21 8.00 2873701 0.67
24.92 7.55 188.13 391.85 8.00 2873721 0.67
24.92 7.61 189.63 392.55 8.00 2873741 0.67
24.92 7.61 189.63 393.39 8.00 2873761 0.67
24.92 7.61 189.63 394.13 8.00 2873781 0.67
24.92 7.61 189.63 395.00 8.00 2873801 0.67
24.92 7.57 188.69 395.79 8.00 2873821 0.67
24.92 7.57 188.69 396.13 8.00 2873841 0.67
24.92 7.57 188.69 397.03 8.00 2873861 0.67
24.92 7.57 188.69 397.66 8.00 2873881 0.67
24.92 7.62 190.00 398.40 8.00 2873901 0.67
24.92 7.62 190.00 398.99 8.00 2873921 0.67
24.92 7.62 190.00 400.00 8.00 2873941 0.67
24.92 7.67 191.05 400.42 8.00 2873961 0.68
24.92 7.67 191.05 401.31 8.00 2873981 0.68
24.92 7.67 191.05 401.93 8.00 2874001 0.68
24.92 7.67 191.05 402.39 8.00 2874021 0.68
24.92 7.66 190.98 403.29 8.00 2874041 0.68
24.92 7.66 190.98 403.91 8.00 2874061 0.68
24.92 7.66 190.98 404.76 8.00 2874081 0.68
24.92 7.66 190.98 405.59 8.00 2874101 0.68
24.92 7.66 190.88 406.09 8.00 2874121 0.68
24.92 7.66 190.88 407.04 8.00 2874141 0.68
24.92 7.66 190.88 407.38 8.00 2874161 0.68
24.92 7.67 191.23 408.14 8.00 2874181 0.68
24.92 7.67 191.23 408.84 8.00 2874201 0.68
24.92 7.67 191.23 409.87 8.00 2874221 0.68
24.92 7.67 191.23 410.16 8.00 2874241 0.68
24.92 7.69 191.54 411.16 8.00 2874261 0.68
24.92 7.69 191.54 411.91 8.00 2874281 0.68
24.92 7.69 191.54 412.03 8.00 2874301 0.68
24.92 7.64 190.32 412.91 8.00 2874321 0.68
24.92 7.64 190.32 413.73 8.00 2874341 0.68
24.92 7.64 190.32 414.52 8.00 2874361 0.68
24.92 7.64 190.32 415.12 8.00 2874381 0.68
24.92 7.61 189.62 416.06 8.00 2874401 0.68
24.92 7.61 189.62 416.71 8.00 2874421 0.68
24.92 7.61 189.62 417.17 8.00 2874441 0.68
24.92 7.61 189.62 418.00 8.00 2874461 0.68
24.92 7.66 190.99 418.36 8.00 2874481 0.68
24.92 7.66 190.99 419.38 8.00 2874501 0.68
24.92 7.66 190.99 419.79 8.00 2874521 0.68
24.92 7.66 190.87 420.85 8.00 2874541 0.69
24.92 7.66 190.87 421.57 8.00 2874561 0.69
24.92 7.66 190.87 421.84 8.00 2874581 0.69
24.92 7.66 190.87 422.58 8.00 2874601 0.69
24.92 7.60 189.32 423.46 8.00 2874621 0.69
24.92 7.60 189.32 424.27 8.00 2874641 0.69
24.92 7.60 189.32 424.78 8.00 2874661 0.69
24.92 7.61 189.75 425.49 8.00 2874681 0.69
24.92 7.61 189.75 425.99 8.00 2874701 0.69
24.92 7.61 189.75 427.05 8.00 2874721 0.69
24.92 7.61 189.75 427.64 8.00 2874741 0.69
24.92 7.64 190.31 428.03 8.00 2874761 0.69
24.92 7.64 190.31 428.74 8.00 2874781 0.69
24.92 7.64 190.31 429.57 8.00 2874801 0.69
24.92 7.64 190.31 430.27 8.00 2874821 0.69
24.92 7.59 189.05 430.94 8.00 2874841 0.69
24.92 7.59 189.05 431.62 8.00 2874861 0.69
24.92 7.59 189.05 432.24 8.00 2874881 0.69
24.92 7.59 189.08 433.00 8.00 2874901 0.69
24.92 7.59 189.08 433.58 8.00 2874921 0.69
24.92 7.59 189.08 434.18 8.00 2874941 0.69
24.92 7.59 189.08 434.60 8.00 2874961 0.69
24.92 7.60 189.31 435.60 8.00 2874981 0.69
24.92 7.60 189.31 436.22 8.00 2875001 0.69
24.92 7.60 189.31 436.87 8.00 2875021 0.69
24.92 7.60 189.31 437.39 8.00 2875041 0.69
24.92 7.61 189.62 437.94 8.00 2875061 0.70
24.92 7.61 189.62 438.87 8.00 2875081 0.70
24.92 7.61 189.62 439.61 8.00 2875101 0.70
24.92 7.70 191.92 440.20 8.00 2875121 0.70
24.92 7.70 191.92 440.91 8.00 2875141 0.70
24.92 7.70 191.92 441.40 8.00 2875161 0.70
24.92 7.70 191.92 442.03 8.00 2875181 0.70
24.92 7.63 190.25 442.57 8.00 2875201 0.70
24.92 7.63 190.25 443.37 8.00 2875221 0.70
24.92 7.63 190.25 444.10 8.00 2875241 0.70
24.91 7.77 193.52 444.63 8.00 2875261 0.70
24.91 7.77 193.52 445.47 8.00 2875281 0.70
24.91 7.77 193.52 446.03 8.00 2875301 0.70
24.91 7.77 193.52 446.84 8.00 2875321 0.70
24.91 7.78 193.90 447.42 8.00 2875341 0.70
24.91 7.78 193.90 448.11 8.00 2875361 0.70
24.91 7.78 193.90 448.83 8.00 2875381 0.70
24.91 7.78 193.90 449.47 8.00 2875401 0.70
24.92 7.58 189.00 449.98 8.00 2875421 0.70
24.92 7.58 189.00 450.76 8.00 2875441 0.70
24.92 7.58 189.00 451.42 8.00 2875461 0.70
24.92 7.63 190.18 452.08 8.00 2875481 0.70
24.92 7.63 190.18 452.48 8.00 2875501 0.70
24.92 7.63 190.18 453.37 8.00 2875521 0.70
24.92 7.63 190.18 453.81 8.00 2875541 0.70
24.91 7.73 192.66 454.17 8.00 2875561 0.70
24.91 7.73 192.66 455.07 8.00 2875581 0.70
24.91 7.73 192.66 455.74 8.00 2875601 0.70
24.91 7.73 192.66 456.73 8.00 2875621 0.70
24.91 7.76 193.39 456.92 8.00 2875641 0.70
24.91 7.76 193.39 457.90 8.00 2875661 0.70
24.91 7.76 193.39 458.62 8.00 2875681 0.70
24.92 7.73 192.61 459.49 8.00 2875701 0.70
24.92 7.73 192.61 460.07 8.00 2875721 0.71
24.92 7.73 192.61 460.17 8.00 2875741 0.71
24.92 7.73 192.61 461.30 8.00 2875761 0.71
24.92 7.63 190.17 461.79 8.00 2875781 0.71
24.92 7.63 190.17 462.67 8.00 2875801 0.71
24.92 7.63 190.17 463.42 8.00 2875821 0.71
24.92 7.46 185.91 463.40 8.00 2875841 0.71
24.92 7.46 185.91 464.39 8.00 2875861 0.71
24.92 7.46 185.91 464.78 8.00 2875881 0.71
24.92 7.46 185.91 465.53 8.00 2875901 0.71
24.92 7.40 184.47 466.22 8.00 2875921 0.71
24.92 7.40 184.47 466.82 8.00 2875941 0.71
24.92 7.40 184.47 467.32 8.00 2875961 0.71
24.92 7.40 184.47 468.04 8.00 2875981 0.71
24.92 7.53 187.75 468.63 8.00 2876001 0.71
24.92 7.53 187.75 469.26 8.00 2876021 0.71
24.92 7.53 187.75 469.71 8.00 2876041 0.71
24.92 7.66 190.87 470.45 8.00 2876061 0.71
24.92 7.66 190.87 471.29 8.00 2876081 0.71
24.92 7.66 190.87 471.69 8.00 2876101 0.71
24.92 7.66 190.87 472.33 8.00 2876121 0.71
24.91 7.77 193.70 472.92 8.00 2876141 0.71
24.91 7.77 193.70 473.98 8.00 2876161 0.71
24.91 7.77 193.70 474.39 8.00 2876181 0.71
24.92 7.72 192.35 475.10 8.00 2876201 0.72
24.92 7.72 192.35 475.65 8.00 2876221 0.72
24.92 7.72 192.35 476.42 8.00 2876241 0.72
24.92 7.72 192.35 476.96 8.00 2876261 0.72
24.92 7.68 191.37 477.40 8.00 2876281 0.72
24.92 7.68 191.37 478.29 8.00 2876301 0.72
24.92 7.68 191.37 478.89 8.00 2876321 0.72
24.92 7.68 191.37 479.45 8.00 2876341 0.72
24.92 7.70 191.93 479.97 8.00 2876361 0.72
24.92 7.70 191.93 480.50 8.00 2876381 0.72
24.92 7.70 191.93 481.45 8.00 2876401 0.72
24.92 7.54 188.03 482.06 8.00 2876421 0.72
24.92 7.54 188.03 482.65 8.00 2876441 0.72
24.92 7.54 188.03 482.98 8.00 2876461 0.72
24.92 7.54 188.03 483.66 8.00 2876481 0.72
24.92 7.55 188.13 484.25 8.00 2876501 0.72
24.92 7.55 188.13 485.11 8.00 2876521 0.72
24.92 7.55 188.13 485.70 8.00 2876541 0.72
24.92 7.55 188.13 486.29 8.00 2876561 0.72
24.92 7.65 190.74 486.74 8.00 2876581 0.72
24.92 7.65 190.74 487.52 8.00 2876601 0.72
24.92 7.65 190.74 488.20 8.00 2876621 0.72
24.91 7.68 191.28 488.97 8.00 2876641 0.72
24.91 7.68 191.28 489.14 8.00 2876661 0.72
24.91 7.68 191.28 489.70 8.00 2876681 0.72
24.91 7.68 191.28 490.42 8.00 2876701 0.72
24.92 7.70 191.98 491.18 8.00 2876721 0.72
24.92 7.70 191.98 491.82 8.00 2876741 0.72
24.92 7.70 191.98 492.49 8.00 2876761 0.72
24.92 7.70 191.98 492.89 8.00 2876781 0.73
24.92 7.70 191.98 493.90 8.00 2876801 0.73
24.92 7.70 191.98 494.62 8.00 2876821 0.73
24.92 7.70 191.98 494.29 8.00 2876841 0.73
24.92 7.67 191.05 495.63 8.00 2876861 0.73
24.92 7.67 191.05 496.09 8.00 2876881 0.73
24.92 7.67 191.05 496.64 8.00 2876901 0.73
24.92 7.67 191.05 497.28 8.00 2876921 0.73
24.91 7.75 193.08 497.72 8.00 2876941 0.73
24.91 7.75 193.08 498.91 8.00 2876961 0.73
24.91 7.75 193.08 498.97 8.00 2876981 0.73
24.92 7.62 189.93 499.44 8.00 2877001 0.73
24.92 7.62 189.93 500.44 8.00 2877021 0.73
24.92 7.62 189.93 501.04 8.00 2877041 0.73
24.92 7.62 189.93 501.50 8.00 2877061 0.73
24.92 7.57 188.63 501.80 8.00 2877081 0.73
24.92 7.57 188.63 503.12 8.00 2877101 0.73
24.92 7.57 188.63 503.63 8.00 2877121 0.73
24.92 7.51 187.19 504.10 8.00 2877141 0.73
24.92 7.51 187.20 504.46 8.00 2877161 0.73
24.92 7.51 187.20 505.14 8.00 2877181 0.73
24.92 7.51 187.20 506.26 8.00 2877201 0.73
24.92 7.56 188.51 506.29 8.00 2877221 0.73
24.92 7.56 188.51 506.72 8.00 2877241 0.73
24.92 7.56 188.51 507.57 8.00 2877261 0.73
24.92 7.56 188.51 508.12 8.00 2877281 0.73
24.92 7.61 189.62 508.98 8.00 2877301 0.74
24.92 7.61 189.62 508.90 8.00 2877321 0.74
24.92 7.61 189.62 509.74 8.00 2877341 0.74
24.91 7.69 191.72 510.72 8.00 2877361 0.74
24.91 7.69 191.72 511.02 8.00 2877381 0.74
24.91 7.69 191.72 511.74 8.00 2877401 0.74
24.91 7.69 191.72 512.49 8.00 2877421 0.74
24.91 7.76 193.33 513.49 8.00 2877441 0.74
24.91 7.76 193.33 513.51 8.00 2877461 0.74
24.91 7.76 193.33 514.00 8.00 2877481 0.74
24.91 7.76 193.33 514.73 8.00 2877501 0.74
24.92 7.71 192.10 515.48 8.00 2877521 0.74
24.92 7.71 192.10 515.90 8.00 2877541 0.74
24.92 7.71 192.10 516.07 8.00 2877561 0.74
24.92 7.68 191.43 517.04 8.00 2877581 0.74
24.92 7.68 191.43 517.50 8.00 2877601 0.74
24.92 7.68 191.43 518.11 8.00 2877621 0.74
24.92 7.68 191.43 519.00 8.00 2877641 0.74
24.91 7.79 194.20 519.28 8.00 2877661 0.74
24.91 7.79 194.20 519.64 8.00 2877681 0.74
24.91 7.79 194.20 520.57 8.00 2877701 0.74
24.92 7.73 192.66 520.98 8.00 2877721 0.74
24.92 7.73 192.66 521.77 8.00 2877741 0.74
24.92 7.73 192.66 522.64 8.00 2877761 0.74
24.92 7.73 192.66 523.04 8.00 2877781 0.74
24.91 7.78 193.82 523.67 8.00 2877801 0.74
24.91 7.78 193.82 524.08 8.00 2877821 0.74
24.91 7.78 193.82 524.79 8.00 2877841 0.74
24.91 7.78 193.82 525.55 8.00 2877861 0.74
24.91 7.75 193.02 525.58 8.00 2877881 0.74
24.91 7.75 193.02 526.58 8.00 2877901 0.74
24.91 7.75 193.02 527.53 8.00 2877921 0.74
24.92 7.70 191.98 527.91 8.00 2877941 0.74
24.92 7.70 191.98 528.21 8.00 2877961 0.74
24.92 7.70 191.98 529.25 8.00 2877981 0.74
24.92 7.70 191.98 529.66 8.00 2878001 0.74
24.92 7.65 190.74 530.16 8.00 2878021 0.75
24.92 7.65 190.74 530.71 8.00 2878041 0.75
24.92 7.65 190.74 531.68 8.00 2878061 0.75
24.92 7.65 190.74 531.83 8.00 2878081 0.75
24.92 7.60 189.44 532.42 8.00 2878101 0.75
24.92 7.60 189.44 533.45 8.00 2878121 0.75
24.92 7.60 189.44 533.97 8.00 2878141 0.75
24.92 7.62 189.87 534.05 8.00 2878161 0.75
24.92 7.62 189.87 534.74 8.00 2878181 0.75
24.92 7.62 189.87 534.97 8.00 2878201 0.75
24.92 7.62 189.87 535.86 8.00 2878221 0.75
24.92 7.60 189.44 536.28 8.00 2878241 0.75
24.92 7.60 189.44 536.92 8.00 2878261 0.75
24.92 7.60 189.44 537.83 8.00 2878281 0.75
24.92 7.60 189.44 538.05 8.00 2878301 0.75
24.92 7.60 189.44 538.79 8.00 2878321 0.75
24.92 7.60 189.44 539.09 8.00 2878341 0.75
24.92 7.60 189.44 540.47 8.00 2878361 0.75
24.92 7.64 190.43 540.21 8.00 2878381 0.75
24.92 7.64 190.43 540.84 8.00 2878401 0.75
24.92 7.64 190.43 541.45 8.00 2878421 0.75
24.92 7.64 190.43 542.27 8.00 2878441 0.75
24.91 7.65 190.54 542.48 8.00 2878461 0.75
24.91 7.65 190.54 542.72 8.00 2878481 0.75
24.91 7.65 190.54 543.90 8.00 2878501 0.75
24.92 7.69 191.54 544.38 8.00 2878521 0.75
24.92 7.69 191.54 544.90 8.00 2878541 0.75
24.92 7.69 191.54 545.60 8.00 2878561 0.76
24.92 7.69 191.54 546.10 8.00 2878581 0.76
24.92 7.67 191.23 546.50 8.00 2878601 0.76
24.92 7.67 191.23 547.07 8.00 2878621 0.76
24.92 7.67 191.23 547.63 8.00 2878641 0.76
24.92 7.66 190.80 548.01 8.00 2878661 0.76
24.92 7.66 190.82 549.18 8.00 2878681 0.76
24.92 7.66 190.82 549.85 8.00 2878701 0.76
24.92 7.66 190.82 550.01 8.00 2878721 0.76
24.92 7.69 191.61 550.55 8.00 2878741 0.76
24.92 7.69 191.61 551.29 8.00 2878761 0.76
24.92 7.69 191.61 551.95 8.00 2878781 0.76
24.92 7.69 191.61 552.44 8.00 2878801 0.76
24.92 7.68 191.48 553.60 8.00 2878821 0.76
24.92 7.68 191.48 553.08 8.00 2878841 0.76
24.92 7.68 191.48 553.84 8.00 2878861 0.76
24.92 7.62 189.93 554.33 8.00 2878881 0.76
24.92 7.62 189.93 554.60 8.00 2878901 0.76
24.92 7.62 189.93 555.33 8.00 2878921 0.76
24.92 7.62 189.93 556.18 8.00 2878941 0.76
24.91 7.72 192.28 556.62 8.00 2878961 0.76
24.91 7.72 192.28 557.07 8.00 2878981 0.76
24.91 7.72 192.28 557.90 8.00 2879001 0.76
24.91 7.72 192.28 558.64 8.00 2879021 0.76
24.91 7.72 192.47 558.93 8.00 2879041 0.76
24.91 7.72 192.47 559.82 8.00 2879061 0.76
24.91 7.72 192.47 560.00 8.00 2879081 0.76
24.92 7.70 191.86 560.75 8.00 2879101 0.76
24.92 7.70 191.86 561.47 8.00 2879121 0.76
24.92 7.70 191.86 561.67 8.00 2879141 0.76
24.92 7.70 191.86 562.32 8.00 2879161 0.76
24.92 7.70 191.92 562.69 8.00 2879181 0.76
24.92 7.70 191.92 563.53 8.00 2879201 0.77
24.92 7.70 191.92 564.41 8.00 2879221 0.77
24.91 7.75 193.03 564.73 8.00 2879241 0.77
24.91 7.75 193.03 565.05 8.00 2879261 0.77
24.91 7.75 193.03 565.57 8.00 2879281 0.77
24.91 7.75 193.03 566.32 8.00 2879301 0.77
24.91 7.73 192.72 567.03 8.00 2879321 0.77
24.91 7.73 192.72 567.17 8.00 2879341 0.77
24.91 7.73 192.72 568.08 8.00 2879361 0.77
24.91 7.73 192.72 568.63 8.00 2879381 0.77
24.92 7.69 191.74 569.00 8.00 2879401 0.77
24.92 7.69 191.74 569.59 8.00 2879421 0.77
24.92 7.69 191.74 569.93 8.00 2879441 0.77
24.92 7.64 190.49 571.08 8.00 2879461 0.77
24.92 7.64 190.49 571.43 8.00 2879481 0.77
24.92 7.64 190.49 572.07 8.00 2879501 0.77
24.92 7.64 190.49 572.33 8.00 2879521 0.77
24.92 7.74 192.80 573.01 8.00 2879541 0.77
24.92 7.74 192.80 573.54 8.00 2879561 0.77
24.92 7.74 192.80 573.82 8.00 2879581 0.77
24.92 7.74 192.80 574.61 8.00 2879601 0.77
24.92 7.66 190.99 575.11 8.00 2879621 0.77
24.92 7.66 190.99 575.50 8.00 2879641 0.77
24.92 7.66 190.99 576.01 8.00 2879661 0.77
24.91 7.73 192.72 576.15 8.00 2879681 0.77
24.91 7.73 192.72 577.43 8.00 2879701 0.77
24.91 7.73 192.72 577.64 8.00 2879721 0.77
24.91 7.73 192.72 578.42 8.00 2879741 0.77
24.92 7.65 190.68 579.34 8.00 2879761 0.77
24.92 7.65 190.68 579.04 8.00 2879781 0.77
24.92 7.65 190.68 579.73 8.00 2879801 0.77
24.92 7.66 190.82 580.37 8.00 2879821 0.77
24.92 7.66 190.82 581.29 8.00 2879841 0.77
24.92 7.66 190.82 581.47 8.00 2879861 0.78
24.92 7.66 190.82 581.96 8.00 2879881 0.78
24.92 7.62 189.81 582.60 8.00 2879901 0.78
24.92 7.62 189.81 582.92 8.00 2879921 0.78
24.92 7.62 189.81 583.71 8.00 2879941 0.78
24.92 7.62 189.81 584.49 8.00 2879961 0.78
24.92 7.65 190.62 584.65 8.00 2879981 0.78
24.92 7.65 190.62 584.74 8.00 2880001 0.78
24.92 7.65 190.62 586.37 8.00 2880021 0.78
24.92 7.61 189.62 586.62 8.00 2880041 0.78
24.92 7.61 189.62 586.95 8.00 2880061 0.78
24.92 7.61 189.62 587.31 8.00 2880081 0.78
24.92 7.61 189.62 587.31 8.00 2880101 0.78
24.92 7.68 191.29 588.19 8.00 2880121 0.78
24.92 7.68 191.29 588.81 8.00 2880141 0.78
24.92 7.68 191.29 589.43 8.00 2880161 0.78
24.91 7.76 193.28 590.20 8.00 2880181 0.78
24.91 7.76 193.28 590.18 8.00 2880201 0.78
24.91 7.76 193.28 591.02 8.00 2880221 0.78
24.91 7.76 193.28 591.65 8.00 2880241 0.78
24.91 7.76 193.32 592.29 8.00 2880261 0.78
24.91 7.76 193.32 593.07 8.00 2880281 0.78
24.91 7.76 193.32 593.51 8.00 2880301 0.78
24.91 7.76 193.32 593.72 8.00 2880321 0.78
24.91 7.76 193.40 594.49 8.00 2880341 0.78
24.91 7.76 193.40 595.04 8.00 2880361 0.78
24.91 7.76 193.40 595.03 8.00 2880381 0.78
24.91 7.79 194.20 596.55 8.00 2880401 0.78
24.91 7.79 194.20 596.41 8.00 2880421 0.78
24.91 7.79 194.20 597.03 8.00 2880441 0.78
24.91 7.79 194.20 597.60 8.00 2880461 0.78
24.92 7.71 192.10 598.35 8.00 2880481 0.78
24.92 7.71 192.10 598.75 8.00 2880501 0.78
24.92 7.71 192.10 599.20 8.00 2880521 0.78
24.92 7.71 192.10 599.91 8.00 2880541 0.79
24.91 7.63 190.15 600.34 8.00 2880561 0.79
24.91 7.63 190.15 600.83 8.00 2880581 0.79
24.91 7.63 190.15 601.23 8.00 2880601 0.79
24.92 7.69 191.54 602.46 8.00 2880621 0.79
24.92 7.69 191.54 602.28 8.00 2880641 0.79
24.92 7.69 191.54 602.95 8.00 2880661 0.79
24.92 7.69 191.54 603.59 8.00 2880681 0.79
24.92 7.63 190.05 604.39 8.00 2880701 0.79
24.92 7.63 190.05 604.52 8.00 2880721 0.79
24.92 7.63 190.05 604.74 8.00 2880741 0.79
24.92 7.61 189.68 605.59 8.00 2880761 0.79
24.92 7.61 189.68 606.05 8.00 2880781 0.79
24.92 7.61 189.68 606.45 8.00 2880801 0.79
24.92 7.61 189.68 607.50 8.00 2880821 0.79
24.92 7.63 190.17 608.33 8.00 2880841 0.79
24.92 7.63 190.17 608.01 8.00 2880861 0.79
24.92 7.63 190.17 608.32 8.00 2880881 0.79
24.92 7.63 190.17 609.18 8.00 2880901 0.79
24.92 7.65 190.67 609.77 8.00 2880921 0.79
24.92 7.65 190.67 609.84 8.00 2880941 0.79
24.92 7.65 190.67 610.84 8.00 2880961 0.79
24.91 7.72 192.34 611.22 8.00 2880981 0.79
24.91 7.72 192.34 611.68 8.00 2881001 0.79
24.91 7.72 192.34 612.08 8.00 2881021 0.79
24.91 7.72 192.34 612.65 8.00 2881041 0.79
24.91 7.72 192.28 613.24 8.00 2881061 0.79
24.91 7.72 192.28 613.84 8.00 2881081 0.79
24.91 7.72 192.28 614.75 8.00 2881101 0.79
24.91 7.72 192.28 614.72 8.00 2881121 0.79
24.92 7.73 192.60 615.90 8.00 2881141 0.80
24.92 7.73 192.60 615.95 8.00 2881161 0.80
24.92 7.73 192.60 616.49 8.00 2881181 0.80
24.91 7.75 193.21 617.30 8.00 2881201 0.80
24.91 7.75 193.21 617.47 8.00 2881221 0.80
24.91 7.75 193.21 617.74 8.00 2881241 0.80
24.91 7.75 193.21 618.46 8.00 2881261 0.80
24.91 7.79 194.01 619.01 8.00 2881281 0.80
24.91 7.79 194.01 619.00 8.00 2881301 0.80
24.91 7.79 194.01 619.98 8.00 2881321 0.80
24.91 7.79 194.08 620.59 8.00 2881341 0.80
24.91 7.79 194.08 621.10 8.00 2881361 0.80
24.91 7.79 194.08 621.77 8.00 2881381 0.80
24.91 7.79 194.08 622.02 8.00 2881401 0.80
24.91 7.70 191.97 622.76 8.00 2881421 0.80
24.91 7.70 191.97 623.05 8.00 2881441 0.80
24.91 7.70 191.97 623.77 8.00 2881461 0.80
24.91 7.70 191.97 624.04 8.00 2881481 0.80
24.92 7.68 191.42 624.28 8.00 2881501 0.80
24.92 7.68 191.42 625.18 8.00 2881521 0.80
24.92 7.68 191.42 625.60 8.00 2881541 0.80
24.92 7.67 191.05 626.22 8.00 2881561 0.80
24.92 7.67 191.05 626.23 8.00 2881581 0.80
24.92 7.67 191.05 627.65 8.00 2881601 0.80
24.92 7.67 191.05 627.73 8.00 2881621 0.80
24.92 7.64 190.31 628.47 8.00 2881641 0.80
24.92 7.64 190.31 628.79 8.00 2881661 0.80
24.92 7.64 190.31 629.48 8.00 2881681 0.80
24.91 7.74 192.84 630.00 8.00 2881701 0.80
24.91 7.74 192.84 630.71 8.00 2881721 0.80
24.91 7.74 192.84 630.79 8.00 2881741 0.80
24.91 7.74 192.84 631.56 8.00 2881761 0.80
24.91 7.73 192.59 632.07 8.00 2881781 0.80
24.91 7.73 192.59 631.83 8.00 2881801 0.80
24.91 7.73 192.59 632.68 8.00 2881821 0.80
24.91 7.73 192.59 633.25 8.00 2881841 0.80
24.91 7.75 193.15 634.06 8.00 2881861 0.81
24.91 7.75 193.15 634.43 8.00 2881881 0.81
24.91 7.75 193.15 634.26 8.00 2881901 0.81
24.91 7.78 193.90 635.27 8.00 2881921 0.81
24.91 7.78 193.90 636.01 8.00 2881941 0.81
24.91 7.78 193.90 636.55 8.00 2881961 0.81
24.91 7.78 193.90 636.96 8.00 2881981 0.81
24.91 7.78 193.78 637.47 8.00 2882001 0.81
24.91 7.78 193.78 637.71 8.00 2882021 0.81
24.91 7.78 193.78 638.26 8.00 2882041 0.81
24.91 7.78 193.78 639.22 8.00 2882061 0.81
24.91 7.72 192.47 639.95 8.00 2882081 0.81
24.91 7.72 192.47 640.06 8.00 2882101 0.81
24.91 7.72 192.47 640.17 8.00 2882121 0.81
24.92 7.66 190.99 641.05 8.00 2882141 0.81
24.92 7.66 190.99 641.48 8.00 2882161 0.81
24.92 7.66 190.99 642.11 8.00 2882181 0.81
24.92 7.66 190.99 642.20 8.00 2882201 0.81
24.92 7.62 189.93 642.71 8.00 2882221 0.81
24.92 7.62 189.93 643.31 8.00 2882241 0.81
24.92 7.62 189.93 643.77 8.00 2882261 0.81
24.92 7.65 190.73 644.72 8.00 2882281 0.81
24.92 7.65 190.73 645.33 8.00 2882301 0.81
24.92 7.65 190.73 645.40 8.00 2882321 0.81
24.92 7.65 190.73 645.72 8.00 2882341 0.81
24.92 7.61 189.68 646.59 8.00 2882361 0.81
24.92 7.61 189.68 646.94 8.00 2882381 0.81
24.92 7.61 189.68 647.50 8.00 2882401 0.81
24.92 7.61 189.68 647.82 8.00 2882421 0.81
24.92 7.63 190.25 647.80 8.00 2882441 0.81
24.92 7.63 190.25 649.57 8.00 2882461 0.81
24.92 7.63 190.25 649.17 8.00 2882481 0.81
24.92 7.65 190.67 649.88 8.00 2882501 0.81
24.92 7.65 190.67 650.27 8.00 2882521 0.82
24.92 7.65 190.67 651.01 8.00 2882541 0.82
24.92 7.65 190.67 651.19 8.00 2882561 0.82
24.91 7.70 191.97 651.90 8.00 2882581 0.82
24.91 7.70 191.97 652.24 8.00 2882601 0.82
24.91 7.70 191.97 653.10 8.00 2882621 0.82
24.91 7.70 191.97 653.27 8.00 2882641 0.82
24.91 7.80 194.39 653.59 8.00 2882661 0.82
24.91 7.80 194.39 654.16 8.00 2882681 0.82
24.91 7.80 194.39 654.94 8.00 2882701 0.82
24.92 7.71 192.04 654.94 8.00 2882721 0.82
24.92 7.71 192.04 655.55 8.00 2882741 0.82
24.92 7.71 192.04 656.23 8.00 2882761 0.82
24.92 7.71 192.04 656.61 8.00 2882781 0.82
24.91 7.72 192.47 657.31 8.00 2882801 0.82
24.91 7.72 192.47 657.79 8.00 2882821 0.82
24.91 7.72 192.47 658.18 8.00 2882841 0.82
24.91 7.74 192.84 658.73 8.00 2882861 0.82
24.91 7.74 192.84 659.06 8.00 2882881 0.82
24.91 7.74 192.84 659.93 8.00 2882901 0.82
24.91 7.74 192.84 660.25 8.00 2882921 0.82
24.91 7.76 193.46 660.39 8.00 2882941 0.82
24.91 7.76 193.46 660.76 8.00 2882961 0.82
24.91 7.76 193.46 661.47 8.00 2882981 0.82
24.91 7.76 193.46 662.24 8.00 2883001 0.82
24.91 7.73 192.66 662.51 8.00 2883021 0.82
24.91 7.73 192.66 663.00 8.00 2883041 0.82
24.91 7.73 192.66 663.51 8.00 2883061 0.82
24.91 7.70 191.96 664.45 8.00 2883081 0.82
24.91 7.70 191.96 664.83 8.00 2883101 0.82
24.91 7.70 191.96 665.03 8.00 2883121 0.82
24.91 7.70 191.96 665.51 8.00 2883141 0.82
24.92 7.73 192.60 666.07 8.00 2883161 0.82
24.92 7.73 192.60 667.06 8.00 2883181 0.82
24.92 7.73 192.60 666.87 8.00 2883201 0.82
24.91 7.75 193.21 667.82 8.00 2883221 0.82
24.91 7.75 193.21 668.11 8.00 2883241 0.83
24.91 7.75 193.21 668.57 8.00 2883261 0.83
24.91 7.75 193.21 668.76 8.00 2883281 0.83
24.91 7.80 194.27 669.76 8.00 2883301 0.83
24.91 7.80 194.27 669.85 8.00 2883321 0.83
24.91 7.80 194.27 670.26 8.00 2883341 0.83
24.91 7.80 194.27 671.22 8.00 2883361 0.83
24.91 7.75 193.14 672.48 8.00 2883381 0.83
24.91 7.75 193.14 671.82 8.00 2883401 0.83
24.91 7.75 193.14 672.31 8.00 2883421 0.83
24.91 7.78 193.90 672.71 8.00 2883441 0.83
24.91 7.78 193.90 673.63 8.00 2883461 0.83
24.91 7.78 193.90 674.10 8.00 2883481 0.83
24.91 7.78 193.90 674.00 8.00 2883501 0.83
24.91 7.74 192.83 674.72 8.00 2883521 0.83
24.91 7.74 192.83 675.49 8.00 2883541 0.83
24.91 7.74 192.83 675.28 8.00 2883561 0.83
24.91 7.74 192.83 676.54 8.00 2883581 0.83
24.92 7.68 191.42 676.70 8.00 2883601 0.83
24.92 7.68 191.42 677.31 8.00 2883621 0.83
24.92 7.68 191.42 677.59 8.00 2883641 0.83
24.92 7.66 190.98 677.51 8.00 2883661 0.83
24.92 7.66 190.98 679.12 8.00 2883681 0.83
24.92 7.66 190.98 678.98 8.00 2883701 0.83
24.92 7.66 190.98 679.73 8.00 2883721 0.83
24.92 7.70 191.86 679.35 8.00 2883741 0.83
24.92 7.70 191.86 680.29 8.00 2883761 0.83
24.92 7.70 191.86 680.76 8.00 2883781 0.83
24.92 7.68 191.30 681.47 8.00 2883801 0.83
24.92 7.68 191.30 681.76 8.00 2883821 0.83
24.92 7.68 191.30 682.17 8.00 2883841 0.83
24.92 7.68 191.30 682.41 8.00 2883861 0.83
24.92 7.69 191.73 683.11 8.00 2883881 0.83
24.92 7.69 191.73 683.78 8.00 2883901 0.83
24.92 7.69 191.73 684.17 8.00 2883921 0.83
24.92 7.69 191.73 684.99 8.00 2883941 0.83
24.92 7.67 191.24 685.33 8.00 2883961 0.84
24.92 7.67 191.24 686.21 8.00 2883981 0.84
24.92 7.67 191.24 686.09 8.00 2884001 0.84
24.91 7.76 193.33 685.93 8.00 2884021 0.84
24.91 7.76 193.33 686.69 8.00 2884041 0.84
24.91 7.76 193.33 687.62 8.00 2884061 0.84
24.91 7.76 193.33 688.25 8.00 2884081 0.84
24.91 7.76 193.34 687.91 8.00 2884101 0.84
24.91 7.76 193.34 688.79 8.00 2884121 0.84
24.91 7.76 193.34 689.31 8.00 2884141 0.84
24.91 7.76 193.34 689.60 8.00 2884161 0.84
24.91 7.78 193.83 690.05 8.00 2884181 0.84
24.91 7.78 193.83 690.99 8.00 2884201 0.84
24.91 7.78 193.83 691.26 8.00 2884221 0.84
24.92 7.66 190.93 691.59 8.00 2884241 0.84
24.92 7.66 190.93 691.83 8.00 2884261 0.84
24.92 7.66 190.93 692.65 8.00 2884281 0.84
24.92 7.66 190.93 692.92 8.00 2884301 0.84
24.91 7.69 191.72 693.73 8.00 2884321 0.84
24.91 7.69 191.72 694.30 8.00 2884341 0.84
24.91 7.69 191.72 695.22 8.00 2884361 0.84
24.92 7.70 191.98 694.98 8.00 2884381 0.84
24.92 7.70 191.98 695.39 8.00 2884401 0.84
24.92 7.70 191.98 696.08 8.00 2884421 0.84
24.92 7.70 191.98 697.06 8.00 2884441 0.84
24.91 7.86 195.74 697.80 8.00 2884461 0.84
24.91 7.86 195.74 697.59 8.00 2884481 0.84
24.91 7.86 195.74 698.00 8.00 2884501 0.84
24.91 7.86 195.74 698.22 8.00 2884521 0.84
24.91 7.82 194.83 698.97 8.00 2884541 0.84
24.91 7.82 194.83 699.26 8.00 2884561 0.84
24.91 7.82 194.83 699.90 8.00 2884581 0.84
24.91 7.75 193.03 700.37 8.00 2884601 0.84
24.91 7.75 193.03 700.90 8.00 2884621 0.84
24.91 7.75 193.03 701.35 8.00 2884641 0.84
24.91 7.75 193.03 701.91 8.00 2884661 0.84
24.92 7.71 192.19 701.91 8.00 2884681 0.84
24.92 7.71 192.19 702.81 8.00 2884701 0.84
24.92 7.71 192.19 703.07 8.00 2884721 0.84
24.92 7.66 190.86 703.24 8.00 2884741 0.85
24.92 7.66 190.86 703.81 8.00 2884761 0.85
24.92 7.66 190.86 704.27 8.00 2884781 0.85
24.92 7.66 190.86 705.07 8.00 2884801 0.85
24.91 7.68 191.41 704.88 8.00 2884821 0.85
24.91 7.68 191.41 706.26 8.00 2884841 0.85
24.91 7.68 191.41 706.12 8.00 2884861 0.85
24.91 7.68 191.41 707.25 8.00 2884881 0.85
24.92 7.65 190.68 707.33 8.00 2884901 0.85
24.92 7.65 190.68 707.32 8.00 2884921 0.85
24.92 7.65 190.68 707.64 8.00 2884941 0.85
24.91 7.69 191.53 708.58 8.00 2884961 0.85
24.91 7.69 191.53 709.50 8.00 2884981 0.85
24.91 7.69 191.53 709.44 8.00 2885001 0.85
24.91 7.69 191.53 709.54 8.00 2885021 0.85
24.92 7.65 190.67 710.41 8.00 2885041 0.85
24.92 7.65 190.67 711.05 8.00 2885061 0.85
24.92 7.65 190.67 711.21 8.00 2885081 0.85
24.92 7.65 190.67 711.80 8.00 2885101 0.85
24.91 7.76 193.39 712.06 8.00 2885121 0.85
24.91 7.76 193.39 712.39 8.00 2885141 0.85
24.91 7.76 193.39 713.11 8.00 2885161 0.85
24.92 7.75 193.23 713.36 8.00 2885181 0.85
24.92 7.75 193.23 714.35 8.00 2885201 0.85
24.92 7.75 193.23 714.10 8.00 2885221 0.85
24.92 7.75 193.23 714.80 8.00 2885241 0.85
24.91 7.71 192.22 715.73 8.00 2885261 0.85
24.91 7.71 192.22 716.04 8.00 2885281 0.85
24.91 7.71 192.22 716.14 8.00 2885301 0.85
24.91 7.78 193.95 717.01 8.00 2885321 0.85
24.91 7.78 193.95 717.38 8.00 2885341 0.85
24.91 7.78 193.95 717.79 8.00 2885361 0.85
24.91 7.78 193.95 718.15 8.00 2885381 0.85
24.91 7.78 193.95 718.59 8.00 2885401 0.85
24.91 7.78 193.95 719.20 8.00 2885421 0.85
24.91 7.78 193.95 719.54 8.00 2885441 0.86
24.91 7.78 193.95 719.92 8.00 2885461 0.86
24.91 7.76 193.46 720.31 8.00 2885481 0.86
24.91 7.76 193.46 720.77 8.00 2885501 0.86
24.91 7.76 193.46 721.42 8.00 2885521 0.86
24.91 7.72 192.28 721.65 8.00 2885541 0.86
24.91 7.72 192.28 722.14 8.00 2885561 0.86
24.91 7.72 192.28 723.28 8.00 2885581 0.86
24.91 7.72 192.28 723.55 8.00 2885601 0.86
24.92 7.69 191.73 723.29 8.00 2885621 0.86
24.92 7.69 191.73 723.88 8.00 2885641 0.86
24.92 7.69 191.73 724.38 8.00 2885661 0.86
24.92 7.69 191.73 724.73 8.00 2885681 0.86
24.92 7.72 192.29 725.77 8.00 2885701 0.86
24.92 7.72 192.29 725.25 8.00 2885721 0.86
24.92 7.72 192.29 726.07 8.00 2885741 0.86
24.91 7.70 191.78 726.96 8.00 2885761 0.86
24.91 7.70 191.78 727.05 8.00 2885781 0.86
24.91 7.70 191.78 727.75 8.00 2885801 0.86
24.91 7.70 191.78 728.46 8.00 2885821 0.86
24.91 7.73 192.53 728.12 8.00 2885841 0.86
24.91 7.73 192.53 728.94 8.00 2885861 0.86
24.91 7.73 192.53 729.47 8.00 2885881 0.86
24.91 7.75 193.09 730.36 8.00 2885901 0.86
24.91 7.75 193.09 730.06 8.00 2885921 0.86
24.91 7.75 193.09 730.50 8.00 2885941 0.86
24.91 7.75 193.09 730.91 8.00 2885961 0.86
24.91 7.81 194.69 731.61 8.00 2885981 0.86
24.91 7.81 194.69 732.03 8.00 2886001 0.86
24.91 7.81 194.69 733.00 8.00 2886021 0.86
24.91 7.81 194.69 732.99 8.00 2886041 0.86
24.91 7.76 193.46 733.68 8.00 2886061 0.86
24.91 7.76 193.46 734.22 8.00 2886081 0.86
24.91 7.76 193.46 734.21 8.00 2886101 0.86
24.91 7.77 193.52 734.97 8.00 2886121 0.86
24.91 7.77 193.52 734.80 8.00 2886141 0.86
24.91 7.77 193.52 735.80 8.00 2886161 0.86
24.91 7.77 193.52 735.62 8.00 2886181 0.86
24.91 7.82 194.95 736.80 8.00 2886201 0.86
24.91 7.82 194.95 737.34 8.00 2886221 0.86
24.91 7.82 194.95 736.78 8.00 2886241 0.87
24.91 7.82 194.89 737.64 8.00 2886261 0.87
24.91 7.82 194.89 738.52 8.00 2886281 0.87
24.91 7.82 194.89 738.67 8.00 2886301 0.87
24.91 7.82 194.89 740.21 8.00 2886321 0.87
24.92 7.67 191.05 740.06 8.00 2886341 0.87
24.92 7.67 191.05 740.54 8.00 2886361 0.87
24.92 7.67 191.05 740.50 8.00 2886381 0.87
24.92 7.67 191.05 740.59 8.00 2886401 0.87
24.92 7.69 191.68 741.50 8.00 2886421 0.87
24.92 7.69 191.68 742.01 8.00 2886441 0.87
24.92 7.69 191.68 742.63 8.00 2886461 0.87
24.92 7.68 191.30 743.23 8.00 2886481 0.87
24.92 7.68 191.30 743.13 8.00 2886501 0.87
24.92 7.68 191.30 743.72 8.00 2886521 0.87
24.92 7.68 191.30 744.14 8.00 2886541 0.87
24.92 7.65 190.67 744.77 8.00 2886561 0.87
24.92 7.65 190.67 745.55 8.00 2886581 0.87
24.92 7.65 190.67 745.42 8.00 2886601 0.87
24.92 7.65 190.67 745.88 8.00 2886621 0.87
24.91 7.72 192.28 746.74 8.00 2886641 0.87
24.91 7.72 192.28 746.32 8.00 2886661 0.87
24.91 7.72 192.28 746.87 8.00 2886681 0.87
24.91 7.78 193.82 747.56 8.00 2886701 0.87
24.91 7.78 193.82 748.50 8.00 2886721 0.87
24.91 7.78 193.82 748.23 8.00 2886741 0.87
24.91 7.78 193.82 749.57 8.00 2886761 0.87
24.91 7.86 195.88 749.46 8.00 2886781 0.87
24.91 7.86 195.88 748.97 8.00 2886801 0.87
24.91 7.86 195.88 750.27 8.00 2886821 0.87
24.91 7.84 195.25 750.45 8.00 2886841 0.87
24.91 7.84 195.25 751.31 8.00 2886861 0.87
24.91 7.84 195.25 751.82 8.00 2886881 0.87
24.91 7.84 195.25 752.19 8.00 2886901 0.87
24.91 7.83 195.14 752.63 8.00 2886921 0.87
24.91 7.83 195.14 752.96 8.00 2886941 0.87
24.91 7.83 195.14 753.77 8.00 2886961 0.87
24.91 7.83 195.14 753.58 8.00 2886981 0.87
24.91 7.76 193.46 753.82 8.00 2887001 0.87
24.91 7.76 193.46 755.16 8.00 2887021 0.87
24.91 7.76 193.46 754.83 8.00 2887041 0.87
24.92 7.70 191.92 755.85 8.00 2887061 0.88
24.92 7.70 191.92 755.37 8.00 2887081 0.88
24.92 7.70 191.92 756.27 8.00 2887101 0.88
24.92 7.70 191.92 757.17 8.00 2887121 0.88
24.92 7.63 190.19 757.69 8.00 2887141 0.88
24.92 7.63 190.19 758.18 8.00 2887161 0.88
24.92 7.63 190.19 758.29 8.00 2887181 0.88
24.92 7.66 191.00 758.29 8.00 2887201 0.88
24.92 7.66 190.98 758.81 8.00 2887221 0.88
24.92 7.66 190.98 759.27 8.00 2887241 0.88
24.92 7.66 190.98 759.64 8.00 2887261 0.88
24.92 7.60 189.50 760.21 8.00 2887281 0.88
24.92 7.60 189.50 760.64 8.00 2887301 0.88
24.92 7.60 189.50 761.30 8.00 2887321 0.88
24.92 7.60 189.50 761.95 8.00 2887341 0.88
24.91 7.72 192.46 762.33 8.00 2887361 0.88
24.91 7.72 192.46 762.54 8.00 2887381 0.88
24.91 7.72 192.46 763.07 8.00 2887401 0.88
24.91 7.73 192.59 763.39 8.00 2887421 0.88
24.91 7.73 192.59 763.92 8.00 2887441 0.88
24.91 7.73 192.59 764.31 8.00 2887461 0.88
24.91 7.73 192.59 764.71 8.00 2887481 0.88
24.91 7.74 192.89 765.13 8.00 2887501 0.88
24.91 7.74 192.89 765.62 8.00 2887521 0.88
24.91 7.74 192.89 765.91 8.00 2887541 0.88
24.91 7.74 192.89 766.31 8.00 2887561 0.88
24.91 7.78 193.83 766.81 8.00 2887581 0.88
24.91 7.78 193.83 767.36 8.00 2887601 0.88
24.91 7.78 193.83 767.79 8.00 2887621 0.88
24.91 7.83 195.13 768.22 8.00 2887641 0.88
24.91 7.83 195.13 768.49 8.00 2887661 0.88
24.91 7.83 195.13 768.59 8.00 2887681 0.88
24.91 7.83 195.13 769.48 8.00 2887701 0.88
24.91 7.83 195.01 769.64 8.00 2887721 0.88
24.91 7.83 195.01 770.19 8.00 2887741 0.88
24.91 7.83 195.01 770.80 8.00 2887761 0.88
24.91 7.79 194.15 770.91 8.00 2887781 0.89
24.91 7.79 194.15 770.91 8.00 2887801 0.89
24.91 7.79 194.15 772.03 8.00 2887821 0.89
24.91 7.79 194.15 772.26 8.00 2887841 0.89
24.91 7.87 196.00 772.45 8.00 2887861 0.89
24.91 7.87 196.00 773.23 8.00 2887881 0.89
24.91 7.87 196.00 773.82 8.00 2887901 0.89
24.91 7.87 196.00 774.43 8.00 2887921 0.89
24.91 7.79 194.08 774.73 8.00 2887941 0.89
24.91 7.79 194.08 774.98 8.00 2887961 0.89
24.91 7.79 194.08 775.52 8.00 2887981 0.89
24.91 7.81 194.50 775.89 8.00 2888001 0.89
24.91 7.81 194.50 776.05 8.00 2888021 0.89
24.91 7.81 194.50 777.09 8.00 2888041 0.89
24.91 7.81 194.50 777.11 8.00 2888061 0.89
24.91 7.75 193.22 778.81 8.00 2888081 0.89
24.91 7.75 193.22 777.65 8.00 2888101 0.89
24.91 7.75 193.22 778.68 8.00 2888121 0.89
24.91 7.75 193.22 778.56 8.00 2888141 0.89
24.91 7.71 192.03 778.56 8.00 2888161 0.89
24.91 7.71 192.03 779.57 8.00 2888181 0.89
24.91 7.71 192.03 780.13 8.00 2888201 0.89
24.92 7.66 190.86 780.15 8.00 2888221 0.89
24.92 7.66 190.86 781.40 8.00 2888241 0.89
24.92 7.66 190.86 781.26 8.00 2888261 0.89
24.92 7.66 190.86 781.62 8.00 2888281 0.89
24.92 7.63 190.06 781.90 8.00 2888301 0.89
24.92 7.63 190.06 782.49 8.00 2888321 0.89
24.92 7.63 190.06 782.46 8.00 2888341 0.89
24.92 7.63 190.17 783.53 8.00 2888361 0.89
24.92 7.63 190.17 783.83 8.00 2888381 0.89
24.92 7.63 190.17 784.56 8.00 2888401 0.89
24.92 7.63 190.17 784.62 8.00 2888421 0.89
24.92 7.65 190.56 784.65 8.00 2888441 0.89
24.92 7.65 190.56 785.31 8.00 2888461 0.89
24.92 7.65 190.56 785.77 8.00 2888481 0.89
24.92 7.65 190.56 787.04 8.00 2888501 0.89
24.91 7.71 192.09 786.75 8.00 2888521 0.90
24.91 7.71 192.09 786.94 8.00 2888541 0.90
24.91 7.71 192.09 788.70 8.00 2888561 0.90
24.91 7.74 192.78 787.49 8.00 2888581 0.90
24.91 7.74 192.78 788.54 8.00 2888601 0.90
24.91 7.74 192.78 788.04 8.00 2888621 0.90
24.91 7.74 192.78 789.06 8.00 2888641 0.90
24.91 7.78 193.77 789.15 8.00 2888661 0.90
24.91 7.78 193.77 789.85 8.00 2888681 0.90
24.91 7.78 193.77 791.13 8.00 2888701 0.90
24.91 7.83 195.01 790.90 8.00 2888721 0.90
24.91 7.83 195.01 791.61 8.00 2888741 0.90
24.91 7.83 195.01 791.72 8.00 2888761 0.90
24.91 7.83 195.01 791.44 8.00 2888781 0.90
24.91 7.77 193.52 792.32 8.00 2888801 0.90
24.91 7.77 193.52 792.75 8.00 2888821 0.90
24.91 7.77 193.52 793.23 8.00 2888841 0.90
24.91 7.77 193.52 793.78 8.00 2888861 0.90
24.91 7.77 193.53 793.73 8.00 2888881 0.90
24.91 7.77 193.53 794.47 8.00 2888901 0.90
24.91 7.77 193.53 795.11 8.00 2888921 0.90
24.91 7.77 193.70 795.15 8.00 2888941 0.90
24.91 7.77 193.70 796.43 8.00 2888961 0.90
24.91 7.77 193.70 796.41 8.00 2888981 0.90
24.91 7.77 193.70 797.06 8.00 2889001 0.90
24.91 7.76 193.34 797.43 8.00 2889021 0.90
24.91 7.76 193.34 797.23 8.00 2889041 0.90
24.91 7.76 193.34 797.86 8.00 2889061 0.90
24.91 7.76 193.34 798.39 8.00 2889081 0.90
24.92 7.72 192.35 799.83 8.00 2889101 0.90
24.92 7.72 192.35 798.78 8.00 2889121 0.90
24.92 7.72 192.35 799.29 8.00 2889141 0.90
24.91 7.75 193.02 800.48 8.00 2889161 0.90
24.91 7.75 193.02 800.57 8.00 2889181 0.90
24.91 7.75 193.02 800.91 8.00 2889201 0.90
24.91 7.75 193.02 801.44 8.00 2889221 0.90
24.92 7.68 191.36 801.79 8.00 2889241 0.90
24.92 7.68 191.36 801.51 8.00 2889261 0.90
24.92 7.68 191.36 802.32 8.00 2889281 0.90
24.91 7.73 192.52 802.97 8.00 2889301 0.90
24.91 7.73 192.52 803.49 8.00 2889321 0.91
24.91 7.73 192.52 804.22 8.00 2889341 0.91
24.91 7.73 192.52 804.49 8.00 2889361 0.91
24.91 7.75 193.15 804.58 8.00 2889381 0.91
24.91 7.75 193.15 804.90 8.00 2889401 0.91
24.91 7.75 193.15 804.95 8.00 2889421 0.91
24.91 7.75 193.15 805.94 8.00 2889441 0.91
24.91 7.81 194.64 805.43 8.00 2889461 0.91
24.91 7.81 194.64 806.89 8.00 2889481 0.91
24.91 7.81 194.64 806.68 8.00 2889501 0.91
24.91 7.74 192.97 807.55 8.00 2889521 0.91
24.91 7.74 192.97 807.93 8.00 2889541 0.91
24.91 7.74 192.97 808.43 8.00 2889561 0.91
24.91 7.74 192.97 808.16 8.00 2889581 0.91
24.91 7.80 194.39 808.80 8.00 2889601 0.91
24.91 7.80 194.39 809.56 8.00 2889621 0.91
24.91 7.80 194.39 809.51 8.00 2889641 0.91
24.91 7.80 194.39 809.89 8.00 2889661 0.91
24.91 7.77 193.52 810.25 8.00 2889681 0.91
24.91 7.77 193.52 811.21 8.00 2889701 0.91
24.91 7.77 193.52 811.78 8.00 2889721 0.91
24.91 7.74 192.97 811.96 8.00 2889741 0.91
24.91 7.74 192.97 812.57 8.00 2889761 0.91
24.91 7.74 192.97 812.51 8.00 2889781 0.91
24.91 7.74 192.97 812.62 8.00 2889801 0.91
24.91 7.71 192.03 813.46 8.00 2889821 0.91
24.91 7.71 192.03 813.89 8.00 2889841 0.91
24.91 7.71 192.03 814.51 8.00 2889861 0.91
24.92 7.69 191.61 815.04 8.00 2889881 0.91
24.92 7.69 191.61 814.89 8.00 2889901 0.91
24.92 7.69 191.61 815.34 8.00 2889921 0.91
24.92 7.69 191.61 815.69 8.00 2889941 0.91
24.91 7.75 193.15 815.92 8.00 2889961 0.91
24.91 7.75 193.15 816.76 8.00 2889981 0.91
24.91 7.75 193.15 817.67 8.00 2890001 0.91
24.91 7.75 193.15 818.17 8.00 2890021 0.91
24.91 7.81 194.51 817.95 8.00 2890041 0.91
24.91 7.81 194.51 817.72 8.00 2890061 0.91
24.91 7.81 194.51 818.48 8.00 2890081 0.91
24.91 7.81 194.58 818.93 8.00 2890101 0.91
24.91 7.81 194.58 820.42 8.00 2890121 0.91
24.91 7.81 194.58 820.37 8.00 2890141 0.91
24.91 7.81 194.58 820.25 8.00 2890161 0.92
24.91 7.81 194.51 820.24 8.00 2890181 0.92
24.91 7.81 194.51 820.80 8.00 2890201 0.92
24.91 7.81 194.51 821.75 8.00 2890221 0.92
24.91 7.79 194.02 822.33 8.00 2890241 0.92
24.91 7.79 194.02 822.33 8.00 2890261 0.92
24.91 7.79 194.02 822.97 8.00 2890281 0.92
24.91 7.79 194.02 822.91 8.00 2890301 0.92
24.91 7.84 195.44 823.53 8.00 2890321 0.92
24.91 7.84 195.44 824.04 8.00 2890341 0.92
24.91 7.84 195.44 825.13 8.00 2890361 0.92
24.91 7.84 195.44 824.88 8.00 2890381 0.92
24.91 7.86 195.81 825.53 8.00 2890401 0.92
24.91 7.86 195.81 825.65 8.00 2890421 0.92
24.91 7.86 195.81 825.70 8.00 2890441 0.92
24.91 7.75 193.09 826.36 8.00 2890461 0.92
24.91 7.75 193.09 826.24 8.00 2890481 0.92
24.91 7.75 193.09 827.27 8.00 2890501 0.92
24.91 7.75 193.09 827.49 8.00 2890521 0.92
24.92 7.68 191.42 827.02 8.00 2890541 0.92
24.92 7.68 191.42 828.37 8.00 2890561 0.92
24.92 7.68 191.42 829.12 8.00 2890581 0.92
24.92 7.68 191.42 829.63 8.00 2890601 0.92
24.91 7.72 192.47 829.68 8.00 2890621 0.92
24.91 7.72 192.47 830.20 8.00 2890641 0.92
24.91 7.72 192.47 830.30 8.00 2890661 0.92
24.91 7.77 193.53 830.83 8.00 2890681 0.92
24.91 7.77 193.53 830.84 8.00 2890701 0.92
24.91 7.77 193.53 831.70 8.00 2890721 0.92
24.91 7.77 193.53 832.13 8.00 2890741 0.92
24.91 7.72 192.28 831.90 8.00 2890761 0.92
24.91 7.72 192.28 832.51 8.00 2890781 0.92
24.91 7.72 192.28 833.58 8.00 2890801 0.92
24.91 7.77 193.58 833.69 8.00 2890821 0.92
24.91 7.77 193.58 833.89 8.00 2890841 0.92
24.91 7.77 193.58 834.64 8.00 2890861 0.92
24.91 7.77 193.58 834.91 8.00 2890881 0.92
24.91 7.81 194.57 835.93 8.00 2890901 0.92
24.91 7.81 194.57 835.14 8.00 2890921 0.92
24.91 7.81 194.57 835.96 8.00 2890941 0.92
24.91 7.81 194.57 836.73 8.00 2890961 0.92
24.91 7.79 194.09 836.38 8.00 2890981 0.92
24.91 7.79 194.09 837.31 8.00 2891001 0.92
24.91 7.79 194.09 837.22 8.00 2891021 0.92
24.91 7.79 194.15 837.92 8.00 2891041 0.92
24.91 7.79 194.15 838.61 8.00 2891061 0.93
24.91 7.79 194.15 838.87 8.00 2891081 0.93
24.91 7.79 194.15 839.16 8.00 2891101 0.93
24.91 7.68 191.39 838.59 8.00 2891121 0.93
24.91 7.68 191.39 839.96 8.00 2891141 0.93
24.91 7.68 191.39 840.43 8.00 2891161 0.93
24.91 7.68 191.39 840.56 8.00 2891181 0.93
24.92 7.74 192.92 840.90 8.00 2891201 0.93
24.92 7.74 192.92 841.54 8.00 2891221 0.93
24.92 7.74 192.92 842.07 8.00 2891241 0.93
24.91 7.67 191.09 842.42 8.00 2891261 0.93
24.91 7.67 191.09 843.23 8.00 2891281 0.93
24.91 7.67 191.09 843.08 8.00 2891301 0.93
24.91 7.67 191.09 844.33 8.00 2891321 0.93
24.92 7.78 193.85 844.17 8.00 2891341 0.93
24.92 7.78 193.85 843.91 8.00 2891361 0.93
24.92 7.78 193.85 845.26 8.00 2891381 0.93
24.91 7.81 194.56 845.43 8.00 2891401 0.93
24.91 7.81 194.56 845.63 8.00 2891421 0.93
24.91 7.81 194.56 845.81 8.00 2891441 0.93
24.91 7.81 194.56 845.67 8.00 2891461 0.93
24.91 7.80 194.27 846.47 8.00 2891481 0.93
24.91 7.80 194.27 847.82 8.00 2891501 0.93
24.91 7.80 194.27 847.07 8.00 2891521 0.93
24.91 7.80 194.27 847.61 8.00 2891541 0.93
24.91 7.81 194.57 847.86 8.00 2891561 0.93
24.91 7.81 194.57 848.33 8.00 2891581 0.93
24.91 7.81 194.57 848.45 8.00 2891601 0.93
24.91 7.78 193.89 848.85 8.00 2891621 0.93
24.91 7.78 193.89 849.43 8.00 2891641 0.93
24.91 7.78 193.89 850.16 8.00 2891661 0.93
24.91 7.78 193.89 850.58 8.00 2891681 0.93
24.91 7.83 195.19 851.24 8.00 2891701 0.93
24.91 7.83 195.19 851.49 8.00 2891721 0.93
24.91 7.83 195.19 852.03 8.00 2891741 0.93
24.91 7.82 194.90 851.81 8.00 2891761 0.93
24.91 7.82 194.90 853.15 8.00 2891781 0.93
24.91 7.82 194.90 852.28 8.00 2891801 0.93
24.91 7.82 194.90 853.84 8.00 2891821 0.93
24.91 7.81 194.70 854.03 8.00 2891841 0.93
24.91 7.81 194.70 853.73 8.00 2891861 0.93
24.91 7.81 194.70 854.19 8.00 2891881 0.93
24.91 7.81 194.70 855.22 8.00 2891901 0.93
24.92 7.68 191.43 855.02 8.00 2891921 0.93
24.92 7.68 191.43 855.20 8.00 2891941 0.94
24.92 7.68 191.43 856.78 8.00 2891961 0.94
24.92 7.72 192.35 856.75 8.00 2891981 0.94
24.92 7.72 192.35 857.23 8.00 2892001 0.94
24.92 7.72 192.35 856.95 8.00 2892021 0.94
24.92 7.72 192.35 858.21 8.00 2892041 0.94
24.91 7.72 192.40 857.65 8.00 2892061 0.94
24.91 7.72 192.40 858.33 8.00 2892081 0.94
24.91 7.72 192.40 858.84 8.00 2892101 0.94
24.91 7.72 192.40 858.23 8.00 2892121 0.94
24.91 7.75 193.15 858.70 8.00 2892141 0.94
24.91 7.75 193.15 859.99 8.00 2892161 0.94
24.91 7.75 193.15 860.12 8.00 2892181 0.94
24.92 7.71 192.23 860.17 8.00 2892201 0.94
24.92 7.71 192.23 861.17 8.00 2892221 0.94
24.92 7.71 192.23 861.25 8.00 2892241 0.94
24.92 7.71 192.23 861.72 8.00 2892261 0.94
24.91 7.70 191.91 862.56 8.00 2892281 0.94
24.91 7.70 191.91 862.91 8.00 2892301 0.94
24.91 7.70 191.91 862.58 8.00 2892321 0.94
24.91 7.73 192.66 863.35 8.00 2892341 0.94
24.91 7.73 192.66 863.11 8.00 2892361 0.94
24.91 7.73 192.66 864.11 8.00 2892381 0.94
24.91 7.73 192.66 864.67 8.00 2892401 0.94
24.91 7.76 193.27 864.32 8.00 2892421 0.94
24.91 7.76 193.27 865.16 8.00 2892441 0.94
24.91 7.76 193.27 865.93 8.00 2892461 0.94
24.91 7.76 193.27 865.70 8.00 2892481 0.94
24.91 7.83 195.01 866.20 8.00 2892501 0.94
24.91 7.83 195.01 866.49 8.00 2892521 0.94
24.91 7.83 195.01 867.06 8.00 2892541 0.94
24.91 7.82 194.95 866.79 8.00 2892561 0.94
24.91 7.82 194.95 868.26 8.00 2892581 0.94
24.91 7.82 194.95 868.22 8.00 2892601 0.94
24.91 7.82 194.95 868.42 8.00 2892621 0.94
24.91 7.82 194.94 869.17 8.00 2892641 0.94
24.91 7.82 194.94 869.25 8.00 2892661 0.94
24.91 7.82 194.94 869.97 8.00 2892681 0.94
24.91 7.82 194.94 869.98 8.00 2892701 0.94
24.91 7.82 194.75 870.50 8.00 2892721 0.94
24.91 7.82 194.75 871.07 8.00 2892741 0.94
24.91 7.82 194.75 870.81 8.00 2892761 0.95
24.91 7.93 197.67 872.30 8.00 2892781 0.95
24.91 7.93 197.67 872.14 8.00 2892801 0.95
24.91 7.93 197.67 872.04 8.00 2892821 0.95
24.91 7.93 197.67 872.60 8.00 2892841 0.95
24.91 7.89 196.55 872.71 8.00 2892861 0.95
24.91 7.89 196.55 872.66 8.00 2892881 0.95
24.91 7.89 196.55 874.28 8.00 2892901 0.95
24.91 7.80 194.40 874.62 8.00 2892921 0.95
24.91 7.80 194.40 874.62 8.00 2892941 0.95
24.91 7.80 194.40 875.66 8.00 2892961 0.95
24.91 7.80 194.40 875.89 8.00 2892981 0.95
24.91 7.72 192.47 876.24 8.00 2893001 0.95
24.91 7.72 192.47 876.45 8.00 2893021 0.95
24.91 7.72 192.47 876.69 8.00 2893041 0.95
24.91 7.72 192.47 876.69 8.00 2893061 0.95
24.92 7.64 190.31 877.30 8.00 2893081 0.95
24.92 7.64 190.31 877.40 8.00 2893101 0.95
24.92 7.64 190.31 878.12 8.00 2893121 0.95
24.92 7.66 190.98 879.11 8.00 2893141 0.95
24.92 7.66 190.98 879.26 8.00 2893161 0.95
24.92 7.66 190.98 878.76 8.00 2893181 0.95
24.92 7.66 190.98 879.40 8.00 2893201 0.95
24.92 7.65 190.56 880.51 8.00 2893221 0.95
24.92 7.65 190.56 880.51 8.00 2893241 0.95
24.92 7.65 190.56 880.71 8.00 2893261 0.95
24.91 7.74 192.78 881.35 8.00 2893281 0.95
24.91 7.74 192.78 881.42 8.00 2893301 0.95
24.91 7.74 192.78 881.95 8.00 2893321 0.95
24.91 7.74 192.78 882.46 8.00 2893341 0.95
24.92 7.70 191.79 882.89 8.00 2893361 0.95
24.92 7.70 191.79 883.15 8.00 2893381 0.95
24.92 7.70 191.79 883.07 8.00 2893401 0.95
24.92 7.70 191.79 884.04 8.00 2893421 0.95
24.91 7.86 195.94 884.49 8.00 2893441 0.95
24.91 7.86 195.94 884.63 8.00 2893461 0.95
24.91 7.86 195.94 884.90 8.00 2893481 0.95
24.91 7.84 195.46 885.57 8.00 2893501 0.95
24.91 7.84 195.46 885.71 8.00 2893521 0.95
24.91 7.84 195.46 885.84 8.00 2893541 0.95
24.91 7.84 195.46 886.16 8.00 2893561 0.95
24.91 7.80 194.34 886.73 8.00 2893581 0.95
24.91 7.80 194.34 887.40 8.00 2893601 0.95
24.91 7.80 194.34 887.53 8.00 2893621 0.95
24.91 7.80 194.34 887.51 8.00 2893641 0.96
24.91 7.77 193.53 888.69 8.00 2893661 0.96
24.91 7.77 193.53 887.65 8.00 2893681 0.96
24.91 7.77 193.53 888.86 8.00 2893701 0.96
24.91 7.77 193.70 889.53 8.00 2893721 0.96
24.91 7.77 193.70 889.15 8.00 2893741 0.96
24.91 7.77 193.70 889.80 8.00 2893761 0.96
24.91 7.77 193.70 889.42 8.00 2893781 0.96
24.91 7.75 193.03 890.56 8.00 2893801 0.96
24.91 7.75 193.03 890.51 8.00 2893821 0.96
24.91 7.75 193.03 891.49 8.00 2893841 0.96
24.91 7.77 193.64 891.35 8.00 2893861 0.96
24.91 7.77 193.64 892.72 8.00 2893881 0.96
24.91 7.77 193.64 892.39 8.00 2893901 0.96
24.91 7.77 193.64 892.72 8.00 2893921 0.96
24.91 7.78 193.78 894.11 8.00 2893941 0.96
24.91 7.78 193.78 893.73 8.00 2893961 0.96
24.91 7.78 193.78 894.05 8.00 2893981 0.96
24.91 7.78 193.78 893.40 8.00 2894001 0.96
24.91 7.80 194.45 894.60 8.00 2894021 0.96
24.91 7.80 194.45 895.19 8.00 2894041 0.96
24.91 7.80 194.45 895.52 8.00 2894061 0.96
24.91 7.81 194.64 895.50 8.00 2894081 0.96
24.91 7.81 194.64 896.53 8.00 2894101 0.96
24.91 7.81 194.64 896.70 8.00 2894121 0.96
24.91 7.81 194.64 896.27 8.00 2894141 0.96
24.91 7.83 195.13 897.96 8.00 2894161 0.96
24.91 7.83 195.13 897.80 8.00 2894181 0.96
24.91 7.83 195.13 898.89 8.00 2894201 0.96
24.91 7.83 195.13 898.63 8.00 2894221 0.96
24.91 7.84 195.32 898.23 8.00 2894241 0.96
24.91 7.84 195.32 899.33 8.00 2894261 0.96
24.91 7.84 195.32 899.11 8.00 2894281 0.96
24.91 7.77 193.69 900.21 8.00 2894301 0.96
24.91 7.77 193.69 900.10 8.00 2894321 0.96
24.91 7.77 193.69 900.71 8.00 2894341 0.96
24.91 7.77 193.69 901.56 8.00 2894361 0.96
24.91 7.72 192.28 901.74 8.00 2894381 0.96
24.91 7.72 192.28 901.69 8.00 2894401 0.96
24.91 7.72 192.28 902.23 8.00 2894421 0.96
24.91 7.69 191.72 903.03 8.00 2894441 0.96
24.91 7.69 191.72 903.32 8.00 2894461 0.96
24.91 7.69 191.72 903.51 8.00 2894481 0.96
24.91 7.69 191.72 903.63 8.00 2894501 0.96
24.91 7.75 193.15 904.01 8.00 2894521 0.96
24.91 7.75 193.15 904.60 8.00 2894541 0.97
24.91 7.75 193.15 904.76 8.00 2894561 0.97
24.91 7.75 193.15 905.22 8.00 2894581 0.97
24.91 7.80 194.45 905.65 8.00 2894601 0.97
24.91 7.80 194.45 906.71 8.00 2894621 0.97
24.91 7.80 194.45 906.32 8.00 2894641 0.97
24.91 7.82 194.89 906.48 8.00 2894661 0.97
24.91 7.82 194.89 906.66 8.00 2894681 0.97
24.91 7.82 194.89 906.48 8.00 2894701 0.97
24.91 7.82 194.89 907.83 8.00 2894721 0.97
24.91 7.82 194.95 908.05 8.00 2894741 0.97
24.91 7.82 194.95 908.38 8.00 2894761 0.97
24.91 7.82 194.95 908.53 8.00 2894781 0.97
24.91 7.77 193.70 909.20 8.00 2894801 0.97
24.91 7.77 193.70 909.60 8.00 2894821 0.97
24.91 7.77 193.70 909.86 8.00 2894841 0.97
24.91 7.77 193.70 910.03 8.00 2894861 0.97
24.91 7.83 195.20 910.97 8.00 2894881 0.97
24.91 7.83 195.20 910.61 8.00 2894901 0.97
24.91 7.83 195.20 910.87 8.00 2894921 0.97
24.91 7.83 195.20 911.69 8.00 2894941 0.97
24.91 7.79 194.03 911.62 8.00 2894961 0.97
24.91 7.79 194.03 912.71 8.00 2894981 0.97
24.91 7.79 194.03 912.37 8.00 2895001 0.97
24.91 7.79 194.02 912.73 8.00 2895021 0.97
24.91 7.79 194.02 913.31 8.00 2895041 0.97
24.91 7.79 194.02 913.27 8.00 2895061 0.97
24.91 7.79 194.02 914.20 8.00 2895081 0.97
24.91 7.80 194.33 914.26 8.00 2895101 0.97
24.91 7.80 194.33 915.09 8.00 2895121 0.97
24.91 7.80 194.33 915.67 8.00 2895141 0.97
24.91 7.80 194.33 915.75 8.00 2895161 0.97
24.92 7.73 192.54 915.92 8.00 2895181 0.97
24.92 7.73 192.54 915.90 8.00 2895201 0.97
24.92 7.73 192.54 917.07 8.00 2895221 0.97
24.91 7.78 193.95 916.86 8.00 2895241 0.97
24.91 7.78 193.95 917.11 8.00 2895261 0.97
24.91 7.78 193.95 918.63 8.00 2895281 0.97
24.91 7.78 193.95 918.81 8.00 2895301 0.97
24.92 7.75 193.04 918.48 8.00 2895321 0.97
24.92 7.75 193.04 919.26 8.00 2895341 0.97
24.92 7.75 193.04 919.79 8.00 2895361 0.97
24.91 7.79 194.20 919.62 8.00 2895381 0.97
24.91 7.79 194.20 920.05 8.00 2895401 0.97
24.91 7.79 194.20 920.10 8.00 2895421 0.97
24.91 7.79 194.20 920.46 8.00 2895441 0.97
24.91 7.83 195.06 920.70 8.00 2895461 0.97
24.91 7.83 195.06 922.25 8.00 2895481 0.97
24.91 7.83 195.06 921.31 8.00 2895501 0.98
24.91 7.83 195.06 921.91 8.00 2895521 0.98
24.91 7.79 194.03 922.84 8.00 2895541 0.98
24.91 7.79 194.03 923.25 8.00 2895561 0.98
24.91 7.79 194.03 922.96 8.00 2895581 0.98
24.91 7.79 194.02 923.83 8.00 2895601 0.98
24.91 7.79 194.02 923.42 8.00 2895621 0.98
24.91 7.79 194.02 923.92 8.00 2895641 0.98
24.91 7.79 194.02 924.68 8.00 2895661 0.98
24.91 7.76 193.46 924.96 8.00 2895681 0.98
24.91 7.76 193.46 925.58 8.00 2895701 0.98
24.91 7.76 193.46 925.81 8.00 2895721 0.98
24.91 7.76 193.46 926.74 8.00 2895741 0.98
24.91 7.78 193.96 926.47 8.00 2895761 0.98
24.91 7.78 193.96 926.98 8.00 2895781 0.98
24.91 7.78 193.96 926.93 8.00 2895801 0.98
24.91 7.76 193.28 926.51 8.00 2895821 0.98
24.91 7.76 193.28 927.62 8.00 2895841 0.98
24.91 7.76 193.28 928.71 8.00 2895861 0.98
24.91 7.76 193.28 928.23 8.00 2895881 0.98
24.91 7.84 195.25 928.66 8.00 2895901 0.98
24.91 7.84 195.25 929.30 8.00 2895921 0.98
24.91 7.84 195.25 929.80 8.00 2895941 0.98
24.91 7.86 195.93 930.09 8.00 2895961 0.98
24.91 7.86 195.93 930.12 8.00 2895981 0.98
24.91 7.86 195.93 930.54 8.00 2896001 0.98
24.91 7.86 195.93 932.05 8.00 2896021 0.98
24.91 7.83 195.00 931.43 8.00 2896041 0.98
24.91 7.83 195.00 932.20 8.00 2896061 0.98
24.91 7.83 195.00 932.50 8.00 2896081 0.98
24.91 7.83 195.00 932.05 8.00 2896101 0.98
24.91 7.85 195.64 933.01 8.00 2896121 0.98
24.91 7.85 195.64 933.52 8.00 2896141 0.98
24.91 7.85 195.64 933.36 8.00 2896161 0.98
24.91 7.83 195.12 933.56 8.00 2896181 0.98
24.91 7.83 195.12 934.86 8.00 2896201 0.98
24.91 7.83 195.12 934.49 8.00 2896221 0.98
24.91 7.83 195.12 935.28 8.00 2896241 0.98
24.91 7.78 193.83 935.80 8.00 2896261 0.98
24.91 7.78 193.83 935.88 8.00 2896281 0.98
24.91 7.78 193.83 936.27 8.00 2896301 0.98
24.92 7.74 192.79 936.70 8.00 2896321 0.98
24.92 7.74 192.79 936.84 8.00 2896341 0.98
24.92 7.74 192.79 936.74 8.00 2896361 0.98
24.92 7.74 192.79 937.08 8.00 2896381 0.98
24.91 7.77 193.53 938.42 8.00 2896401 0.98
24.91 7.77 193.53 938.29 8.00 2896421 0.98
24.91 7.77 193.53 938.44 8.00 2896441 0.98
24.91 7.77 193.53 938.69 8.00 2896461 0.98
24.91 7.81 194.57 939.57 8.00 2896481 0.98
24.91 7.81 194.57 940.11 8.00 2896501 0.99
24.91 7.81 194.57 939.01 8.00 2896521 0.99
24.91 7.82 194.83 940.09 8.00 2896541 0.99
24.91 7.82 194.83 940.78 8.00 2896561 0.99
24.91 7.82 194.83 940.34 8.00 2896581 0.99
24.91 7.82 194.83 941.27 8.00 2896601 0.99
24.93 7.45 185.83 941.29 8.00 2896621 0.99
24.93 7.45 185.83 942.09 8.00 2896641 0.99
24.93 7.45 185.83 941.10 8.00 2896661 0.99
24.93 7.45 185.83 941.68 8.00 2896681 0.99
25.07 1.54 38.74 942.39 8.00 2896701 0.99
25.07 1.54 38.74 942.29 8.00 2896721 1.00
25.07 1.54 38.74 941.71 8.00 2896741 1.01
25.01 2.77 69.42 942.58 8.00 2896761 1.01
25.01 2.77 69.42 942.73 8.00 2896781 1.02
25.01 2.77 69.42 942.49 8.00 2896801 1.02
25.01 2.77 69.42 942.61 8.00 2896821 1.03
24.98 4.34 108.35 942.88 8.00 2896841 1.03
24.98 4.34 108.35 942.64 8.00 2896861 1.04
24.98 4.34 108.35 943.08 8.00 2896881 1.04
24.97 5.00 124.80 943.43 8.00 2896901 1.04
24.97 5.00 124.80 943.93 8.00 2896921 1.05
24.97 5.00 124.80 943.14 8.00 2896941 1.05
24.97 5.00 124.80 944.00 8.00 2896961 1.05
24.97 5.14 128.46 944.41 8.00 2896981 1.05
24.97 5.14 128.46 944.76 8.00 2897001 1.06
24.97 5.14 128.46 945.27 8.00 2897021 1.06
24.97 5.14 128.46 945.03 8.00 2897041 1.06
24.94 6.56 163.59 946.10 8.00 2897061 1.06
24.94 6.56 163.59 945.75 8.00 2897081 1.07
24.94 6.56 163.59 945.06 8.00 2897101 1.07
24.94 6.48 161.63 946.87 8.00 2897121 1.07
24.94 6.48 161.63 946.55 8.00 2897141 1.07
24.94 6.48 161.63 947.09 8.00 2897161 1.07
24.94 6.48 161.63 947.25 8.00 2897181 1.07
24.94 6.41 159.82 947.96 8.00 2897201 1.07
24.94 6.41 159.82 947.52 8.00 2897221 1.08
24.94 6.41 159.82 948.92 8.00 2897241 1.08
24.94 6.41 159.82 947.82 8.00 2897261 1.08
24.94 6.36 158.77 948.53 8.00 2897281 1.08
24.94 6.36 158.77 948.50 8.00 2897301 1.08
24.94 6.36 158.77 949.31 8.00 2897321 1.08
24.94 6.31 157.53 949.31 8.00 2897341 1.09
24.94 6.31 157.53 949.80 8.00 2897361 1.09
24.94 6.31 157.53 950.60 8.00 2897381 1.09
24.94 6.31 157.53 950.53 8.00 2897401 1.09
24.95 6.17 154.00 950.28 8.00 2897421 1.09
24.95 6.17 154.00 951.19 8.00 2897441 1.09
24.95 6.17 154.00 950.87 8.00 2897461 1.10
24.95 6.18 154.12 951.29 8.00 2897481 1.10
24.95 6.18 154.12 950.69 8.00 2897501 1.10
24.95 6.18 154.12 951.26 8.00 2897521 1.10
24.95 6.18 154.12 951.70 8.00 2897541 1.10
24.95 6.10 152.19 952.88 8.00 2897561 1.11
24.95 6.10 152.19 952.94 8.00 2897581 1.11
24.95 6.10 152.19 953.00 8.00 2897601 1.11
24.95 6.10 152.19 953.47 8.00 2897621 1.11
24.95 6.04 150.64 951.93 8.00 2897641 1.11
24.95 6.04 150.64 953.27 8.00 2897661 1.12
24.95 6.04 150.64 953.83 8.00 2897681 1.12
24.95 5.93 148.11 953.96 8.00 2897701 1.12
24.95 5.93 148.11 954.52 8.00 2897721 1.12
24.95 5.93 148.11 954.91 8.00 2897741 1.12
24.95 5.93 148.11 954.68 8.00 2897761 1.13
24.95 5.89 146.98 954.93 8.00 2897781 1.13
24.95 5.89 146.98 956.28 8.00 2897801 1.13
24.95 5.89 146.98 955.37 8.00 2897821 1.13
24.96 5.77 144.00 955.41 8.00 2897841 1.13
24.96 5.77 144.00 956.25 8.00 2897861 1.14
24.96 5.77 144.00 956.51 8.00 2897881 1.14
24.96 5.77 144.00 956.66 8.00 2897901 1.14
24.96 5.78 144.32 956.50 8.00 2897921 1.14
24.96 5.78 144.32 957.73 8.00 2897941 1.15
24.96 5.78 144.32 957.08 8.00 2897961 1.15
24.96 5.78 144.32 957.26 8.00 2897981 1.15
24.96 5.71 142.46 957.59 8.00 2898001 1.15
24.96 5.71 142.46 957.18 8.00 2898021 1.15
24.96 5.71 142.46 958.37 8.00 2898041 1.16
24.96 5.64 140.77 958.74 8.00 2898061 1.16
24.96 5.64 140.77 958.50 8.00 2898081 1.16
24.96 5.64 140.77 958.96 8.00 2898101 1.16
24.96 5.64 140.77 959.98 8.00 2898121 1.17
24.96 5.56 138.85 960.08 8.00 2898141 1.17
24.96 5.56 138.85 961.11 8.00 2898161 1.17
24.96 5.56 138.85 959.71 8.00 2898181 1.17
24.96 5.56 138.85 960.60 8.00 2898201 1.18
24.97 5.45 136.00 960.37 8.00 2898221 1.18
24.97 5.45 136.00 960.12 8.00 2898241 1.18
24.97 5.45 136.00 960.26 8.00 2898261 1.18
24.97 5.44 135.87 960.91 8.00 2898281 1.19
24.97 5.44 135.87 961.29 8.00 2898301 1.19
24.97 5.44 135.87 961.89 8.00 2898321 1.19
24.97 5.44 135.87 962.25 8.00 2898341 1.19
24.97 5.37 134.01 961.89 8.00 2898361 1.20
24.97 5.37 134.01 962.29 8.00 2898381 1.20
24.97 5.37 134.01 963.75 8.00 2898401 1.20
24.97 5.39 134.56 962.48 8.00 2898421 1.20
24.97 5.39 134.56 962.65 8.00 2898441 1.21
24.97 5.39 134.56 962.65 8.00 2898461 1.21
24.97 5.39 134.56 962.80 8.00 2898481 1.21
24.97 5.32 132.96 963.75 8.00 2898501 1.21
24.97 5.32 132.96 962.71 8.00 2898521 1.22
24.97 5.32 132.96 963.36 8.00 2898541 1.22
24.97 5.32 132.96 964.38 8.00 2898561 1.22
24.97 5.24 130.83 964.40 8.00 2898581 1.23
24.97 5.24 130.83 964.49 8.00 2898601 1.23
24.97 5.24 130.83 965.22 8.00 2898621 1.23
24.97 5.30 132.33 964.80 8.00 2898641 1.23
24.97 5.30 132.33 965.48 8.00 2898661 1.24
24.97 5.30 132.33 966.03 8.00 2898681 1.24
24.97 5.30 132.33 965.69 8.00 2898701 1.24
24.97 5.19 129.72 965.28 8.00 2898721 1.24
24.97 5.19 129.72 966.62 8.00 2898741 1.25
24.97 5.19 129.72 966.42 8.00 2898761 1.25
24.97 5.13 128.10 966.65 8.00 2898781 1.25
24.97 5.13 128.10 966.46 8.00 2898801 1.26
24.97 5.13 128.10 967.10 8.00 2898821 1.26
24.97 5.13 128.10 966.93 8.00 2898841 1.26
24.97 5.01 125.06 967.98 8.00 2898861 1.26
24.97 5.01 125.06 967.85 8.00 2898881 1.27
24.97 5.01 125.06 969.05 8.00 2898901 1.27
24.97 5.01 125.06 967.77 8.00 2898921 1.27
24.97 5.00 124.99 968.38 8.00 2898941 1.28
24.97 5.00 124.99 968.70 8.00 2898961 1.28
24.97 5.00 124.99 969.37 8.00 2898981 1.28
24.97 5.03 125.68 968.65 8.00 2899001 1.29
24.97 5.03 125.68 968.84 8.00 2899021 1.29
24.97 5.03 125.68 968.96 8.00 2899041 1.29
24.97 5.03 125.68 968.79 8.00 2899061 1.29
24.98 4.90 122.38 969.99 8.00 2899081 1.30
24.98 4.90 122.38 969.65 8.00 2899101 1.30
24.98 4.90 122.38 969.70 8.00 2899121 1.30
24.98 4.90 122.38 971.08 8.00 2899141 1.31
24.98 4.85 121.27 970.39 8.00 2899161 1.31
24.98 4.85 121.27 971.38 8.00 2899181 1.31
24.98 4.85 121.27 970.95 8.00 2899201 1.32
24.98 4.85 121.14 970.58 8.00 2899221 1.32
24.98 4.85 121.14 971.42 8.00 2899241 1.32
24.98 4.85 121.14 971.31 8.00 2899261 1.33
24.98 4.85 121.14 971.88 8.00 2899281 1.33
24.98 4.83 120.72 971.25 8.00 2899301 1.33
24.98 4.83 120.72 972.48 8.00 2899321 1.34
24.98 4.83 120.72 971.44 8.00 2899341 1.34
24.98 4.65 116.16 972.01 8.00 2899361 1.34
24.98 4.65 116.16 973.02 8.00 2899381 1.35
24.98 4.65 116.16 972.92 8.00 2899401 1.35
24.98 4.65 116.16 972.75 8.00 2899421 1.35
24.98 4.78 119.52 973.55 8.00 2899441 1.36
24.98 4.78 119.52 973.90 8.00 2899461 1.36
24.98 4.78 119.52 973.43 8.00 2899481 1.36
24.98 4.78 119.52 973.35 8.00 2899501 1.36
24.98 4.76 119.03 974.20 8.00 2899521 1.37
24.98 4.76 119.03 974.12 8.00 2899541 1.37
24.98 4.76 119.03 974.52 8.00 2899561 1.37
24.98 4.59 114.61 973.93 8.00 2899581 1.38
24.98 4.59 114.61 975.61 8.00 2899601 1.38
24.98 4.59 114.61 975.20 8.00 2899621 1.38
24.98 4.59 114.61 974.75 8.00 2899641 1.39
24.98 4.68 116.96 975.29 8.00 2899661 1.39
24.98 4.68 116.96 974.67 8.00 2899681 1.39
24.98 4.68 116.96 975.05 8.00 2899701 1.40
24.98 4.68 116.96 975.48 8.00 2899721 1.40
24.98 4.59 114.74 976.59 8.00 2899741 1.40
24.98 4.59 114.74 976.05 8.00 2899761 1.41
24.98 4.59 114.74 976.50 8.00 2899781 1.41
24.98 4.51 112.62 976.50 8.00 2899801 1.42
24.98 4.51 112.62 976.80 8.00 2899821 1.42
24.98 4.51 112.62 977.26 8.00 2899841 1.42
24.98 4.51 112.62 976.71 8.00 2899861 1.43
24.98 4.58 114.35 977.33 8.00 2899881 1.43
24.98 4.58 114.35 977.55 8.00 2899901 1.43
24.98 4.58 114.35 977.52 8.00 2899921 1.44
24.99 4.47 111.75 977.98 8.00 2899941 1.44
24.99 4.47 111.75 977.77 8.00 2899961 1.44
24.99 4.47 111.75 978.12 8.00 2899981 1.45
24.99 4.47 111.75 978.04 8.00 2900001 1.45
24.98 4.53 113.11 978.28 8.00 2900021 1.45
24.98 4.53 113.11 977.82 8.00 2900041 1.46
24.98 4.53 113.11 979.03 8.00 2900061 1.46
24.98 4.53 113.11 978.46 8.00 2900081 1.46
24.98 4.51 112.68 979.00 8.00 2900101 1.47
24.98 4.51 112.68 979.08 8.00 2900121 1.47
24.98 4.51 112.68 979.58 8.00 2900141 1.47
24.98 4.49 112.12 979.64 8.00 2900161 1.48
24.98 4.49 112.12 979.96 8.00 2900181 1.48
24.98 4.49 112.12 980.28 8.00 2900201 1.49
24.98 4.49 112.12 980.58 8.00 2900221 1.49
24.99 4.46 111.38 980.66 8.00 2900241 1.49
24.99 4.46 111.38 980.65 8.00 2900261 1.50
24.99 4.46 111.38 980.58 8.00 2900281 1.50
24.99 4.38 109.50 980.34 8.00 2900301 1.50
24.99 4.38 109.51 980.97 8.00 2900321 1.51
24.99 4.38 109.51 981.00 8.00 2900341 1.51
24.99 4.38 109.51 980.02 8.00 2900361 1.51
24.99 4.37 109.26 981.31 8.00 2900381 1.52
24.99 4.37 109.26 981.92 8.00 2900401 1.52
24.99 4.37 109.26 981.23 8.00 2900421 1.52
24.99 4.37 109.26 981.69 8.00 2900441 1.53
24.99 4.32 108.01 982.95 8.00 2900461 1.53
24.99 4.32 108.01 982.35 8.00 2900481 1.54
24.99 4.32 108.01 982.56 8.00 2900501 1.54
24.99 4.29 107.21 982.48 8.00 2900521 1.54
24.99 4.29 107.21 983.32 8.00 2900541 1.55
24.99 4.29 107.21 983.36 8.00 2900561 1.55
24.99 4.29 107.21 983.20 8.00 2900581 1.55
24.99 4.29 107.20 983.53 8.00 2900601 1.56
24.99 4.29 107.20 983.46 8.00 2900621 1.56
24.99 4.29 107.20 984.03 8.00 2900641 1.57
24.99 4.29 107.20 983.85 8.00 2900661 1.57
24.99 4.19 104.78 983.61 8.00 2900681 1.57
24.99 4.19 104.78 983.85 8.00 2900701 1.58
24.99 4.19 104.78 984.37 8.00 2900721 1.58
24.99 4.18 104.59 984.45 8.00 2900741 1.58
24.99 4.18 104.59 985.09 8.00 2900761 1.59
24.99 4.18 104.59 984.33 8.00 2900781 1.59
24.99 4.18 104.59 985.00 8.00 2900801 1.60
24.99 4.11 102.72 984.45 8.00 2900821 1.60
24.99 4.11 102.72 984.28 8.00 2900841 1.60
24.99 4.11 102.72 984.64 8.00 2900861 1.61
24.99 4.14 103.59 985.37 8.00 2900881 1.61
24.99 4.14 103.59 985.45 8.00 2900901 1.61
24.99 4.14 103.59 985.71 8.00 2900921 1.62
24.99 4.14 103.59 985.79 8.00 2900941 1.62
25.00 4.04 100.98 986.58 8.00 2900961 1.63
25.00 4.04 100.98 986.63 8.00 2900981 1.63
25.00 4.04 100.98 986.03 8.00 2901001 1.63
25.00 4.04 100.98 987.49 8.00 2901021 1.64
25.00 3.97 99.24 986.73 8.00 2901041 1.64
25.00 3.97 99.24 986.96 8.00 2901061 1.65
25.00 3.97 99.24 987.61 8.00 2901081 1.65
25.00 3.98 99.55 986.89 8.00 2901101 1.65
25.00 3.98 99.55 987.39 8.00 2901121 1.66
25.00 3.98 99.55 987.07 8.00 2901141 1.66
25.00 3.98 99.55 988.00 8.00 2901161 1.67
24.99 3.98 99.54 987.22 8.00 2901181 1.67
24.99 3.98 99.54 987.02 8.00 2901201 1.67
24.99 3.98 99.54 987.72 8.00 2901221 1.68
24.99 3.98 99.54 988.00 8.00 2901241 1.68
25.00 3.91 97.74 987.52 8.00 2901261 1.69
25.00 3.91 97.74 987.67 8.00 2901281 1.69
25.00 3.91 97.74 988.34 8.00 2901301 1.69
24.99 4.01 100.29 988.81 8.00 2901321 1.70
24.99 4.01 100.29 988.88 8.00 2901341 1.70
24.99 4.01 100.29 989.22 8.00 2901361 1.71
24.99 4.01 100.29 988.70 8.00 2901381 1.71
25.00 3.95 98.74 989.20 8.00 2901401 1.71
25.00 3.95 98.74 989.49 8.00 2901421 1.72
25.00 3.95 98.74 990.08 8.00 2901441 1.72
25.00 3.87 96.87 989.92 8.00 2901461 1.73
25.00 3.87 96.87 989.28 8.00 2901481 1.73
25.00 3.87 96.87 989.76 8.00 2901501 1.74
25.00 3.87 96.87 989.61 8.00 2901521 1.74
25.00 3.81 95.37 990.15 8.00 2901541 1.74
25.00 3.81 95.37 990.56 8.00 2901561 1.75
25.00 3.81 95.37 990.64 8.00 2901581 1.75
25.00 3.81 95.37 990.79 8.00 2901601 1.76
25.00 3.85 96.25 991.19 8.00 2901621 1.76
25.00 3.85 96.25 991.13 8.00 2901641 1.76
25.00 3.85 96.25 991.19 8.00 2901661 1.77
25.00 3.72 93.07 991.16 8.00 2901681 1.77
25.00 3.72 93.07 991.49 8.00 2901701 1.78
25.00 3.72 93.07 991.87 8.00 2901721 1.78
25.00 3.72 93.07 992.18 8.00 2901741 1.79
25.00 3.80 95.12 991.42 8.00 2901761 1.79
25.00 3.80 95.12 992.05 8.00 2901781 1.79
25.00 3.80 95.12 991.34 8.00 2901801 1.80
25.00 3.79 94.81 992.44 8.00 2901821 1.80
25.00 3.79 94.81 992.19 8.00 2901841 1.81
25.00 3.79 94.81 992.19 8.00 2901861 1.81
25.00 3.79 94.81 992.36 8.00 2901881 1.82
25.00 3.58 89.64 993.39 8.00 2901901 1.82
25.00 3.58 89.64 992.69 8.00 2901921 1.82
25.00 3.58 89.64 993.41 8.00 2901941 1.83
25.00 3.58 89.64 992.03 8.00 2901961 1.83
25.00 3.63 90.83 993.59 8.00 2901981 1.84
25.00 3.63 90.83 993.57 8.00 2902001 1.84
25.00 3.63 90.83 994.18 8.00 2902021 1.85
25.01 3.56 89.15 993.49 8.00 2902041 1.85
25.01 3.56 89.15 994.13 8.00 2902061 1.85
25.01 3.56 89.15 993.64 8.00 2902081 1.86
25.01 3.56 89.15 994.05 8.00 2902101 1.86
25.00 3.72 93.12 994.28 8.00 2902121 1.87
25.00 3.72 93.12 994.38 8.00 2902141 1.87
25.00 3.72 93.12 993.97 8.00 2902161 1.88
25.00 3.72 93.12 994.38 8.00 2902181 1.88
25.00 3.54 88.64 994.12 8.00 2902201 1.89
25.00 3.54 88.64 994.61 8.00 2902221 1.89
25.00 3.54 88.64 994.88 8.00 2902241 1.89
25.00 3.63 90.89 995.67 8.00 2902261 1.90
25.00 3.63 90.89 994.63 8.00 2902281 1.90
25.00 3.63 90.89 995.31 8.00 2902301 1.91
25.00 3.63 90.89 995.12 8.00 2902321 1.91
25.00 3.61 90.26 996.48 8.00 2902341 1.92
25.00 3.61 90.26 995.39 8.00 2902361 1.92
25.00 3.61 90.26 996.33 8.00 2902381 1.92
25.01 3.52 87.96 995.59 8.00 2902401 1.93
25.01 3.52 87.96 995.72 8.00 2902421 1.93
25.01 3.52 87.96 996.05 8.00 2902441 1.94
25.01 3.52 87.96 997.34 8.00 2902461 1.94
25.00 3.61 90.20 996.23 8.00 2902481 1.95
25.00 3.61 90.20 996.25 8.00 2902501 1.95
25.00 3.61 90.20 996.05 8.00 2902521 1.96
25.00 3.61 90.20 996.98 8.00 2902541 1.96
25.01 3.34 83.60 997.14 8.00 2902561 1.97
25.01 3.34 83.60 996.78 8.00 2902581 1.97
25.01 3.34 83.60 997.11 8.00 2902601 1.97
25.00 3.54 88.64 997.26 8.00 2902621 1.98
25.00 3.54 88.64 997.89 8.00 2902641 1.98
25.00 3.54 88.64 997.77 8.00 2902661 1.99
25.00 3.54 88.64 997.21 8.00 2902681 1.99
25.01 3.35 83.91 997.06 8.00 2902701 2.00
25.01 3.35 83.91 997.64 8.00 2902721 2.00
25.01 3.35 83.91 998.45 8.00 2902741 2.01
25.01 3.35 83.91 998.83 8.00 2902761 2.01
25.01 3.42 85.46 998.09 8.00 2902781 2.02
25.01 3.42 85.46 998.39 8.00 2902801 2.02
25.01 3.42 85.46 997.95 8.00 2902821 2.02
25.01 3.34 83.53 997.94 8.00 2902841 2.03
25.01 3.34 83.53 997.77 8.00 2902861 2.03
25.01 3.34 83.53 998.19 8.00 2902881 2.04
25.01 3.34 83.53 998.67 8.00 2902901 2.04
25.01 3.35 83.78 999.35 8.00 2902921 2.05
25.01 3.35 83.78 999.82 8.00 2902941 2.05
25.01 3.35 83.78 999.97 8.00 2902961 2.06
25.01 3.15 78.73 999.50 8.00 2902981 2.06
25.01 3.15 78.73 998.95 8.00 2903001 2.07
25.01 3.15 78.73 999.13 8.00 2903021 2.07
25.01 3.15 78.73 1000.23 8.00 2903041 2.08
25.01 3.32 83.03 1000.22 8.00 2903061 2.08
25.01 3.32 83.03 999.70 8.00 2903081 2.09
25.01 3.32 83.03 999.27 8.00 2903101 2.09
25.01 3.32 83.03 999.53 8.00 2903121 2.10
25.01 3.28 82.10 999.78 8.00 2903141 2.10
25.01 3.28 82.10 1000.35 8.00 2903161 2.10
25.01 3.28 82.10 999.70 8.00 2903181 2.11
25.01 3.32 83.04 1000.13 8.00 2903201 2.11
25.01 3.32 83.04 1000.72 8.00 2903221 2.12
25.01 3.32 83.04 1001.75 8.00 2903241 2.12
25.01 3.32 83.04 1001.75 8.00 2903261 2.13
25.01 3.31 82.72 1000.75 8.00 2903281 2.13
25.01 3.31 82.72 1000.07 8.00 2903301 2.14
25.01 3.31 82.72 1000.62 8.00 2903321 2.14
25.01 3.24 81.10 1001.67 8.00 2903341 2.15
25.01 3.24 81.10 1001.84 8.00 2903361 2.15
25.01 3.24 81.10 1001.34 8.00 2903381 2.16
25.01 3.24 81.10 1001.10 8.00 2903401 2.16
25.01 3.27 81.79 1001.95 8.00 2903421 2.17
25.01 3.27 81.79 1002.59 8.00 2903441 2.17
25.01 3.27 81.79 1002.20 8.00 2903461 2.18
25.01 3.27 81.79 1001.54 8.00 2903481 2.18
25.01 3.18 79.55 1002.10 8.00 2903501 2.18
25.01 3.18 79.55 1002.02 8.00 2903521 2.19
25.01 3.18 79.55 1002.71 8.00 2903541 2.19
25.01 3.21 80.41 1002.86 8.00 2903561 2.20
25.01 3.21 80.41 1002.74 8.00 2903581 2.20
25.01 3.21 80.41 1003.08 8.00 2903601 2.21
25.01 3.21 80.41 1001.99 8.00 2903621 2.21
25.01 3.22 80.66 1002.66 8.00 2903641 2.22
25.01 3.22 80.66 1002.29 8.00 2903661 2.22
25.01 3.22 80.66 1003.28 8.00 2903681 2.23
25.01 3.22 80.66 1002.37 8.00 2903701 2.23
25.01 3.17 79.29 1003.36 8.00 2903721 2.24
25.01 3.17 79.29 1003.29 8.00 2903741 2.24
25.01 3.17 79.29 1004.39 8.00 2903761 2.25
25.01 3.17 79.41 1003.90 8.00 2903781 2.25
25.01 3.17 79.41 1003.23 8.00 2903801 2.26
25.01 3.17 79.41 1003.28 8.00 2903821 2.26
25.01 3.17 79.41 1004.00 8.00 2903841 2.27
25.01 3.11 77.73 1003.65 8.00 2903861 2.27
25.01 3.11 77.73 1004.25 8.00 2903881 2.28
25.01 3.11 77.73 1004.12 8.00 2903901 2.28
25.02 3.00 75.18 1003.85 8.00 2903921 2.29
25.02 3.00 75.18 1003.81 8.00 2903941 2.29
25.02 3.00 75.18 1004.65 8.00 2903961 2.29
25.02 3.00 75.18 1005.06 8.00 2903981 2.29
25.08 1.42 35.55 1004.12 8.00 2904001 2.29
25.08 1.42 35.55 1004.72 8.00 2904021 2.29
25.08 1.42 35.55 1003.66 8.00 2904041 2.29
25.08 1.42 35.55 1004.20 8.00 2904061 2.29
25.08 0.01 0.25 1003.21 8.00 2904081 2.29
25.08 0.01 0.25 1004.20 8.00 2904101 2.29
25.08 0.01 0.25 1004.65 8.00 2904121 2.29
25.08 0.01 0.25 1004.47 8.00 2904141 2.29
25.08 0.01 0.25 1003.86 8.00 2904161 2.29
25.08 0.01 0.25 1003.56 8.00 2904181 2.29
25.08 0.01 0.25 1003.73 8.00 2904201 2.29
25.08 0.01 0.19 1004.00 8.00 2904221 2.29
25.08 0.01 0.19 1004.22 8.00 2904241 2.29
25.08 0.01 0.19 1003.81 8.00 2904261 2.29
25.08 0.01 0.19 1003.24 8.00 2904281 2.29
25.08 0.01 0.19 1002.77 8.00 2904301 2.29
25.08 0.01 0.19 1003.43 8.00 2904321 2.29
25.08 0.01 0.19 1003.51 8.00 2904341 2.29
25.08 0.01 0.19 1003.81 8.00 2904361 2.29
25.08 0.01 0.19 1003.19 8.00 2904381 2.29
25.08 0.01 0.19 1003.14 8.00 2904401 2.29
25.08 0.01 0.19 1003.16 8.00 2904421 2.29
25.08 0.01 0.19 1002.99 8.00 2904441 2.29
25.08 0.01 0.19 1002.82 8.00 2904461 2.29
25.08 0.01 0.19 1002.71 8.00 2904481 2.29
25.08 0.01 0.19 1003.08 8.00 2904501 2.29
25.08 0.01 0.19 1002.61 8.00 2904521 2.29
25.08 0.01 0.19 0.00 8.00 2904541 2.29
25.08 0.01 0.19 1002.79 8.00 2904561 2.29
25.08 0.01 0.19 1002.52 8.00 2904581 2.29
25.08 0.01 0.19 1002.42 8.00 2904601 2.29
25.08 0.01 0.19 1002.79 8.00 2904621 2.29
25.08 0.01 0.19 1002.36 8.00 2904641 2.29
25.08 0.01 0.19 1003.23 8.00 2904661 2.29
25.08 0.01 0.19 1002.49 8.00 2904681 2.29
25.08 0.01 0.19 1002.49 8.00 2904701 2.29
25.08 0.01 0.25 1002.24 8.00 2904721 2.29
25.08 0.01 0.25 1002.59 8.00 2904741 2.29
25.08 0.01 0.25 1002.34 8.00 2904761 2.29
25.08 0.01 0.25 1002.31 8.00 2904781 2.29
25.08 0.01 0.19 1001.50 8.00 2904801 2.29
25.08 0.01 0.19 1001.94 8.00 2904821 2.29
25.08 0.01 0.19 1001.60 8.00 2904841 2.29
25.08 0.01 0.38 1002.27 8.00 2904861 2.29
25.08 0.01 0.38 1002.61 8.00 2904881 2.29
25.08 0.01 0.38 1001.45 8.00 2904901 2.29
25.08 0.01 0.38 1001.89 8.00 2904921 2.29
25.08 0.01 0.38 1001.34 8.00 2904941 2.29
25.08 0.01 0.38 1001.45 8.00 2904961 2.29
25.08 0.01 0.38 1001.29 8.00 2904981 2.29
25.08 0.01 0.38 1002.05 8.00 2905001 2.29
25.08 0.01 0.38 1001.47 8.00 2905021 2.29
25.08 0.01 0.38 1001.47 8.00 2905041 2.29
25.08 0.01 0.38 1001.18 8.00 2905061 2.29
25.08 0.01 0.38 1000.93 8.00 2905081 2.29
25.08 0.01 0.38 1000.47 8.00 2905101 2.29
25.08 0.01 0.38 1001.27 8.00 2905121 2.29
25.08 0.01 0.38 1000.98 8.00 2905141 2.29
25.08 0.01 0.38 1001.50 8.00 2905161 2.29
25.08 0.01 0.38 1001.20 8.00 2905181 2.29
25.08 0.01 0.38 1000.73 8.00 2905201 2.29
25.08 0.01 0.38 1000.48 8.00 2905221 2.29
25.08 0.01 0.38 1000.58 8.00 2905241 2.29
25.08 0.01 0.38 1001.13 8.00 2905261 2.29
25.08 0.01 0.38 1001.08 8.00 2905281 2.29
25.08 0.01 0.38 999.90 8.00 2905301 2.29
25.08 0.01 0.38 1000.03 8.00 2905321 2.29
25.08 0.01 0.38 1000.20 8.00 2905341 2.29
25.08 0.01 0.38 1000.62 8.00 2905361 2.29
25.08 0.01 0.38 1000.40 8.00 2905381 2.29
25.08 0.01 0.38 1000.25 8.00 2905401 2.29
25.08 0.01 0.38 1000.33 8.00 2905421 2.29
25.08 0.01 0.38 1001.03 8.00 2905441 2.29
25.08 0.01 0.38 999.90 8.00 2905461 2.29
25.08 0.01 0.38 999.85 8.00 2905481 2.29
25.08 0.01 0.38 999.72 8.00 2905501 2.29
25.08 0.01 0.38 999.58 8.00 2905521 2.29
25.08 0.01 0.38 999.98 8.00 2905541 2.29
25.08 0.01 0.38 999.78 8.00 2905561 2.29
25.08 0.01 0.38 999.77 8.00 2905581 2.29
25.08 0.01 0.38 1000.13 8.00 2905601 2.29
25.08 0.01 0.38 999.23 8.00 2905621 2.29
25.08 0.01 0.38 999.05 8.00 2905641 2.29
25.08 0.01 0.38 999.28 8.00 2905661 2.29
25.08 0.01 0.38 999.75 8.00 2905681 2.29
25.08 0.01 0.38 1000.07 8.00 2905701 2.29
25.08 0.01 0.38 999.38 8.00 2905721 2.29
25.08 0.01 0.38 999.02 8.00 2905741 2.29
25.08 0.01 0.38 998.75 8.00 2905761 2.29
25.08 0.01 0.38 999.07 8.00 2905781 2.29
25.08 0.01 0.38 998.98 8.00 2905801 2.29
25.08 0.01 0.38 998.80 8.00 2905821 2.29
25.08 0.01 0.38 999.08 8.00 2905841 2.29
25.08 0.01 0.38 998.88 8.00 2905861 2.29
25.08 0.01 0.38 999.27 8.00 2905881 2.29
25.08 0.01 0.38 998.52 8.00 2905901 2.29
25.08 0.01 0.38 999.05 8.00 2905921 2.29
25.08 0.01 0.38 998.14 8.00 2905941 2.29
25.08 0.01 0.38 998.80 8.00 2905961 2.29
25.08 0.01 0.38 998.80 8.00 2905981 2.29
25.08 0.01 0.38 998.80 8.00 2906001 2.29
25.08 0.01 0.38 997.97 8.00 2906021 2.29
25.08 0.01 0.38 997.94 8.00 2906041 2.29
25.08 0.01 0.38 997.99 8.00 2906061 2.29
25.08 0.01 0.38 998.34 8.00 2906081 2.29
25.08 0.01 0.38 998.02 8.00 2906101 2.29
25.08 0.01 0.38 998.04 8.00 2906121 2.29
25.08 0.01 0.38 997.16 8.00 2906141 2.29
25.08 0.01 0.38 998.69 8.00 2906161 2.29
25.08 0.01 0.38 997.76 8.00 2906181 2.29
25.08 0.01 0.38 998.72 8.00 2906201 2.29
25.08 0.01 0.38 997.61 8.00 2906221 2.29
25.08 0.01 0.38 998.00 8.00 2906241 2.29
25.08 0.01 0.38 997.17 8.00 2906261 2.29
25.08 0.01 0.38 997.92 8.00 2906281 2.29
25.08 0.01 0.38 998.22 8.00 2906301 2.29
25.08 0.01 0.38 997.67 8.00 2906321 2.29
25.08 0.01 0.38 997.13 8.00 2906341 2.29
25.08 0.01 0.38 997.39 8.00 2906361 2.29
25.08 0.01 0.38 997.52 8.00 2906381 2.29
