0.0020 0.3490 145.4775 3.2773 18.4438 0.0189 99.8023 866377 0.9423 0.5764 651.5804 21.4700 77.7561 0.0000 0.3025
0.0020 0.3031 126.3442 3.2764 18.4450 0.0164 99.8283 866428 0.9423 0.5764 651.6029 21.4800 77.2479 0.0000 0.3025
0.0030 0.3674 102.0894 3.2783 18.4438 0.0199 99.8613 866478 0.9423 0.5765 651.6190 21.4700 77.7561 0.0000 0.3025
0.0020 0.4408 183.7485 3.2806 18.4425 0.0239 99.7503 866528 0.9423 0.5765 651.6417 21.4800 77.7561 0.0000 0.3025
0.0030 0.4225 117.3949 3.2796 18.4425 0.0229 99.8405 866578 0.9423 0.5765 651.6580 21.4800 77.7561 0.0000 0.3025
0.0030 0.3030 84.2010 3.2681 18.4387 0.0164 99.8855 867513 0.9423 0.5768 652.0007 21.4200 77.7561 0.0000 0.3025
0.0010 0.3397 283.1830 3.2668 18.4363 0.0184 99.6150 867563 0.9423 0.5768 652.0213 21.4100 76.2329 0.0000 0.3025
0.0030 0.4407 122.4492 3.2706 18.4350 0.0239 99.8335 867613 0.9423 0.5768 652.0400 21.4100 77.2479 0.0000 0.3025
0.0010 0.3489 290.8366 3.2673 18.4363 0.0189 99.6046 867664 0.9423 0.5769 652.0618 21.3800 77.2479 0.0000 0.3025
0.0030 0.2846 79.0872 3.2638 18.4363 0.0154 99.8925 867715 0.9423 0.5769 652.0823 21.4000 77.7561 0.0000 0.3025
0.0030 0.3672 102.0410 3.2666 18.4350 0.0199 99.8613 867765 0.9423 0.5769 652.0995 21.4100 76.7401 0.0000 0.3025
0.0020 0.4865 202.7790 3.2697 18.4325 0.0264 99.7243 867816 0.9423 0.5769 652.1223 21.3900 77.7561 0.0000 0.3025
0.0030 0.4131 114.7884 3.2674 18.4338 0.0224 99.8439 867866 0.9423 0.5769 652.1392 21.4100 74.7139 0.0000 0.3025
0.0020 0.4865 202.7653 3.2681 18.4312 0.0264 99.7243 867916 0.9423 0.5769 652.1604 21.3600 78.2648 0.0000 0.3025
0.0010 0.4406 367.2729 3.2656 18.4312 0.0239 99.5006 867966 0.9423 0.5770 652.1784 21.3800 77.7561 0.0000 0.3025
0.0010 0.3121 260.1870 3.2619 18.4338 0.0169 99.6462 868017 0.9423 0.5770 652.2012 21.3700 77.7561 0.0000 0.3025
0.0020 0.4498 187.4622 3.2661 18.4312 0.0244 99.7451 868068 0.9423 0.5770 652.2225 21.3900 77.7561 0.0000 0.3025
0.0030 0.3121 86.7231 3.2603 18.4325 0.0169 99.8821 868118 0.9423 0.5770 652.2391 21.3400 77.2479 0.0000 0.3025
0.0030 0.3212 89.2617 3.2574 18.4300 0.0174 99.8786 868169 0.9423 0.5770 652.2601 21.3800 76.2329 0.0000 0.3025
0.0030 0.4773 132.6353 3.2692 18.4325 0.0259 99.8196 868219 0.9423 0.5770 652.2784 21.4000 78.2648 0.0000 0.3025
0.0020 0.3213 133.9016 3.2591 18.4312 0.0174 99.8179 868270 0.9423 0.5771 652.2996 21.3700 78.2648 0.0000 0.3025
0.0010 0.4313 359.5726 3.2617 18.4287 0.0234 99.5110 868320 0.9423 0.5771 652.3182 21.3900 77.2479 0.0000 0.3025
0.0020 0.4313 179.7863 3.2617 18.4287 0.0234 99.7555 868370 0.9423 0.5771 652.3405 21.3300 77.7561 0.0000 0.3025
0.0020 0.3121 130.0670 3.2569 18.4300 0.0169 99.8231 868420 0.9423 0.5771 652.3576 21.3600 77.7561 0.0000 0.3025
0.0020 0.4497 187.4241 3.2611 18.4275 0.0244 99.7451 868471 0.9423 0.5771 652.3808 21.3600 76.7401 0.0000 0.3025
0.0030 0.4038 112.1994 3.2586 18.4275 0.0219 99.8474 868522 0.9423 0.5772 652.4009 21.3300 77.7561 0.0000 0.3025
0.0020 0.4405 183.6115 3.2622 18.4287 0.0239 99.7503 868572 0.9423 0.5772 652.4175 21.3400 77.2479 0.0000 0.3025
0.0010 0.3396 283.0678 3.2568 18.4287 0.0184 99.6150 868623 0.9423 0.5772 652.4413 21.3400 77.7561 0.0000 0.3025
0.0010 0.3029 252.4659 3.2548 18.4287 0.0164 99.6566 868673 0.9423 0.5772 652.4578 21.3400 77.2479 0.0000 0.3025
0.0020 0.4038 168.3106 3.2602 18.4287 0.0219 99.7711 868723 0.9423 0.5772 652.4794 21.3300 81.8390 0.0000 0.3025
0.0010 0.4681 390.1745 3.2637 18.4287 0.0254 99.4694 868773 0.9423 0.5772 652.4976 21.3300 77.2479 0.0000 0.3025
0.0020 0.4037 168.2763 3.2552 18.4250 0.0219 99.7711 868824 0.9423 0.5773 652.5201 21.3300 77.2479 0.0000 0.3026
0.0010 0.3028 252.4316 3.2514 18.4263 0.0164 99.6566 868875 0.9423 0.5773 652.5405 21.3100 80.3043 0.0000 0.3026
0.0020 0.4313 179.7497 3.2567 18.4250 0.0234 99.7555 868925 0.9423 0.5773 652.5583 21.3600 77.7561 0.0000 0.3026
0.0030 0.4863 135.1218 3.2581 18.4237 0.0264 99.8162 868976 0.9423 0.5773 652.5813 21.3400 81.3269 0.0000 0.3026
0.0020 0.3946 164.4519 3.2547 18.4250 0.0214 99.7763 869026 0.9423 0.5773 652.5988 21.3200 78.2648 0.0000 0.3026
0.0020 0.4404 183.5617 3.2556 18.4237 0.0239 99.7503 869076 0.9423 0.5773 652.6205 21.2900 84.4063 0.0000 0.3026
0.0020 0.3854 160.6274 3.2542 18.4250 0.0209 99.7815 869126 0.9423 0.5774 652.6384 21.3000 76.2329 0.0000 0.3026
0.0020 0.2936 122.3911 3.2509 18.4263 0.0159 99.8335 869177 0.9423 0.5774 652.6607 21.3000 77.7561 0.0000 0.3026
0.0020 0.4129 172.0891 3.2541 18.4237 0.0224 99.7659 869228 0.9423 0.5774 652.6813 21.3100 77.7561 0.0000 0.3026
0.0020 0.2844 118.5583 3.2488 18.4250 0.0154 99.8387 869278 0.9423 0.5774 652.6964 21.2900 77.7561 0.0000 0.3026
0.0020 0.3945 164.4296 3.2514 18.4225 0.0214 99.7763 869328 0.9423 0.5774 652.7194 21.2800 77.2479 0.0000 0.3026
0.0020 0.4863 202.6828 3.2581 18.4237 0.0264 99.7243 869378 0.9423 0.5774 652.7382 21.2900 77.7561 0.0000 0.3026
0.0020 0.3578 149.1338 3.2494 18.4225 0.0194 99.7971 869429 0.9423 0.5775 652.7600 21.2800 78.2648 0.0000 0.3026
0.0020 0.3028 126.1987 3.2481 18.4237 0.0164 99.8283 869480 0.9423 0.5775 652.7795 21.2700 77.7561 0.0000 0.3026
0.0030 0.3578 99.4158 3.2478 18.4212 0.0194 99.8647 869530 0.9423 0.5775 652.7979 21.2600 79.7937 0.0000 0.3026
0.0030 0.4312 119.8169 3.2534 18.4225 0.0234 99.8370 869580 0.9423 0.5775 652.8197 21.3000 78.2648 0.0000 0.3026
0.0020 0.4311 179.7009 3.2501 18.4200 0.0234 99.7555 869630 0.9423 0.5775 652.8370 21.2700 77.7561 0.0000 0.3026
0.0020 0.4586 191.1453 3.2482 18.4175 0.0249 99.7399 869681 0.9423 0.5776 652.8599 21.2900 77.7561 0.0000 0.3026
0.0030 0.3486 96.8601 3.2456 18.4200 0.0189 99.8682 869732 0.9423 0.5776 652.8788 21.2600 77.7561 0.0000 0.3026
0.0020 0.4495 187.3351 3.2494 18.4188 0.0244 99.7451 869782 0.9423 0.5776 652.8967 21.2700 77.7561 0.0000 0.3026
0.0020 0.4219 175.8656 3.2479 18.4188 0.0229 99.7607 869833 0.9423 0.5776 652.9205 21.2600 78.2648 0.0000 0.3026
0.0020 0.2844 118.5262 3.2421 18.4200 0.0154 99.8387 869883 0.9423 0.5776 652.9371 21.2700 77.2479 0.0000 0.3026
0.0020 0.4494 187.3224 3.2477 18.4175 0.0244 99.7451 869933 0.9423 0.5776 652.9612 21.2500 77.7561 0.0000 0.3026
0.0020 0.2844 118.5342 3.2438 18.4212 0.0154 99.8387 869984 0.9423 0.5777 652.9778 21.2400 77.7561 0.0000 0.3026
0.0010 0.3027 252.3460 3.2431 18.4200 0.0164 99.6566 870034 0.9423 0.5777 652.9990 21.2500 77.7561 0.0000 0.3026
0.0010 0.4952 412.8178 3.2469 18.4150 0.0269 99.4381 870084 0.9423 0.5777 653.0180 21.2200 76.7401 0.0000 0.3026
0.0020 0.4586 191.1453 3.2482 18.4175 0.0249 99.7399 870135 0.9423 0.5777 653.0418 21.2400 77.7561 0.0000 0.3026
0.0010 0.4494 374.5939 3.2444 18.4150 0.0244 99.4902 870186 0.9423 0.5777 653.0626 21.2400 78.2648 0.0000 0.3026
0.0010 0.4586 382.2906 3.2482 18.4175 0.0249 99.4798 870236 0.9423 0.5778 653.0797 21.2300 77.7561 0.0000 0.3026
0.0020 0.4585 191.1193 3.2449 18.4150 0.0249 99.7399 870336 0.9423 0.5778 653.1197 21.2300 77.2479 0.0000 0.3026
0.0020 0.3577 149.0731 3.2394 18.4150 0.0194 99.7971 870387 0.9423 0.5778 653.1409 21.2400 77.7561 0.0000 0.3026
0.0030 0.4585 127.3956 3.2416 18.4125 0.0249 99.8266 870438 0.9423 0.5778 653.1613 21.2200 77.7561 0.0000 0.3026
0.0040 0.3393 70.7141 3.2384 18.4150 0.0184 99.9038 870488 0.9423 0.5778 653.1761 21.2400 77.2479 0.0000 0.3026
0.0020 0.4310 179.6400 3.2417 18.4137 0.0234 99.7555 870538 0.9423 0.5779 653.1996 21.2200 77.7561 0.0000 0.3026
0.0030 0.3210 89.1890 3.2374 18.4150 0.0174 99.8786 870589 0.9423 0.5779 653.2171 21.2000 76.7401 0.0000 0.3026
0.0030 0.2935 81.5443 3.2359 18.4150 0.0159 99.8890 870639 0.9423 0.5779 653.2390 21.2100 77.7561 0.0000 0.3026
0.0020 0.4035 168.1736 3.2402 18.4137 0.0219 99.7711 870690 0.9423 0.5779 653.2608 21.2100 77.7561 0.0000 0.3026
0.0020 0.2935 122.3164 3.2359 18.4150 0.0159 99.8335 870740 0.9423 0.5779 653.2770 21.2100 77.2479 0.0000 0.3026
0.0020 0.3668 152.8851 3.2383 18.4137 0.0199 99.7919 870791 0.9423 0.5779 653.3009 21.1800 81.3269 0.0000 0.3026
0.0040 0.4951 103.1834 3.2419 18.4112 0.0269 99.8595 870842 0.9423 0.5780 653.3215 21.2000 73.1991 0.0000 0.3026
0.0020 0.3851 160.5293 3.2392 18.4137 0.0209 99.7815 870892 0.9423 0.5780 653.3383 21.2000 77.2479 0.0000 0.3026
0.0030 0.2934 81.5387 3.2343 18.4137 0.0159 99.8890 870943 0.9423 0.5780 653.3606 21.2000 77.7561 0.0000 0.3026
0.0020 0.4126 171.9724 3.2374 18.4112 0.0224 99.7659 870994 0.9423 0.5780 653.3806 21.1500 77.2479 0.0000 0.3026
0.0020 0.3026 126.1216 3.2331 18.4125 0.0164 99.8283 871044 0.9423 0.5780 653.3964 21.1700 77.2479 0.0000 0.3026
0.0020 0.4034 168.1507 3.2369 18.4112 0.0219 99.7711 871094 0.9423 0.5781 653.4193 21.1900 78.2648 0.0000 0.3026
0.0030 0.4676 129.9435 3.2421 18.4125 0.0254 99.8231 871144 0.9423 0.5781 653.4375 21.1700 79.7937 0.0000 0.3026
0.0030 0.3667 101.9026 3.2333 18.4100 0.0199 99.8613 871195 0.9423 0.5781 653.4594 21.1800 77.7561 0.0000 0.3026
0.0020 0.2934 122.2998 3.2326 18.4125 0.0159 99.8335 871246 0.9423 0.5781 653.4784 21.1800 77.2479 0.0000 0.3026
0.0040 0.3759 78.3376 3.2338 18.4100 0.0204 99.8933 871296 0.9423 0.5781 653.4960 21.1600 77.7561 0.0000 0.3026
0.0020 0.4859 202.5452 3.2414 18.4112 0.0264 99.7243 871347 0.9423 0.5781 653.5190 21.1600 78.2648 0.0000 0.3026
0.0010 0.4217 351.5641 3.2362 18.4100 0.0229 99.5214 871397 0.9423 0.5782 653.5363 21.1900 77.2479 0.0000 0.3026
0.0020 0.4767 198.6831 3.2359 18.4075 0.0259 99.7295 871447 0.9423 0.5782 653.5585 21.1500 78.2648 0.0000 0.3026
0.0020 0.4034 168.1279 3.2336 18.4088 0.0219 99.7711 871497 0.9423 0.5782 653.5767 21.1400 77.2479 0.0000 0.3026
0.0030 0.3025 84.0697 3.2298 18.4100 0.0164 99.8855 871548 0.9423 0.5782 653.6000 21.1800 77.7561 0.0000 0.3026
0.0020 0.4675 194.8623 3.2354 18.4075 0.0254 99.7347 871599 0.9423 0.5782 653.6211 21.1500 77.7561 0.0000 0.3026
0.0020 0.3025 126.0959 3.2281 18.4088 0.0164 99.8283 871649 0.9423 0.5782 653.6378 21.1500 75.7261 0.0000 0.3026
0.0030 0.4675 129.9082 3.2354 18.4075 0.0254 99.8231 871699 0.9423 0.5783 653.6609 21.1600 78.2648 0.0000 0.3026
0.0020 0.3025 126.0959 3.2281 18.4088 0.0164 99.8283 871749 0.9423 0.5783 653.6778 21.1300 77.7561 0.0000 0.3026
0.0010 0.3300 275.0997 3.2279 18.4075 0.0179 99.6254 871800 0.9423 0.5783 653.6998 21.1100 77.7561 0.0000 0.3026
0.0020 0.3117 129.9082 3.2269 18.4075 0.0169 99.8231 871851 0.9423 0.5783 653.7189 21.1600 79.7937 0.0000 0.3027
0.0020 0.3300 137.5405 3.2263 18.4063 0.0179 99.8127 871901 0.9423 0.5783 653.7355 21.1400 77.7561 0.0000 0.3027
0.0020 0.3025 126.0874 3.2264 18.4075 0.0164 99.8283 871952 0.9423 0.5784 653.7582 21.1300 77.7561 0.0000 0.3027
0.0020 0.4400 183.3874 3.2322 18.4063 0.0239 99.7503 872002 0.9423 0.5784 653.7764 21.0900 56.8108 0.0000 0.3027
0.0030 0.4766 132.4285 3.2309 18.4037 0.0259 99.8196 872052 0.9423 0.5784 653.7990 21.1100 77.7561 0.0000 0.3027
0.0030 0.3025 84.0525 3.2248 18.4063 0.0164 99.8855 872103 0.9423 0.5784 653.8185 21.1200 77.7561 0.0000 0.3027
0.0030 0.4766 132.4285 3.2309 18.4037 0.0259 99.8196 872153 0.9423 0.5784 653.8362 21.1200 77.7561 0.0000 0.3027
0.0030 0.4675 129.8994 3.2337 18.4063 0.0254 99.8231 872204 0.9423 0.5784 653.8597 21.1300 77.7561 0.0000 0.3027
0.0040 0.3299 68.7562 3.2213 18.4025 0.0179 99.9064 872254 0.9423 0.5785 653.8751 21.1100 77.2479 0.0000 0.3027
0.0020 0.4674 194.7962 3.2271 18.4013 0.0254 99.7347 872305 0.9423 0.5785 653.8983 21.0900 77.7561 0.0000 0.3027
0.0020 0.3300 137.5312 3.2246 18.4050 0.0179 99.8127 872355 0.9423 0.5785 653.9154 21.1100 77.7561 0.0000 0.3027
0.0030 0.3025 84.0468 3.2231 18.4050 0.0164 99.8855 872405 0.9423 0.5785 653.9375 21.0600 75.7261 0.0000 0.3027
0.0040 0.4216 87.8552 3.2262 18.4025 0.0229 99.8803 872455 0.9423 0.5785 653.9541 21.0800 77.7561 0.0000 0.3027
0.0020 0.3116 129.8818 3.2219 18.4037 0.0169 99.8231 872506 0.9423 0.5785 653.9758 21.0900 77.2479 0.0000 0.3027
0.0020 0.3941 164.2511 3.2247 18.4025 0.0214 99.7763 872557 0.9423 0.5786 653.9962 21.0900 57.7899 0.0000 0.3027
0.0020 0.3208 133.7018 3.2224 18.4037 0.0174 99.8179 872607 0.9423 0.5786 654.0120 21.0800 77.2479 0.0000 0.3027
0.0030 0.4032 112.0396 3.2236 18.4013 0.0219 99.8474 872658 0.9423 0.5786 654.0327 21.0900 77.7561 0.0000 0.3027
0.0020 0.4307 179.5058 3.2234 18.4000 0.0234 99.7555 872708 0.9423 0.5786 654.0506 21.0800 77.2479 0.0000 0.3027
0.0040 0.3940 82.1144 3.2214 18.4000 0.0214 99.8881 872758 0.9423 0.5786 654.0735 21.0600 77.7561 0.0000 0.3027
0.0020 0.2841 118.4136 3.2188 18.4025 0.0154 99.8387 872808 0.9423 0.5786 654.0889 21.0600 77.2479 0.0000 0.3027
0.0030 0.4123 114.5782 3.2224 18.4000 0.0224 99.8439 872859 0.9423 0.5787 654.1128 21.0800 77.7561 0.0000 0.3027
0.0020 0.4765 198.5887 3.2242 18.3988 0.0259 99.7295 872910 0.9423 0.5787 654.1326 21.0600 78.2648 0.0000 0.3027
0.0020 0.3849 160.4095 3.2209 18.4000 0.0209 99.7815 872960 0.9423 0.5787 654.1479 21.0700 77.2479 0.0000 0.3027
0.0020 0.3024 126.0446 3.2181 18.4013 0.0164 99.8283 873010 0.9423 0.5787 654.1707 21.0300 77.2479 0.0000 0.3027
0.0030 0.3665 101.8404 3.2183 18.3988 0.0199 99.8613 873060 0.9423 0.5787 654.1874 21.0600 77.7561 0.0000 0.3027
0.0020 0.2932 122.2167 3.2159 18.4000 0.0159 99.8335 873111 0.9423 0.5788 654.2097 21.0300 77.2479 0.0000 0.3027
0.0020 0.4215 175.6746 3.2212 18.3988 0.0229 99.7607 873162 0.9423 0.5788 654.2313 21.0200 77.2479 0.0000 0.3027
0.0030 0.3024 84.0240 3.2164 18.4000 0.0164 99.8855 873212 0.9423 0.5788 654.2476 21.0400 77.2479 0.0000 0.3027
0.0020 0.3482 145.1225 3.2173 18.3988 0.0189 99.8023 873263 0.9423 0.5788 654.2691 21.0600 83.3779 0.0000 0.3027
0.0010 0.4672 389.4864 3.2204 18.3962 0.0254 99.4694 873313 0.9423 0.5788 654.2857 21.0400 77.7561 0.0000 0.3027
0.0030 0.4673 129.8376 3.2221 18.3975 0.0254 99.8231 873363 0.9423 0.5788 654.3096 21.0500 77.7561 0.0000 0.3027
0.0030 0.2840 78.9209 3.2121 18.3975 0.0154 99.8925 873413 0.9423 0.5789 654.3247 21.0300 77.7561 0.0000 0.3027
0.0020 0.4123 171.8323 3.2174 18.3962 0.0224 99.7659 873464 0.9423 0.5789 654.3477 21.0400 77.7561 0.0000 0.3027
0.0030 0.4855 134.9110 3.2197 18.3950 0.0264 99.8162 873515 0.9423 0.5789 654.3691 21.0300 78.2648 0.0000 0.3027
0.0020 0.4489 187.1062 3.2194 18.3962 0.0244 99.7451 873565 0.9423 0.5789 654.3854 21.0100 77.2479 0.0000 0.3027
0.0020 0.3115 129.8200 3.2103 18.3950 0.0169 99.8231 873615 0.9423 0.5789 654.4061 21.0200 77.7561 0.0000 0.3027
0.0030 0.3115 86.5584 3.2136 18.3975 0.0169 99.8821 873666 0.9423 0.5789 654.4229 21.0400 77.2479 0.0000 0.3027
0.0010 0.3115 259.6753 3.2136 18.3975 0.0169 99.6462 873716 0.9423 0.5790 654.4459 20.9900 77.7561 0.0000 0.3027
0.0020 0.4580 190.9118 3.2182 18.3950 0.0249 99.7399 873767 0.9423 0.5790 654.4672 20.9800 77.7561 0.0000 0.3027
0.0020 0.3023 126.0189 3.2131 18.3975 0.0164 99.8283 873817 0.9423 0.5790 654.4816 21.0000 77.7561 0.0000 0.3027
0.0020 0.3206 133.6473 3.2124 18.3962 0.0174 99.8179 873868 0.9423 0.5790 654.5038 21.0200 76.7401 0.0000 0.3026
0.0030 0.4306 119.6380 3.2167 18.3950 0.0234 99.8370 873918 0.9423 0.5790 654.5203 21.0200 77.7561 0.0000 0.3026
0.0020 0.3206 133.6382 3.2108 18.3950 0.0174 99.8179 873968 0.9423 0.5790 654.5418 21.0100 77.7561 0.0000 0.3026
0.0020 0.4672 194.7168 3.2171 18.3937 0.0254 99.7347 874018 0.9423 0.5791 654.5586 20.9800 77.2479 0.0000 0.3026
0.0010 0.4580 381.7976 3.2166 18.3937 0.0249 99.4798 874069 0.9423 0.5791 654.5820 21.0200 78.2648 0.0000 0.3026
0.0020 0.4305 179.4448 3.2151 18.3937 0.0234 99.7555 874120 0.9423 0.5791 654.6026 20.9800 78.2648 0.0000 0.3026
0.0020 0.4305 179.4448 3.2151 18.3937 0.0234 99.7555 874170 0.9423 0.5791 654.6185 20.9700 57.3001 0.0000 0.3026
0.0020 0.3847 160.3441 3.2109 18.3925 0.0209 99.7815 874221 0.9423 0.5791 654.6411 20.9900 77.2479 0.0000 0.3026
0.0040 0.2931 61.0835 3.2059 18.3925 0.0159 99.9168 874271 0.9423 0.5791 654.6566 20.9700 77.7561 0.0000 0.3026
0.0030 0.4030 111.9939 3.2136 18.3937 0.0219 99.8474 874321 0.9423 0.5792 654.6791 20.9900 77.2479 0.0000 0.3026
0.0030 0.2932 81.4612 3.2109 18.3962 0.0159 99.8890 874371 0.9423 0.5792 654.6948 20.9800 78.2648 0.0000 0.3026
0.0010 0.3572 297.8021 3.2111 18.3937 0.0194 99.5942 874422 0.9423 0.5792 654.7150 20.9400 77.2479 0.0000 0.3026
0.0030 0.3023 83.9955 3.2081 18.3937 0.0164 99.8855 874473 0.9423 0.5792 654.7362 20.9400 82.3514 0.0000 0.3026
0.0030 0.3756 104.3580 3.2121 18.3937 0.0204 99.8578 874523 0.9423 0.5792 654.7526 20.9400 77.7561 0.0000 0.3026
0.0020 0.3023 125.9932 3.2081 18.3937 0.0164 99.8283 874573 0.9423 0.5792 654.7740 20.9600 77.7561 0.0000 0.3026
0.0020 0.3847 160.3441 3.2109 18.3925 0.0209 99.7815 874623 0.9423 0.5793 654.7903 20.9500 77.2479 0.0000 0.3026
0.0020 0.4488 187.0554 3.2127 18.3913 0.0244 99.7451 874674 0.9423 0.5793 654.8115 20.9600 77.7561 0.0000 0.3026
0.0020 0.3480 145.0634 3.2073 18.3913 0.0189 99.8023 874725 0.9423 0.5793 654.8320 20.9400 78.2648 0.0000 0.3026
0.0010 0.4671 389.3541 3.2121 18.3900 0.0254 99.4694 874775 0.9423 0.5793 654.8477 20.9200 77.2479 0.0000 0.3026
0.0010 0.3664 305.3965 3.2083 18.3913 0.0199 99.5838 874826 0.9423 0.5793 654.8677 20.9100 77.7561 0.0000 0.3026
0.0010 0.4488 374.0853 3.2111 18.3900 0.0244 99.4902 874876 0.9423 0.5793 654.8846 20.9200 77.7561 0.0000 0.3026
0.0020 0.4121 171.7739 3.2091 18.3900 0.0224 99.7659 874926 0.9423 0.5794 654.9075 20.9300 77.7561 0.0000 0.3026
0.0020 0.2840 118.3572 3.2071 18.3937 0.0154 99.8387 874977 0.9423 0.5794 654.9226 20.9400 77.7561 0.0000 0.3026
0.0020 0.3114 129.7935 3.2053 18.3913 0.0169 99.8231 875027 0.9423 0.5794 654.9432 20.9500 77.2479 0.0000 0.3026
0.0020 0.3114 129.7935 3.2053 18.3913 0.0169 99.8231 875078 0.9423 0.5794 654.9642 20.9000 81.3269 0.0000 0.3026
0.0020 0.3206 133.6110 3.2058 18.3913 0.0174 99.8179 875128 0.9423 0.5794 654.9803 20.9000 77.7561 0.0000 0.3026
0.0020 0.3114 129.7935 3.2053 18.3913 0.0169 99.8231 875179 0.9423 0.5795 655.0013 20.9300 77.7561 0.0000 0.3026
0.0020 0.4578 190.8339 3.2082 18.3875 0.0249 99.7399 875230 0.9423 0.5795 655.0228 20.9100 77.2479 0.0000 0.3026
0.0030 0.3114 86.5231 3.2036 18.3900 0.0169 99.8821 875280 0.9423 0.5795 655.0394 20.9100 77.7561 0.0000 0.3026
0.0020 0.3206 133.6110 3.2058 18.3913 0.0174 99.8179 875330 0.9423 0.5795 655.0595 20.9300 77.7561 0.0000 0.3026
0.0010 0.4304 358.7921 3.2084 18.3888 0.0234 99.5110 875380 0.9423 0.5795 655.0760 20.8900 77.2479 0.0000 0.3026
0.0020 0.3205 133.5928 3.2024 18.3888 0.0174 99.8179 875431 0.9423 0.5795 655.0975 20.9200 75.2197 0.0000 0.3026
0.0020 0.3480 145.0436 3.2039 18.3888 0.0189 99.8023 875482 0.9423 0.5796 655.1188 20.8900 77.7561 0.0000 0.3026
0.0020 0.4579 190.8599 3.2116 18.3900 0.0249 99.7399 875532 0.9423 0.5796 655.1370 20.8900 77.2479 0.0000 0.3026
0.0020 0.4304 179.3839 3.2067 18.3875 0.0234 99.7555 875582 0.9423 0.5796 655.1572 20.9400 77.2479 0.0000 0.3026
0.0010 0.4487 374.0090 3.2061 18.3862 0.0244 99.4902 875683 0.9423 0.5796 655.1945 20.8900 77.2479 0.0000 0.3026
0.0030 0.4854 134.8743 3.2131 18.3900 0.0264 99.8162 875734 0.9423 0.5796 655.2164 20.8700 77.7561 0.0000 0.3026
0.0020 0.4120 171.7389 3.2041 18.3862 0.0224 99.7659 875784 0.9423 0.5797 655.2322 20.9000 77.7561 0.0000 0.3026
0.0010 0.4761 396.8806 3.2059 18.3850 0.0259 99.4590 875834 0.9423 0.5797 655.2531 20.8700 78.7739 0.0000 0.3026
0.0030 0.3663 101.7781 3.2033 18.3875 0.0199 99.8613 875885 0.9423 0.5797 655.2688 20.8700 75.2197 0.0000 0.3026
0.0020 0.3021 125.9333 3.1964 18.3850 0.0164 99.8283 875935 0.9423 0.5797 655.2896 20.8600 77.7561 0.0000 0.3026
0.0020 0.4212 175.5433 3.2029 18.3850 0.0229 99.7607 875986 0.9423 0.5797 655.3108 20.8700 81.8390 0.0000 0.3026
0.0040 0.4761 99.2134 3.2042 18.3838 0.0259 99.8647 876036 0.9423 0.5797 655.3270 20.8600 77.7561 0.0000 0.3026
0.0040 0.4120 85.8636 3.2024 18.3850 0.0224 99.8829 876087 0.9423 0.5798 655.3489 20.8600 77.7561 0.0000 0.3026
0.0050 0.3022 50.3767 3.1981 18.3862 0.0164 99.9313 876137 0.9423 0.5798 655.3647 20.8700 77.7561 0.0000 0.3026
0.0050 0.3571 59.5321 3.1994 18.3850 0.0194 99.9188 876187 0.9423 0.5798 655.3860 20.8400 77.2479 0.0000 0.3026
0.0060 0.4669 64.8659 3.2021 18.3825 0.0254 99.9116 876237 0.9423 0.5798 655.4026 20.8400 77.2479 0.0000 0.3026
0.0050 0.3662 61.0544 3.1983 18.3838 0.0199 99.9168 876288 0.9423 0.5798 655.4227 20.8700 77.2479 0.0000 0.3026
0.0050 0.2838 47.3236 3.1971 18.3862 0.0154 99.9355 876339 0.9423 0.5798 655.4432 20.8600 75.7261 0.0000 0.3026
0.0040 0.3662 76.3180 3.1983 18.3838 0.0199 99.8960 876389 0.9423 0.5799 655.4600 20.8600 77.7561 0.0000 0.3026
0.0040 0.4851 101.1007 3.1997 18.3800 0.0264 99.8621 876439 0.9423 0.5799 655.4803 20.8400 77.7561 0.0000 0.3026
0.0050 0.4394 73.2603 3.2006 18.3825 0.0239 99.9001 876489 0.9423 0.5799 655.4973 20.8500 75.7261 0.0000 0.3026
0.0050 0.4760 79.3545 3.1992 18.3800 0.0259 99.8918 876540 0.9423 0.5799 655.5178 20.8400 77.2479 0.0000 0.3026
0.0040 0.4486 93.4896 3.2027 18.3838 0.0244 99.8725 876591 0.9423 0.5799 655.5397 20.8300 77.7561 0.0000 0.3026
0.0060 0.4851 67.4005 3.1997 18.3800 0.0264 99.9081 876641 0.9423 0.5799 655.5562 20.8500 77.2479 0.0000 0.3026
0.0040 0.4577 95.3845 3.1999 18.3813 0.0249 99.8699 876692 0.9423 0.5800 655.5791 20.8600 77.7561 0.0000 0.3026
0.0050 0.4668 77.8285 3.1987 18.3800 0.0254 99.8939 876743 0.9423 0.5800 655.6002 20.8300 76.2329 0.0000 0.3026
0.0040 0.4577 95.3780 3.1982 18.3800 0.0249 99.8699 876793 0.9423 0.5800 655.6166 20.8100 77.7561 0.0000 0.3026
0.0050 0.4394 73.2503 3.1972 18.3800 0.0239 99.9001 876844 0.9423 0.5800 655.6372 20.8300 77.2479 0.0000 0.3026
0.0060 0.3204 44.5098 3.1908 18.3800 0.0174 99.9393 876894 0.9423 0.5800 655.6537 20.8300 77.7561 0.0000 0.3026
0.0050 0.3387 56.4715 3.1951 18.3825 0.0184 99.9230 876944 0.9423 0.5800 655.6744 20.8400 76.2329 0.0000 0.3026
0.0060 0.3204 44.5128 3.1924 18.3813 0.0174 99.9393 876994 0.9423 0.5801 655.6915 20.8300 77.7561 0.0000 0.3026
0.0050 0.4394 73.2503 3.1972 18.3800 0.0239 99.9001 877045 0.9423 0.5801 655.7123 20.8600 77.2479 0.0000 0.3026
0.0050 0.2929 48.8369 3.1909 18.3813 0.0159 99.9334 877096 0.9423 0.5801 655.7330 20.8300 77.2479 0.0000 0.3026
0.0050 0.4393 73.2454 3.1956 18.3787 0.0239 99.9001 877146 0.9423 0.5801 655.7498 20.8200 77.2479 0.0000 0.3026
0.0050 0.2929 48.8369 3.1909 18.3813 0.0159 99.9334 877196 0.9423 0.5801 655.7706 20.8400 78.7739 0.0000 0.3026
0.0070 0.4576 54.4980 3.1966 18.3787 0.0249 99.9257 877246 0.9423 0.5801 655.7868 20.8300 78.2648 0.0000 0.3026
0.0060 0.4851 67.3913 3.1964 18.3775 0.0264 99.9081 877297 0.9423 0.5802 655.8086 20.8000 77.7561 0.0000 0.3026
0.0070 0.3753 44.6914 3.1938 18.3800 0.0204 99.9391 877348 0.9423 0.5802 655.8276 20.8100 77.2479 0.0000 0.3100
0.0070 0.4851 57.7640 3.1964 18.3775 0.0264 99.9212 877398 0.9423 0.5802 655.8437 20.7900 79.2836 0.0000 0.3100
0.0070 0.3844 45.7783 3.1926 18.3787 0.0209 99.9376 877449 0.9423 0.5802 655.8643 20.8300 76.2329 0.0000 0.3100
0.0060 0.4759 66.1243 3.1976 18.3787 0.0259 99.9098 877499 0.9423 0.5802 655.8813 20.8100 77.2479 0.0000 0.3100
0.0060 0.4027 55.9513 3.1936 18.3787 0.0219 99.9237 877549 0.9423 0.5802 655.9029 20.8100 76.7401 0.0000 0.3100
0.0070 0.3020 35.9687 3.1881 18.3787 0.0164 99.9510 877599 0.9423 0.5803 655.9188 20.8100 77.7561 0.0000 0.3100
0.0070 0.3661 43.5984 3.1916 18.3787 0.0199 99.9405 877650 0.9423 0.5803 655.9402 20.7900 77.2479 0.0000 0.3100
0.0050 0.2929 48.8336 3.1893 18.3800 0.0159 99.9334 877701 0.9423 0.5803 655.9590 20.8100 76.7401 0.0000 0.3100
0.0080 0.3661 38.1486 3.1916 18.3787 0.0199 99.9480 877751 0.9423 0.5803 655.9757 20.7800 74.7139 0.0000 0.3100
0.0060 0.2838 39.4229 3.1888 18.3800 0.0154 99.9462 877802 0.9423 0.5803 655.9964 20.7600 77.2479 0.0000 0.3100
0.0060 0.3844 53.4008 3.1892 18.3762 0.0209 99.9272 877852 0.9423 0.5803 656.0151 20.7900 57.7899 0.0000 0.3100
0.0080 0.4850 50.5366 3.1931 18.3750 0.0264 99.9311 877902 0.9423 0.5804 656.0361 20.8100 77.7561 0.0000 0.3100
0.0080 0.4301 44.8185 3.1917 18.3762 0.0234 99.9389 877952 0.9423 0.5804 656.0532 20.7800 77.7561 0.0000 0.3100
0.0060 0.4667 64.8438 3.1937 18.3762 0.0254 99.9116 878003 0.9423 0.5804 656.0741 20.7900 77.2479 0.0000 0.3100
0.0080 0.4576 47.6825 3.1949 18.3775 0.0249 99.9350 878054 0.9423 0.5804 656.0962 20.7600 77.2479 0.0000 0.3100
0.0070 0.4758 56.6625 3.1909 18.3738 0.0259 99.9227 878104 0.9423 0.5804 656.1127 20.7600 77.7561 0.0000 0.3100
0.0090 0.4667 43.2263 3.1921 18.3750 0.0254 99.9410 878155 0.9423 0.5805 656.1354 20.7900 77.7561 0.0000 0.3100
0.0090 0.3020 27.9738 3.1864 18.3775 0.0164 99.9618 878205 0.9423 0.5805 656.1505 20.7900 77.7561 0.0000 0.3100
0.0090 0.3294 30.5127 3.1846 18.3750 0.0179 99.9584 878255 0.9423 0.5805 656.1714 20.7800 71.1860 0.0000 0.3100
0.0090 0.4301 39.8387 3.1917 18.3762 0.0234 99.9457 878305 0.9423 0.5805 656.1896 20.8200 77.7561 0.0000 0.3100
0.0090 0.3294 30.5147 3.1863 18.3762 0.0179 99.9584 878356 0.9423 0.5805 656.2109 20.7800 77.2479 0.0000 0.3100
0.0090 0.3203 29.6671 3.1858 18.3762 0.0174 99.9595 878407 0.9423 0.5805 656.2321 20.8000 77.2479 0.0000 0.3100
0.0090 0.3294 30.5127 3.1846 18.3750 0.0179 99.9584 878457 0.9423 0.5806 656.2485 20.7900 77.7561 0.0000 0.3100
0.0090 0.4484 41.5283 3.1894 18.3738 0.0244 99.9434 878508 0.9423 0.5806 656.2704 20.7900 77.2479 0.0000 0.3100
0.0080 0.4392 45.7659 3.1889 18.3738 0.0239 99.9376 878558 0.9423 0.5806 656.2874 20.7900 76.7401 0.0000 0.3100
0.0100 0.4666 38.8984 3.1887 18.3725 0.0254 99.9469 878608 0.9423 0.5806 656.3082 20.7700 78.7739 0.0000 0.3100
0.0110 0.4575 34.6711 3.1899 18.3738 0.0249 99.9527 878658 0.9423 0.5806 656.3259 20.8200 77.2479 0.0000 0.3100
0.0110 0.3843 29.1257 3.1876 18.3750 0.0209 99.9603 878709 0.9423 0.5806 656.3498 20.7700 76.7401 0.0000 0.3100
0.0100 0.4758 39.6611 3.1892 18.3725 0.0259 99.9459 878760 0.9423 0.5807 656.3712 20.7800 77.2479 0.0000 0.3100
0.0100 0.3294 27.4614 3.1846 18.3750 0.0179 99.9625 878810 0.9423 0.5807 656.3878 20.7800 77.2479 0.0000 0.3100
0.0110 0.4666 35.3621 3.1887 18.3725 0.0254 99.9518 878861 0.9423 0.5807 656.4105 20.8000 77.2479 0.0000 0.3100
0.0090 0.4118 38.1383 3.1874 18.3738 0.0224 99.9480 878911 0.9423 0.5807 656.4286 20.7700 77.2479 0.0000 0.3100
0.0110 0.3020 22.8829 3.1814 18.3738 0.0164 99.9688 878961 0.9423 0.5807 656.4494 20.7900 75.2197 0.0000 0.3100
0.0090 0.4117 38.1357 3.1857 18.3725 0.0224 99.9480 879011 0.9423 0.5807 656.4681 20.7700 77.7561 0.0000 0.3100
0.0100 0.4483 37.3729 3.1877 18.3725 0.0244 99.9490 879062 0.9423 0.5808 656.4913 20.7800 77.2479 0.0000 0.3100
0.0110 0.3843 29.1218 3.1842 18.3725 0.0209 99.9603 879113 0.9423 0.5808 656.5110 20.7700 77.2479 0.0000 0.3100
0.0100 0.4849 40.4183 3.1864 18.3700 0.0264 99.9449 879163 0.9423 0.5808 656.5279 20.7700 77.2479 0.0000 0.3100
0.0090 0.3843 35.5933 3.1842 18.3725 0.0209 99.9514 879213 0.9423 0.5808 656.5493 20.7600 78.2648 0.0000 0.3100
0.0090 0.4300 39.8279 3.1851 18.3713 0.0234 99.9457 879263 0.9423 0.5808 656.5661 20.7900 78.2648 0.0000 0.3100
0.0100 0.4026 33.5571 3.1836 18.3713 0.0219 99.9542 879314 0.9423 0.5809 656.5897 20.7800 77.7561 0.0000 0.3100
0.0110 0.4757 36.0482 3.1842 18.3687 0.0259 99.9508 879365 0.9423 0.5809 656.6096 20.7900 78.7739 0.0000 0.3100
0.0110 0.4117 31.1998 3.1841 18.3713 0.0224 99.9574 879415 0.9423 0.5809 656.6260 20.7700 77.7561 0.0000 0.3100
0.0090 0.4757 44.0589 3.1842 18.3687 0.0259 99.9399 879466 0.9423 0.5809 656.6470 20.7500 77.7561 0.0000 0.3100
0.0090 0.4483 41.5227 3.1861 18.3713 0.0244 99.9434 879518 0.9423 0.5809 656.6697 20.7700 77.2479 0.0000 0.3100
0.0090 0.4757 44.0619 3.1859 18.3700 0.0259 99.9399 879568 0.9423 0.5809 656.6860 20.8100 77.2479 0.0000 0.3100
0.0100 0.4483 37.3679 3.1844 18.3700 0.0244 99.9490 879619 0.9423 0.5810 656.7083 20.7700 77.7561 0.0000 0.3100
0.0100 0.4665 38.8904 3.1837 18.3687 0.0254 99.9469 879670 0.9423 0.5810 656.7297 20.7700 78.2648 0.0000 0.3100
0.0110 0.4300 32.5864 3.1851 18.3713 0.0234 99.9555 879720 0.9423 0.5810 656.7458 20.7900 77.7561 0.0000 0.3100
0.0100 0.3019 25.1644 3.1748 18.3687 0.0164 99.9657 879770 0.9423 0.5810 656.7661 20.7800 77.2479 0.0000 0.3100
0.0110 0.3385 25.6514 3.1784 18.3700 0.0184 99.9650 879820 0.9423 0.5810 656.7833 20.7700 56.8108 0.0000 0.3100
0.0110 0.3019 22.8798 3.1781 18.3713 0.0164 99.9688 879871 0.9423 0.5810 656.8037 20.7800 77.7561 0.0000 0.3100
0.0100 0.4666 38.8931 3.1854 18.3700 0.0254 99.9469 879922 0.9423 0.5811 656.8256 20.7700 76.7401 0.0000 0.3100
0.0110 0.2928 22.1880 3.1793 18.3725 0.0159 99.9697 879972 0.9423 0.5811 656.8424 20.7600 77.7561 0.0000 0.3100
0.0110 0.3110 23.5700 3.1753 18.3687 0.0169 99.9678 880022 0.9423 0.5811 656.8624 20.7600 77.2479 0.0000 0.3100
0.0100 0.4848 40.4100 3.1814 18.3662 0.0264 99.9449 880072 0.9423 0.5811 656.8815 20.7900 78.2648 0.0000 0.3100
0.0110 0.3019 22.8783 3.1764 18.3700 0.0164 99.9688 880123 0.9423 0.5811 656.9024 20.7300 77.7561 0.0000 0.3100
0.0100 0.3293 27.4539 3.1779 18.3700 0.0179 99.9625 880174 0.9423 0.5812 656.9236 20.7900 78.2648 0.0000 0.3100
0.0110 0.3110 23.5716 3.1769 18.3700 0.0169 99.9678 880224 0.9423 0.5812 656.9394 20.7500 57.7899 0.0000 0.3100
0.0110 0.4208 31.8866 3.1796 18.3675 0.0229 99.9565 880274 0.9423 0.5812 656.9600 20.7600 78.2648 0.0000 0.3100
0.0120 0.4573 31.7689 3.1799 18.3662 0.0249 99.9566 880324 0.9423 0.5812 656.9769 20.7800 76.2329 0.0000 0.3100
0.0110 0.4482 33.9638 3.1794 18.3662 0.0244 99.9537 880375 0.9423 0.5812 656.9976 20.7900 77.7561 0.0000 0.3100
0.0110 0.3202 24.2632 3.1758 18.3687 0.0174 99.9669 880426 0.9423 0.5812 657.0174 20.7600 77.7561 0.0000 0.3100
0.0110 0.4299 32.5776 3.1784 18.3662 0.0234 99.9555 880476 0.9423 0.5812 657.0333 20.7800 79.7937 0.0000 0.3100
0.0110 0.4299 32.5776 3.1784 18.3662 0.0234 99.9555 880527 0.9423 0.5813 657.0549 20.7800 77.7561 0.0000 0.3100
0.0100 0.3476 28.9752 3.1756 18.3675 0.0189 99.9605 880577 0.9423 0.5813 657.0720 20.7900 77.7561 0.0000 0.3100
0.0110 0.2927 22.1805 3.1709 18.3662 0.0159 99.9697 880627 0.9424 0.5812 657.0927 20.7300 77.2479 0.0000 0.3100
0.0110 0.4116 31.1913 3.1774 18.3662 0.0224 99.9574 880678 0.9424 0.5813 657.1132 20.7800 77.2479 0.0000 0.3100
0.0110 0.4390 33.2707 3.1789 18.3662 0.0239 99.9546 880728 0.9424 0.5813 657.1297 20.7600 77.2479 0.0000 0.3100
0.0110 0.3842 29.1138 3.1776 18.3675 0.0209 99.9603 880779 0.9424 0.5813 657.1520 20.7900 76.7401 0.0000 0.3100
0.0120 0.2927 20.3349 3.1743 18.3687 0.0159 99.9723 880829 0.9424 0.5813 657.1676 20.7500 77.7561 0.0000 0.3100
0.0100 0.3659 30.4981 3.1749 18.3662 0.0199 99.9584 880879 0.9424 0.5813 657.1886 20.7900 77.2479 0.0000 0.3026
0.0100 0.4847 40.4073 3.1797 18.3650 0.0264 99.9449 880929 0.9424 0.5813 657.2074 20.7400 77.7561 0.0000 0.3026
0.0110 0.3750 28.4168 3.1738 18.3650 0.0204 99.9612 880980 0.9424 0.5814 657.2276 20.7800 77.2479 0.0000 0.3026
0.0110 0.3019 22.8752 3.1731 18.3675 0.0164 99.9688 881031 0.9424 0.5814 657.2482 20.7700 77.7561 0.0000 0.3026
0.0110 0.3933 29.8050 3.1764 18.3662 0.0214 99.9593 881081 0.9424 0.5814 657.2657 20.7600 77.7561 0.0000 0.3026
0.0100 0.4572 38.1149 3.1749 18.3625 0.0249 99.9480 881132 0.9424 0.5814 657.2867 20.7800 77.7561 0.0000 0.3026
0.0090 0.4116 38.1201 3.1757 18.3650 0.0224 99.9480 881182 0.9424 0.5814 657.3041 20.7600 77.2479 0.0000 0.3026
0.0110 0.4481 33.9592 3.1761 18.3638 0.0244 99.9537 881232 0.9424 0.5814 657.3254 20.7600 77.7561 0.0000 0.3026
0.0090 0.3933 36.4259 3.1747 18.3650 0.0214 99.9503 881282 0.9424 0.5815 657.3434 20.7600 77.2479 0.0000 0.3026
0.0100 0.2927 24.3985 3.1709 18.3662 0.0159 99.9667 881333 0.9424 0.5815 657.3641 20.7600 77.2479 0.0000 0.3026
0.0110 0.4481 33.9592 3.1761 18.3638 0.0244 99.9537 881384 0.9424 0.5815 657.3853 20.7700 77.7561 0.0000 0.3026
0.0110 0.2835 21.4873 3.1704 18.3662 0.0154 99.9707 881434 0.9424 0.5815 657.4002 20.7800 77.2479 0.0000 0.3026
0.0110 0.3201 24.2566 3.1691 18.3638 0.0174 99.9669 881484 0.9424 0.5815 657.4205 20.7900 77.2479 0.0000 0.3026
0.0110 0.4756 36.0433 3.1809 18.3662 0.0259 99.9508 881534 0.9424 0.5815 657.4394 20.7700 78.7739 0.0000 0.3026
0.0110 0.3292 24.9496 3.1696 18.3638 0.0179 99.9660 881585 0.9424 0.5816 657.4606 20.7700 77.7561 0.0000 0.3026
0.0100 0.3110 25.9217 3.1703 18.3650 0.0169 99.9646 881636 0.9424 0.5816 657.4811 20.7700 77.7561 0.0000 0.3026
0.0120 0.3384 23.5074 3.1718 18.3650 0.0184 99.9679 881686 0.9424 0.5816 657.4982 20.7700 77.7561 0.0000 0.3026
0.0110 0.4298 32.5709 3.1734 18.3625 0.0234 99.9555 881737 0.9424 0.5816 657.5204 20.7600 76.7401 0.0000 0.3026
0.0110 0.4572 34.6475 3.1732 18.3612 0.0249 99.9527 881787 0.9424 0.5816 657.5385 20.7700 77.2479 0.0000 0.3026
0.0110 0.4755 36.0334 3.1742 18.3612 0.0259 99.9508 881838 0.9424 0.5817 657.5596 20.7600 76.7401 0.0000 0.3026
0.0120 0.4481 31.1272 3.1744 18.3625 0.0244 99.9575 881888 0.9424 0.5817 657.5774 20.7700 77.2479 0.0000 0.3026
0.0090 0.3109 28.7999 3.1686 18.3638 0.0169 99.9607 881938 0.9424 0.5817 657.6000 20.7800 77.7561 0.0000 0.3026
0.0110 0.3292 24.9479 3.1679 18.3625 0.0179 99.9660 881988 0.9424 0.5817 657.6173 20.7400 80.8153 0.0000 0.3026
0.0110 0.4572 34.6499 3.1749 18.3625 0.0249 99.9527 882039 0.9424 0.5817 657.6398 20.7700 77.2479 0.0000 0.3026
0.0110 0.3018 22.8689 3.1664 18.3625 0.0164 99.9688 882090 0.9424 0.5817 657.6586 20.7700 75.2197 0.0000 0.3026
0.0120 0.4664 32.3977 3.1754 18.3625 0.0254 99.9558 882140 0.9424 0.5818 657.6763 20.7700 78.2648 0.0000 0.3026
0.0110 0.3018 22.8689 3.1664 18.3625 0.0164 99.9688 882191 0.9424 0.5818 657.6974 20.7700 77.7561 0.0000 0.3026
0.0110 0.3383 25.6392 3.1668 18.3612 0.0184 99.9650 882242 0.9424 0.5818 657.7171 20.7600 77.7561 0.0000 0.3026
0.0120 0.3017 20.9618 3.1648 18.3612 0.0164 99.9714 882292 0.9424 0.5818 657.7330 20.7700 77.7561 0.0000 0.3026
0.0130 0.4114 26.3836 3.1691 18.3600 0.0224 99.9640 882343 0.9424 0.5818 657.7549 20.7600 80.3043 0.0000 0.3026
0.0120 0.3017 20.9618 3.1648 18.3612 0.0164 99.9714 882393 0.9424 0.5818 657.7754 20.7600 76.7401 0.0000 0.3026
0.0120 0.4114 28.5803 3.1674 18.3587 0.0224 99.9610 882444 0.9424 0.5819 657.7921 20.7700 77.2479 0.0000 0.3026
0.0120 0.3109 21.5955 3.1636 18.3600 0.0169 99.9705 882494 0.9424 0.5819 657.8124 20.7700 77.7561 0.0000 0.3026
0.0120 0.4388 30.4836 3.1672 18.3575 0.0239 99.9584 882544 0.9424 0.5819 657.8309 20.7700 77.2479 0.0000 0.3026
0.0110 0.4845 36.7164 3.1681 18.3563 0.0264 99.9499 882595 0.9424 0.5819 657.8527 20.7900 77.2479 0.0000 0.3026
0.0130 0.3931 25.2076 3.1647 18.3575 0.0214 99.9656 882646 0.9424 0.5819 657.8725 20.7700 79.2836 0.0000 0.3026
0.0120 0.4388 30.4836 3.1672 18.3575 0.0239 99.9584 882696 0.9424 0.5819 657.8898 20.7700 76.7401 0.0000 0.3026
0.0130 0.4022 25.7938 3.1652 18.3575 0.0219 99.9648 882747 0.9424 0.5820 657.9103 20.7700 77.7561 0.0000 0.3026
0.0130 0.4754 30.4815 3.1676 18.3563 0.0259 99.9584 882797 0.9424 0.5820 657.9277 20.7600 75.7261 0.0000 0.3026
0.0130 0.4114 26.3801 3.1657 18.3575 0.0224 99.9640 882847 0.9424 0.5820 657.9511 20.7500 77.2479 0.0000 0.3026
0.0130 0.2926 18.7617 3.1626 18.3600 0.0159 99.9744 882897 0.9424 0.5820 657.9664 20.7600 57.3001 0.0000 0.3026
0.0120 0.3474 24.1329 3.1623 18.3575 0.0189 99.9670 882948 0.9424 0.5820 657.9878 20.7900 77.2479 0.0000 0.3026
0.0110 0.3017 22.8627 3.1598 18.3575 0.0164 99.9688 882999 0.9424 0.5820 658.0070 20.7700 77.7561 0.0000 0.3026
0.0110 0.3565 27.0177 3.1611 18.3563 0.0194 99.9631 883049 0.9424 0.5821 658.0231 20.7600 77.7561 0.0000 0.3026
0.0110 0.3017 22.8627 3.1598 18.3575 0.0164 99.9688 883099 0.9424 0.5821 658.0446 20.7600 77.2479 0.0000 0.3026
0.0120 0.3657 25.4030 3.1633 18.3575 0.0199 99.9653 883149 0.9424 0.5821 658.0627 20.7600 77.7561 0.0000 0.3026
0.0110 0.4388 33.2503 3.1639 18.3550 0.0239 99.9546 883200 0.9424 0.5821 658.0855 20.7600 77.7561 0.0000 0.3026
0.0130 0.3474 22.2750 3.1606 18.3563 0.0189 99.9696 883251 0.9424 0.5821 658.1058 20.7400 77.2479 0.0000 0.3026
0.0130 0.4662 29.8974 3.1687 18.3575 0.0254 99.9592 883301 0.9424 0.5822 658.1234 20.7700 77.7561 0.0000 0.3026
0.0120 0.3474 24.1312 3.1606 18.3563 0.0189 99.9670 883352 0.9424 0.5822 658.1450 20.7600 77.2479 0.0000 0.3026
0.0120 0.4479 31.1123 3.1627 18.3538 0.0244 99.9575 883402 0.9424 0.5822 658.1617 20.7600 77.2479 0.0000 0.3026
0.0120 0.4204 29.2075 3.1612 18.3538 0.0229 99.9601 883452 0.9424 0.5822 658.1849 20.7700 77.7561 0.0000 0.3026
0.0120 0.2925 20.3210 3.1576 18.3563 0.0159 99.9723 883502 0.9424 0.5822 658.2018 20.7700 80.3043 0.0000 0.3026
0.0130 0.4479 28.7210 3.1644 18.3550 0.0244 99.9608 883553 0.9424 0.5822 658.2261 20.7600 78.2648 0.0000 0.3026
0.0120 0.3199 22.2216 3.1541 18.3525 0.0174 99.9697 883604 0.9424 0.5823 658.2451 20.7700 77.7561 0.0000 0.3026
0.0130 0.3199 20.5150 3.1574 18.3550 0.0174 99.9720 883654 0.9424 0.5823 658.2618 20.7400 77.7561 0.0000 0.3026
0.0120 0.3199 22.2261 3.1591 18.3563 0.0174 99.9697 883704 0.9424 0.5823 658.2841 20.7600 77.2479 0.0000 0.3026
0.0130 0.3199 20.5150 3.1574 18.3550 0.0174 99.9720 883755 0.9424 0.5823 658.3013 20.7700 80.3043 0.0000 0.3026
0.0110 0.4570 34.6357 3.1649 18.3550 0.0249 99.9527 883805 0.9424 0.5823 658.3234 20.7800 77.2479 0.0000 0.3026
0.0110 0.3199 24.2450 3.1574 18.3550 0.0174 99.9669 883856 0.9424 0.5823 658.3428 20.7600 77.2479 0.0000 0.3026
0.0120 0.4296 29.8445 3.1634 18.3550 0.0234 99.9593 883906 0.9424 0.5824 658.3602 20.7700 77.2479 0.0000 0.3026
0.0130 0.3290 21.0997 3.1563 18.3538 0.0179 99.9712 883957 0.9424 0.5824 658.3816 20.7300 77.2479 0.0000 0.3026
0.0140 0.4752 28.2966 3.1609 18.3512 0.0259 99.9614 884007 0.9424 0.5824 658.4001 20.7400 80.3043 0.0000 0.3026
0.0130 0.4661 29.8872 3.1604 18.3512 0.0254 99.9592 884058 0.9424 0.5824 658.4240 20.7600 75.7261 0.0000 0.3026
0.0130 0.3108 19.9289 3.1569 18.3550 0.0169 99.9728 884108 0.9424 0.5824 658.4406 20.7400 77.2479 0.0000 0.3026
0.0130 0.4387 28.1291 3.1589 18.3512 0.0239 99.9616 884158 0.9424 0.5825 658.4638 20.7500 77.2479 0.0000 0.3026
0.0130 0.3016 19.3414 3.1548 18.3538 0.0164 99.9736 884208 0.9424 0.5825 658.4808 20.7600 82.8644 0.0000 0.3026
0.0130 0.3016 19.3414 3.1548 18.3538 0.0164 99.9736 884259 0.9424 0.5825 658.5016 20.7600 77.2479 0.0000 0.3026
0.0130 0.3839 24.6147 3.1576 18.3525 0.0209 99.9664 884310 0.9424 0.5825 658.5219 20.7600 77.2479 0.0000 0.3026
0.0110 0.3016 22.8580 3.1548 18.3538 0.0164 99.9688 884360 0.9424 0.5825 658.5379 20.7700 77.2479 0.0000 0.3100
0.0120 0.3930 27.3008 3.1581 18.3525 0.0214 99.9627 884411 0.9424 0.5825 658.5598 20.7600 77.7561 0.0000 0.3100
0.0120 0.4753 33.0149 3.1626 18.3525 0.0259 99.9549 884461 0.9424 0.5826 658.5784 20.7800 77.2479 0.0000 0.3100
0.0120 0.4113 28.5687 3.1574 18.3512 0.0224 99.9610 884511 0.9424 0.5826 658.6010 20.7700 77.7561 0.0000 0.3100
0.0110 0.4661 35.3212 3.1604 18.3512 0.0254 99.9518 884561 0.9424 0.5826 658.6183 20.7600 81.8390 0.0000 0.3100
0.0110 0.3930 29.7827 3.1581 18.3525 0.0214 99.9593 884612 0.9424 0.5826 658.6419 20.7600 77.2479 0.0000 0.3100
0.0110 0.4386 33.2413 3.1572 18.3500 0.0239 99.9546 884663 0.9424 0.5826 658.6617 20.7700 80.3043 0.0000 0.3100
0.0110 0.3930 29.7807 3.1564 18.3512 0.0214 99.9593 884713 0.9424 0.5826 658.6772 20.7500 77.2479 0.0000 0.3100
0.0110 0.4752 36.0089 3.1576 18.3487 0.0259 99.9508 884764 0.9424 0.5827 658.6993 20.7500 77.2479 0.0000 0.3100
0.0110 0.3839 29.0901 3.1576 18.3525 0.0209 99.9603 884814 0.9424 0.5827 658.7171 20.7600 78.7739 0.0000 0.3100
0.0110 0.2833 21.4712 3.1521 18.3525 0.0154 99.9707 884864 0.9424 0.5827 658.7391 20.7500 77.7561 0.0000 0.3100
0.0110 0.4112 31.1616 3.1541 18.3487 0.0224 99.9574 884914 0.9424 0.5827 658.7581 20.7500 77.2479 0.0000 0.3100
0.0130 0.4753 30.4753 3.1626 18.3525 0.0259 99.9584 884965 0.9424 0.5827 658.7813 20.7700 76.7401 0.0000 0.3100
0.0130 0.3381 21.6814 3.1518 18.3500 0.0184 99.9704 885016 0.9424 0.5828 658.8008 20.7600 77.7561 0.0000 0.3100
0.0130 0.4753 30.4753 3.1626 18.3525 0.0259 99.9584 885066 0.9424 0.5828 658.8185 20.7100 77.7561 0.0000 0.3100
0.0120 0.3564 24.7578 3.1528 18.3500 0.0194 99.9662 885117 0.9424 0.5828 658.8409 20.7500 76.7401 0.0000 0.3100
0.0110 0.4843 36.6989 3.1564 18.3475 0.0264 99.9499 885167 0.9424 0.5828 658.8593 20.7700 78.2648 0.0000 0.3100
0.0110 0.4386 33.2413 3.1572 18.3500 0.0239 99.9546 885217 0.9424 0.5828 658.8823 20.7700 77.7561 0.0000 0.3100
0.0120 0.3016 20.9503 3.1514 18.3512 0.0164 99.9714 885268 0.9424 0.5828 658.8994 20.7700 81.3269 0.0000 0.3100
0.0110 0.4204 31.8562 3.1562 18.3500 0.0229 99.9565 885318 0.9424 0.5829 658.9230 20.7600 77.2479 0.0000 0.3100
0.0110 0.3016 22.8534 3.1498 18.3500 0.0164 99.9688 885368 0.9424 0.5829 658.9400 20.7700 77.7561 0.0000 0.3100
0.0110 0.3472 26.3142 3.1506 18.3487 0.0189 99.9641 885419 0.9424 0.5829 658.9614 20.7600 76.7401 0.0000 0.3100
0.0120 0.2924 20.3155 3.1509 18.3512 0.0159 99.9723 885470 0.9424 0.5829 658.9804 20.7400 81.3269 0.0000 0.3100
0.0110 0.3564 27.0067 3.1511 18.3487 0.0194 99.9631 885520 0.9424 0.5829 658.9967 20.7700 75.7261 0.0000 0.3100
0.0110 0.2924 22.1623 3.1509 18.3512 0.0159 99.9697 885571 0.9424 0.5829 659.0194 20.7600 77.2479 0.0000 0.3100
0.0120 0.4112 28.5628 3.1524 18.3475 0.0224 99.9610 885621 0.9424 0.5830 659.0367 20.7600 77.2479 0.0000 0.3100
0.0110 0.4933 37.3862 3.1536 18.3450 0.0269 99.9489 885671 0.9424 0.5830 659.0593 20.7600 78.2648 0.0000 0.3100
0.0100 0.4294 35.7987 3.1534 18.3475 0.0234 99.9511 885721 0.9424 0.5830 659.0759 20.7400 76.7401 0.0000 0.3100
0.0120 0.3107 21.5823 3.1486 18.3487 0.0169 99.9705 885772 0.9424 0.5830 659.0988 20.7700 77.2479 0.0000 0.3100
0.0120 0.4477 31.1017 3.1544 18.3475 0.0244 99.9575 885823 0.9424 0.5830 659.1199 20.7600 77.2479 0.0000 0.3100
0.0100 0.3107 25.8987 3.1486 18.3487 0.0169 99.9646 885873 0.9424 0.5830 659.1345 20.7600 77.2479 0.0000 0.2835
0.0110 0.4568 34.6192 3.1532 18.3463 0.0249 99.9527 885924 0.9424 0.5831 659.1578 20.7800 77.7561 0.0000 0.2835
0.0110 2.4179 183.2319 0.3232 16.1300 0.1499 99.7153 885974 0.9424 0.5844 660.6578 20.7700 78.7739 0.0000 0.2835
0.0490 0.6473 11.0121 1.5078 17.1025 0.0378 99.9839 886024 0.9424 0.5844 660.7118 20.6600 77.7561 0.0000 0.2835
0.0230 0.6220 22.5442 1.8325 17.3475 0.0359 99.9674 886074 0.9424 0.5845 660.7388 20.6800 77.7561 0.0000 0.2835
0.0210 0.5590 22.1882 2.0819 17.5375 0.0319 99.9683 886125 0.9424 0.5845 660.7710 20.6900 77.7561 0.0000 0.2835
0.0210 0.5367 21.3049 2.2537 17.6675 0.0304 99.9698 886176 0.9424 0.5845 660.7979 20.6700 77.7561 0.5000 0.2835
0.0210 0.4155 16.4919 2.3567 17.7500 0.0234 99.9767 886226 0.9424 0.5845 660.8175 20.6900 77.2479 0.5000 0.2835
0.0210 0.5153 20.4534 2.4806 17.8388 0.0289 99.9713 886277 0.9424 0.5846 660.8437 20.7000 77.7561 0.0000 0.2835
0.0210 0.4990 19.8076 2.5512 17.8925 0.0279 99.9723 886327 0.9424 0.5846 660.8640 20.7000 77.2479 0.0000 0.2835
0.0210 0.4024 15.9725 2.6291 17.9550 0.0224 99.9777 886377 0.9424 0.5846 660.8885 20.7100 76.7401 0.0000 0.3910
0.0190 0.3316 14.5466 2.6768 17.9937 0.0184 99.9797 886428 0.9424 0.5846 660.9072 20.7100 77.7561 0.0000 0.3910
0.0200 0.4041 16.8423 2.7307 18.0313 0.0224 99.9766 886478 0.9424 0.5846 660.9329 20.7300 80.8153 0.0000 0.3910
0.0210 0.3238 12.8527 2.7646 18.0600 0.0179 99.9822 886528 0.9424 0.5847 660.9505 20.7100 77.7561 0.0000 0.3910
0.0200 0.4235 17.6506 2.8134 18.0925 0.0234 99.9755 886579 0.9424 0.5847 660.9722 20.7200 78.2648 0.0000 0.3910
0.0190 0.3249 14.2528 2.8446 18.1200 0.0179 99.9803 886630 0.9424 0.5847 660.9927 20.7100 55.8334 0.0000 0.3910
0.0190 0.4335 19.0208 2.8722 18.1362 0.0239 99.9737 886680 0.9424 0.5847 661.0090 20.7300 78.2648 0.0000 0.3910
0.0190 0.3256 14.2833 2.8963 18.1588 0.0179 99.9803 886731 0.9424 0.5847 661.0316 20.7000 79.2836 0.0000 0.3910
0.0190 0.4163 18.2647 2.9196 18.1725 0.0229 99.9748 886781 0.9424 0.5847 661.0488 20.7300 56.8108 0.0000 0.3910
0.0190 0.4620 20.2709 2.9471 18.1912 0.0254 99.9721 886831 0.9424 0.5848 661.0726 20.7300 78.2648 0.0000 0.3910
0.0180 2.3266 107.7486 2.7545 17.9688 0.1295 99.8497 886882 0.9425 0.5848 661.1937 20.7400 77.7561 0.0000 0.4045
0.0230 1.1199 40.5888 2.7156 17.9900 0.0622 99.9435 886932 0.9425 0.5848 661.2396 20.7100 77.7561 0.0000 0.4045
0.0200 0.9497 39.5849 2.7078 17.9912 0.0528 99.9449 886983 0.9425 0.5849 661.2936 20.7100 77.2479 0.0000 0.4045
0.0210 0.7885 31.3002 2.7005 17.9925 0.0438 99.9564 887033 0.9425 0.5849 661.3306 20.7400 77.2479 0.0000 0.4045
0.0200 0.8960 37.3443 2.7048 17.9912 0.0498 99.9480 887083 0.9425 0.5850 661.3807 20.7000 78.2648 0.0000 0.4045
0.0180 0.7438 34.4445 2.6997 17.9937 0.0413 99.9520 887133 0.9425 0.5850 661.4182 20.7100 76.7401 0.0000 0.4045
0.0190 0.7795 34.2019 2.7000 17.9925 0.0433 99.9524 887184 0.9425 0.5850 661.4655 20.7300 77.2479 0.0000 0.4045
0.0180 0.7616 35.2721 2.6990 17.9925 0.0423 99.9509 887235 0.9425 0.5851 661.5109 20.7100 76.7401 0.0000 0.4045
0.0190 0.7975 34.9881 2.7010 17.9925 0.0443 99.9513 887285 0.9425 0.5851 661.5461 20.7100 76.2329 0.0000 0.4045
0.0190 0.7527 33.0225 2.6985 17.9925 0.0418 99.9540 887336 0.9425 0.5852 661.5952 20.7100 77.2479 0.0000 0.4045
0.0200 0.7884 32.8630 2.6988 17.9912 0.0438 99.9542 887386 0.9425 0.5852 661.6317 20.6900 77.2479 0.0000 0.3920
0.0190 0.9048 39.6974 2.7020 17.9888 0.0503 99.9447 887436 0.9425 0.5852 661.6801 20.7000 77.2479 0.0000 0.3920
0.0190 0.8959 39.3071 2.7031 17.9900 0.0498 99.9452 887486 0.9425 0.5853 661.7162 20.7300 76.7401 0.0000 0.3920
0.0190 0.7705 33.8041 2.6962 17.9900 0.0428 99.9529 887537 0.9425 0.5853 661.7629 20.7200 77.7561 0.0000 0.3920
0.0180 0.9049 41.9086 2.7053 17.9912 0.0503 99.9416 887588 0.9425 0.5853 661.8087 20.7300 77.7561 0.0000 0.3920
0.0200 0.7525 31.3648 2.6935 17.9888 0.0418 99.9563 887638 0.9425 0.5854 661.8421 20.7300 77.2479 0.0000 0.3920
0.0180 0.9228 42.7355 2.7046 17.9900 0.0513 99.9405 887689 0.9425 0.5854 661.8909 20.7300 77.7561 0.0000 0.3920
0.0190 0.7527 33.0225 2.6985 17.9925 0.0418 99.9540 887739 0.9425 0.5855 661.9249 20.6900 77.2479 0.0000 0.3920
0.0200 0.7526 31.3692 2.6968 17.9912 0.0418 99.9563 887789 0.9425 0.5855 661.9714 20.7400 60.2456 0.0000 0.3920
0.0190 0.9227 40.4835 2.7030 17.9888 0.0513 99.9436 887839 0.9425 0.5855 662.0079 20.7300 77.2479 0.0000 0.3920
0.0190 0.7347 32.2363 2.6975 17.9925 0.0408 99.9551 887890 0.9425 0.5856 662.0542 20.6900 77.2479 0.0000 0.4061
0.0170 0.7704 37.7784 2.6945 17.9888 0.0428 99.9474 887940 0.9425 0.5856 662.0889 20.7400 77.2479 0.0000 0.4061
0.0180 0.9317 43.1474 2.7035 17.9888 0.0518 99.9399 887991 0.9425 0.5856 662.1373 20.7100 78.2648 0.0000 0.4061
0.0180 0.7616 35.2721 2.6990 17.9925 0.0423 99.9509 888041 0.9425 0.5857 662.1717 20.7300 77.2479 0.0000 0.4061
0.0190 0.7258 31.8431 2.6970 17.9925 0.0403 99.9556 888092 0.9425 0.5857 662.2197 20.7300 77.2479 0.0000 0.4061
0.0180 0.8690 40.2461 2.7016 17.9900 0.0483 99.9439 888142 0.9425 0.5857 662.2552 20.7300 77.7561 0.0000 0.4061
0.0170 0.7347 36.0288 2.6975 17.9925 0.0408 99.9498 888193 0.9425 0.5858 662.3019 20.7000 77.7561 0.0000 0.4061
0.0190 0.8690 38.1278 2.7016 17.9900 0.0483 99.9469 888243 0.9425 0.5858 662.3374 20.7200 77.2479 0.0000 0.4061
0.0180 0.8780 40.6610 2.7021 17.9900 0.0488 99.9434 888294 0.9425 0.5859 662.3853 20.7100 76.7401 0.0000 0.4061
0.0200 0.8332 34.7278 2.6996 17.9900 0.0463 99.9516 888345 0.9425 0.5859 662.4292 20.7100 76.7401 0.0000 0.4067
0.0190 0.8958 39.3043 2.7015 17.9888 0.0498 99.9452 888395 0.9425 0.5859 662.4650 20.7300 77.2479 0.0000 0.4067
0.0180 0.8511 39.4162 2.7006 17.9900 0.0473 99.9451 888446 0.9425 0.5860 662.5125 20.7200 77.2479 0.0000 0.4067
0.0180 0.7346 34.0224 2.6942 17.9900 0.0408 99.9526 888496 0.9425 0.5860 662.5469 20.7100 79.7937 0.0000 0.4067
0.0180 0.8064 37.3443 2.6998 17.9912 0.0448 99.9480 888546 0.9425 0.5860 662.5935 20.7400 77.7561 0.0000 0.4067
0.0180 0.7168 33.1972 2.6965 17.9925 0.0398 99.9538 888596 0.9425 0.5861 662.6292 20.7300 77.2479 0.0000 0.4067
0.0170 0.7705 37.7836 2.6978 17.9912 0.0428 99.9474 888647 0.9425 0.5861 662.6740 20.7300 76.7401 0.0000 0.4067
0.0180 0.7168 33.1972 2.6965 17.9925 0.0398 99.9538 888698 0.9425 0.5862 662.7178 20.7500 77.7561 0.0000 0.4067
0.0160 0.8063 42.0094 2.6982 17.9900 0.0448 99.9415 888748 0.9425 0.5862 662.7512 20.7600 77.2479 0.0000 0.4067
0.0180 0.7168 33.1972 2.6965 17.9925 0.0398 99.9538 888799 0.9425 0.5862 662.7981 20.7300 77.2479 0.0000 0.4067
0.0170 0.7974 39.1017 2.6993 17.9912 0.0443 99.9455 888849 0.9425 0.5863 662.8336 20.7000 77.2479 0.0000 0.4073
0.0180 0.8779 40.6581 2.7005 17.9888 0.0488 99.9434 888899 0.9425 0.5863 662.8785 20.7400 77.7561 0.0000 0.4073
0.0170 0.8690 42.6135 2.7016 17.9900 0.0483 99.9406 888950 0.9425 0.5863 662.9131 20.7300 83.8918 0.0000 0.4073
0.0180 0.7525 34.8498 2.6935 17.9888 0.0418 99.9514 889000 0.9425 0.5864 662.9586 20.7500 77.2479 0.0000 0.4073
0.0190 0.7702 33.7900 2.6862 17.9825 0.0428 99.9529 889050 0.9425 0.5864 662.9989 20.7100 77.2479 0.0000 0.4073
0.0180 0.7254 33.5959 2.6853 17.9837 0.0403 99.9532 889101 0.9425 0.5864 663.0464 20.7400 76.7401 0.0000 0.4073
0.0180 1.0111 46.8259 2.6796 17.9675 0.0563 99.9347 889152 0.9425 0.5865 663.0977 20.7200 77.7561 0.0000 0.4073
0.0170 0.8677 42.5483 2.6650 17.9625 0.0483 99.9406 889202 0.9425 0.5865 663.1391 20.7000 77.7561 0.0000 0.4073
0.0190 0.8051 35.3223 2.6615 17.9625 0.0448 99.9507 889252 0.9425 0.5866 663.1854 20.7300 78.2648 0.0000 0.4073
0.0170 0.9296 45.5839 2.6501 17.9487 0.0518 99.9363 889302 0.9425 0.5866 663.2277 20.7400 77.2479 0.0000 0.4073
0.0170 0.7868 38.5791 2.6472 17.9525 0.0438 99.9461 889353 0.9425 0.5866 663.2762 20.7000 77.2479 0.0000 0.4080
0.0170 0.7868 38.5791 2.6472 17.9525 0.0438 99.9461 889404 0.9425 0.5867 663.3229 20.7400 77.7561 0.0000 0.4080
0.0190 0.8135 35.6924 2.6470 17.9513 0.0453 99.9502 889454 0.9425 0.5867 663.3591 20.7400 77.7561 0.0000 0.4080
0.0180 0.9207 42.6405 2.6513 17.9500 0.0513 99.9405 889505 0.9425 0.5868 663.4062 20.7400 79.7937 0.0000 0.4080
0.0170 0.9565 46.9021 2.6533 17.9500 0.0533 99.9345 889555 0.9425 0.5868 663.4445 20.7300 80.8153 0.0000 0.4080
0.0170 0.8576 42.0511 2.6311 17.9375 0.0478 99.9412 889605 0.9425 0.5868 663.4966 20.7200 77.7561 0.0000 0.4080
0.0180 0.8130 37.6517 2.6320 17.9400 0.0453 99.9474 889655 0.9425 0.5869 663.5344 20.7300 77.2479 0.0000 0.4080
0.0180 0.8305 38.4604 2.6213 17.9312 0.0463 99.9462 889706 0.9425 0.5869 663.5859 20.7100 78.2648 0.0000 0.4080
0.0170 0.9907 48.5775 2.6169 17.9212 0.0553 99.9321 889757 0.9425 0.5870 663.6364 20.7500 77.2479 0.0000 0.4080
0.0170 0.8390 41.1434 2.6118 17.9237 0.0468 99.9425 889807 0.9425 0.5870 663.6727 20.7400 77.2479 0.0000 0.4080
0.0170 0.7944 38.9550 2.6093 17.9237 0.0443 99.9455 889858 0.9425 0.5870 663.7225 20.7300 79.2836 0.0000 0.4087
0.0160 0.9906 51.6100 2.6153 17.9200 0.0553 99.9278 889908 0.9425 0.5871 663.7629 20.7300 77.2479 0.0000 0.4087
0.0170 0.8836 43.3259 2.6110 17.9212 0.0493 99.9394 889959 0.9425 0.5871 663.8143 20.7300 76.7401 0.0000 0.4087
0.0170 0.9900 48.5470 2.6019 17.9100 0.0553 99.9321 890009 0.9425 0.5872 663.8558 20.7100 76.7401 0.0000 0.4087
0.0170 1.1580 56.7854 2.5814 17.8875 0.0647 99.9204 890059 0.9425 0.5872 663.9156 20.7600 76.7401 0.0000 0.4087
0.0190 0.9267 40.6578 2.5751 17.8925 0.0518 99.9430 890109 0.9425 0.5872 663.9565 20.7300 77.7561 0.0000 0.4087
0.0180 0.8463 39.1944 2.5656 17.8888 0.0473 99.9451 890160 0.9425 0.5873 664.0090 20.7300 77.2479 0.0000 0.4087
0.0180 0.9979 46.2146 2.5774 17.8913 0.0558 99.9353 890211 0.9425 0.5873 664.0597 20.7300 77.7561 0.0000 0.4087
0.0180 0.8553 39.6097 2.5678 17.8900 0.0478 99.9445 890261 0.9425 0.5874 664.0977 20.7100 77.2479 0.0000 0.4087
0.0180 1.1484 53.1847 2.5659 17.8762 0.0642 99.9254 890311 0.9425 0.5874 664.1558 20.7300 78.7739 0.0000 0.4087
0.0190 0.9252 40.5925 2.5368 17.8638 0.0518 99.9430 890362 0.9425 0.5875 664.2042 20.7400 77.7561 0.0000 0.4095
0.0180 0.9695 44.9013 2.5359 17.8612 0.0543 99.9370 890412 0.9425 0.5875 664.2601 20.7200 77.2479 0.0000 0.4095
0.0180 0.8985 41.6116 2.5353 17.8638 0.0503 99.9416 890463 0.9425 0.5876 664.3126 20.7000 77.2479 0.0000 0.4095
0.0170 0.9785 47.9821 2.5381 17.8625 0.0548 99.9327 890513 0.9425 0.5876 664.3546 20.7300 77.7561 0.0000 0.4095
0.0180 0.8718 40.3756 2.5338 17.8638 0.0488 99.9434 890564 0.9425 0.5876 664.4088 20.7300 77.2479 0.0000 0.4095
0.0170 1.1116 54.5098 2.5389 17.8575 0.0622 99.9235 890614 0.9425 0.5877 664.4531 20.7100 77.7561 0.0000 0.4095
0.0190 1.1194 49.1139 2.5161 17.8400 0.0627 99.9310 890664 0.9425 0.5877 664.5164 20.7100 77.2479 0.0000 0.4095
0.0180 1.0574 48.9692 2.5159 17.8425 0.0593 99.9312 890714 0.9425 0.5878 664.5617 20.7400 77.2479 0.0000 0.4095
0.0180 1.1105 51.4310 2.5156 17.8400 0.0622 99.9277 890765 0.9425 0.5878 664.6185 20.7100 77.2479 0.0000 0.4095
0.0180 1.1196 51.8498 2.5194 17.8425 0.0627 99.9272 890816 0.9425 0.5879 664.6740 20.7100 77.2479 0.0000 0.4095
0.0180 1.1371 52.6617 2.5154 17.8388 0.0637 99.9260 890866 0.9425 0.5879 664.7171 20.7300 77.7561 0.0000 0.4104
0.0180 1.3925 64.4888 2.4915 17.8100 0.0782 99.9092 890917 0.9425 0.5880 664.7880 20.7300 57.7899 0.0000 0.4104
0.0190 0.9936 43.5956 2.4758 17.8150 0.0558 99.9387 890967 0.9425 0.5880 664.8348 20.7100 76.7401 0.0000 0.4104
0.0170 0.9935 48.7177 2.4724 17.8125 0.0558 99.9314 891017 0.9425 0.5881 664.8944 20.7400 76.7401 0.0000 0.4104
0.0150 1.1175 62.1064 2.4761 17.8100 0.0627 99.9126 891068 0.9425 0.5881 664.9430 20.7100 78.2648 0.0000 0.4104
0.0190 0.9935 43.5895 2.4724 17.8125 0.0558 99.9387 891118 0.9425 0.5882 665.0020 20.7200 77.2479 0.0000 0.4104
0.0180 0.9936 46.0144 2.4741 17.8137 0.0558 99.9353 891169 0.9425 0.5882 665.0588 20.7300 77.2479 0.0000 0.4104
0.0180 1.2049 55.8001 2.4544 17.7900 0.0677 99.9214 891219 0.9425 0.5883 665.1115 20.6900 77.7561 0.0000 0.4104
0.0190 1.2309 54.0028 2.4442 17.7813 0.0692 99.9239 891270 0.9425 0.5883 665.1777 20.7000 77.2479 0.0000 0.4104
0.0190 1.1955 52.4525 2.4439 17.7825 0.0672 99.9261 891320 0.9425 0.5884 665.2269 20.7300 77.2479 0.0000 0.4104
0.0180 1.1865 54.9487 2.4401 17.7800 0.0667 99.9225 891371 0.9425 0.5884 665.2886 20.7000 78.2648 0.0000 0.4115
0.0190 1.1512 50.5098 2.4414 17.7825 0.0647 99.9288 891421 0.9426 0.5884 665.3379 20.7200 77.2479 0.0000 0.4115
0.0190 1.0892 47.7900 2.4379 17.7825 0.0613 99.9326 891471 0.9426 0.5885 665.4009 20.7000 57.3001 0.0000 0.4115
0.0210 1.2476 49.5244 2.4269 17.7675 0.0702 99.9301 891521 0.9426 0.5885 665.4548 20.7200 77.2479 0.0000 0.4115
0.0190 1.9868 87.1688 2.4204 17.7313 0.1120 99.8768 891572 0.9426 0.5886 665.5345 20.7000 77.7561 0.0000 0.4115
0.0210 1.3628 54.0970 2.2839 17.6550 0.0772 99.9232 891623 0.9426 0.5887 665.6389 20.7300 69.6810 0.0000 0.4115
0.0210 1.4329 56.8810 2.2845 17.6525 0.0812 99.9192 891673 0.9426 0.5887 665.7000 20.6900 57.3001 0.0000 0.4115
0.0210 1.2748 50.6033 2.2772 17.6537 0.0722 99.9282 891723 0.9426 0.5888 665.7745 20.6900 77.2479 0.0000 0.4115
0.0190 1.4153 62.0971 2.2835 17.6525 0.0802 99.9118 891774 0.9426 0.5888 665.8354 20.6900 77.7561 0.0000 0.4115
0.0200 1.5022 62.6120 2.2718 17.6400 0.0852 99.9110 891824 0.9426 0.5889 665.9150 20.6900 76.7401 0.0000 0.4115
0.0200 1.6590 69.1499 2.1396 17.5338 0.0946 99.9012 891875 0.9426 0.5890 666.0322 20.6900 77.2479 0.0000 0.4129
0.0210 1.7288 68.6250 2.1419 17.5325 0.0986 99.9019 891925 0.9426 0.5891 666.1046 20.7100 82.8644 0.0000 0.4129
0.0200 1.6589 69.1449 2.1380 17.5325 0.0946 99.9012 891976 0.9426 0.5892 666.1951 20.6900 77.7561 0.0000 0.4129
0.0190 1.6764 73.5503 2.1389 17.5325 0.0956 99.8949 892026 0.9426 0.5892 666.2664 20.7000 77.2479 0.0000 0.4129
0.0190 1.6241 71.2569 2.1376 17.5338 0.0926 99.8981 892077 0.9426 0.5893 666.3593 20.6900 76.7401 0.0000 0.4129
0.0210 1.7182 68.2054 2.1164 17.5138 0.0981 99.9024 892127 0.9426 0.5894 666.4345 20.6600 77.2479 0.0000 0.4129
0.0210 4.1611 165.1771 2.0679 17.3713 0.2395 99.7617 892177 0.9426 0.5895 666.5872 20.6800 77.2479 0.0000 0.4129
0.0260 2.3797 76.2992 1.8891 17.3137 0.1374 99.8895 892227 0.9426 0.5896 666.6949 20.6800 77.2479 0.0000 0.4129
0.0230 2.1645 78.4499 1.8800 17.3162 0.1250 99.8865 892278 0.9426 0.5897 666.8198 20.6500 76.7401 0.0000 0.4129
0.0250 2.0613 68.7333 1.8774 17.3188 0.1190 99.9005 892329 0.9426 0.5898 666.9343 20.6600 77.7561 0.0000 0.4129
0.0240 2.1559 74.8817 1.8795 17.3162 0.1245 99.8916 892379 0.9426 0.5899 667.0259 20.6700 76.7401 0.1000 0.4153
0.0250 2.3856 79.5466 1.8629 17.2938 0.1379 99.8847 892430 0.9426 0.5900 667.1555 20.6600 77.2479 0.1000 0.4153
0.0260 3.7437 120.0293 1.6658 17.0850 0.2191 99.8239 892480 0.9426 0.5902 667.3375 20.6700 77.2479 0.1000 0.4153
0.0270 2.9799 92.0022 1.6360 17.0963 0.1743 99.8651 892530 0.9426 0.5903 667.5034 20.6600 77.2479 0.1000 0.4153
0.0270 2.9375 90.6945 1.6351 17.0975 0.1718 99.8671 892580 0.9426 0.5904 667.6307 20.6400 77.2479 0.1000 0.4153
0.0280 2.7676 82.3976 1.6285 17.1000 0.1618 99.8792 892631 0.9426 0.5906 667.7932 20.6400 77.2479 0.1000 0.4153
0.0290 3.0034 86.3345 1.6225 17.0850 0.1758 99.8734 892682 0.9426 0.5907 667.9478 20.6200 76.7401 0.1000 0.4153
0.0280 2.9088 86.5998 1.6087 17.0788 0.1703 99.8729 892732 0.9426 0.5908 668.0770 20.6300 77.2479 0.1000 0.4153
0.0290 3.0004 86.2461 1.5991 17.0675 0.1758 99.8734 892782 0.9426 0.5910 668.2427 20.6400 77.2479 0.1000 0.4153
0.0280 2.9923 89.0863 1.6020 17.0700 0.1753 99.8692 892832 0.9426 0.5911 668.3735 20.6100 77.7561 0.1000 0.4153
0.0280 2.8648 85.2900 1.5945 17.0700 0.1678 99.8748 892883 0.9426 0.5912 668.5394 20.6200 77.2479 0.1000 0.4189
0.0290 2.8733 82.5934 1.5950 17.0700 0.1683 99.8787 892934 0.9426 0.5914 668.6934 20.6200 77.2479 0.1000 0.4189
0.0310 2.9746 79.9903 1.5960 17.0662 0.1743 99.8825 892984 0.9426 0.5915 668.8179 20.6200 79.7937 0.1000 0.4189
0.0320 3.4725 90.4604 1.6020 17.0487 0.2037 99.8670 893035 0.9426 0.5916 668.9946 20.5900 77.2479 0.1000 0.4189
0.0300 4.0937 113.7529 1.3697 16.8450 0.2430 99.8307 893085 0.9426 0.5918 669.2114 20.6100 76.7401 0.1000 0.4189
0.0360 3.8933 90.1521 1.3627 16.8487 0.2311 99.8659 893135 0.9426 0.5920 669.4308 20.5900 76.7401 0.1000 0.4189
0.0360 3.9352 91.1236 1.3652 16.8487 0.2336 99.8644 893185 0.9426 0.5922 669.6013 20.5800 77.7561 0.1000 0.4189
0.0350 3.8015 90.5431 1.3606 16.8512 0.2256 99.8653 893236 0.9426 0.5924 669.8207 20.6100 77.2479 0.1000 0.4189
0.0360 3.7263 86.2855 1.3578 16.8525 0.2211 99.8717 893286 0.9426 0.5925 669.9899 20.5700 80.3043 0.1000 0.4189
0.0370 3.9251 88.4324 1.3547 16.8412 0.2331 99.8684 893337 0.9426 0.5927 670.2126 20.5700 78.2648 0.1000 0.4189
0.0380 4.1292 90.5837 1.3372 16.8188 0.2455 99.8650 893388 0.9426 0.5929 670.4222 20.5800 77.7561 0.2000 0.4236
0.0380 4.0775 89.4480 1.3259 16.8125 0.2425 99.8667 893438 0.9426 0.5931 670.5941 20.5400 76.7401 0.2000 0.4236
0.0400 3.9435 82.1838 1.3179 16.8125 0.2346 99.8775 893489 0.9426 0.5933 670.8218 20.5600 77.2479 0.2000 0.4236
0.0390 4.0769 87.1415 1.3225 16.8100 0.2425 99.8701 893539 0.9426 0.5934 671.0006 20.5400 75.7261 0.2000 0.4236
0.0400 4.1435 86.3522 1.3248 16.8088 0.2465 99.8712 893590 0.9426 0.5936 671.2311 20.5300 78.2648 0.2000 0.4236
0.0390 4.0664 86.9173 1.3104 16.8013 0.2420 99.8703 893640 0.9426 0.5938 671.4111 20.5400 78.2648 0.2000 0.4236
0.0430 5.2254 101.3013 1.1181 16.6025 0.3147 99.8471 893691 0.9426 0.5941 671.7415 20.5200 77.2479 0.2000 0.4236
0.0460 5.6394 102.1975 1.0183 16.5075 0.3416 99.8448 893741 0.9426 0.5943 672.0238 20.5100 78.2648 0.2000 0.4236
0.0480 5.5737 96.7972 1.0143 16.5075 0.3376 99.8530 893791 0.9426 0.5946 672.3464 20.4700 77.7561 0.2000 0.4236
0.0490 5.6550 96.2057 1.0160 16.5050 0.3426 99.8539 893841 0.9426 0.5948 672.5959 20.5100 77.7561 0.3000 0.4236
0.0510 5.7290 93.6421 1.0204 16.5050 0.3471 99.8578 893893 0.9426 0.5951 672.9198 20.4800 77.2479 0.3000 0.4300
0.0510 5.9473 97.2106 1.0206 16.4950 0.3606 99.8523 893943 0.9426 0.5953 673.1734 20.4800 77.7561 0.3000 0.4300
0.0520 8.5258 136.6762 0.8889 16.2738 0.5239 99.7895 893993 0.9426 0.5957 673.5883 20.4400 78.7739 0.3000 0.4300
0.0580 7.1016 102.0690 0.8324 16.2975 0.4358 99.8430 894043 0.9426 0.5960 673.8998 20.4200 77.2479 0.3000 0.4300
0.0580 6.9810 100.3346 0.8283 16.3000 0.4283 99.8457 894094 0.9427 0.5963 674.2994 20.4500 77.2479 0.3000 0.4300
0.0600 7.0129 97.4338 0.8286 16.2987 0.4303 99.8502 894144 0.9427 0.5965 674.6102 20.4100 77.2479 0.3000 0.4300
0.0600 7.1173 98.8847 0.8317 16.2962 0.4367 99.8479 894195 0.9427 0.5969 675.0126 20.4000 76.7401 0.3000 0.4300
0.0620 7.0665 95.0110 0.8221 16.2913 0.4338 99.8538 894246 0.9427 0.5972 675.3894 20.3900 79.2836 0.3000 0.4300
0.0620 9.5260 128.0803 0.7445 16.1150 0.5911 99.8008 894296 0.9427 0.5976 675.7616 20.3600 77.2479 0.3000 0.4300
0.0710 9.3537 109.8218 0.5830 15.9987 0.5847 99.8280 894347 0.9427 0.5981 676.3196 20.3400 76.7401 0.4000 0.4300
0.0750 9.3696 104.1418 0.5840 15.9987 0.5856 99.8369 894397 0.9427 0.5985 676.8175 20.3300 76.2329 0.4000 0.4253
0.0760 9.3863 102.9543 0.5866 16.0000 0.5866 99.8387 894447 0.9427 0.5989 677.2326 20.3200 77.2479 0.4000 0.4253
0.0780 9.5377 101.9324 0.5961 16.0000 0.5961 99.8403 894498 0.9427 0.5993 677.7513 20.2900 77.7561 0.4000 0.4253
0.0780 9.4580 101.0809 0.5911 16.0000 0.5911 99.8417 894549 0.9427 0.5998 678.2526 20.2700 75.2197 0.5000 0.4253
0.0810 11.3869 117.1880 0.4283 15.7800 0.7216 99.8139 894599 0.9427 0.6002 678.7173 20.2900 78.2648 0.5000 0.4253
0.0890 11.2142 105.0373 0.4463 15.8025 0.7096 99.8334 894649 0.9427 0.6007 679.3585 20.2100 77.2479 0.5000 0.4253
0.0890 11.4004 106.7810 0.4533 15.7987 0.7216 99.8306 894700 0.9427 0.6012 679.8587 20.2100 77.7561 0.5000 0.4253
0.0930 11.4791 102.8935 0.4582 15.7987 0.7266 99.8368 894750 0.9427 0.6018 680.5051 20.2100 77.7561 0.5000 0.4253
0.0940 11.4110 101.1950 0.4588 15.8025 0.7221 99.8395 894800 0.9427 0.6022 681.0078 20.1600 76.7401 0.5000 0.4253
0.0960 11.5429 100.2326 0.4639 15.8000 0.7306 99.8410 894851 0.9427 0.6028 681.6594 20.1600 75.7261 0.7000 0.4396
0.0990 11.5517 97.2692 0.4661 15.8013 0.7311 99.8457 894902 0.9427 0.6033 682.2673 20.1100 77.7561 0.7000 0.4396
0.1000 11.6452 97.0760 0.4704 15.8000 0.7370 99.8460 894952 0.9427 0.6037 682.7520 20.0900 77.2479 0.6000 0.4396
0.1030 11.8986 96.2993 0.4623 15.7813 0.7540 99.8471 895003 0.9427 0.6043 683.4211 20.0900 77.7561 0.6000 0.4396
0.1030 11.7682 95.2438 0.4460 15.7750 0.7460 99.8487 895053 0.9427 0.6048 683.9423 20.0500 77.7561 0.6000 0.4396
0.1090 11.8930 90.9551 0.4523 15.7738 0.7540 99.8555 895103 0.9428 0.6053 684.6162 20.0500 77.7561 0.6000 0.4396
0.1090 11.9970 91.7507 0.4621 15.7762 0.7604 99.8542 895153 0.9428 0.6058 685.1420 20.0000 77.7561 0.7000 0.4396
0.1100 11.9008 90.1878 0.4528 15.7738 0.7545 99.8567 895204 0.9428 0.6064 685.8183 20.0100 82.8644 0.7000 0.4396
0.1130 11.8861 87.6845 0.4535 15.7750 0.7535 99.8607 895255 0.9428 0.6069 686.4500 20.0000 76.7401 0.7000 0.4396
0.1150 12.1778 88.2745 0.4607 15.7662 0.7724 99.8597 895305 0.9428 0.6074 686.9545 19.9600 77.7561 0.7000 0.4396
0.1170 12.2378 87.1929 0.4469 15.7525 0.7769 99.8613 895356 0.9428 0.6080 687.6485 19.9700 75.7261 0.7000 0.4406
0.1190 12.2085 85.5219 0.4354 15.7450 0.7754 99.8639 895406 0.9428 0.6086 688.2950 19.9600 77.2479 0.7000 0.4406
0.1210 12.3711 85.2292 0.4425 15.7425 0.7858 99.8643 895457 0.9428 0.6091 688.8352 19.9400 77.2479 0.7000 0.4406
0.1230 12.2712 83.1658 0.4394 15.7450 0.7794 99.8676 895507 0.9428 0.6097 689.5098 19.9100 77.2479 0.7000 0.4406
0.1240 12.3800 83.2265 0.4447 15.7437 0.7863 99.8675 895557 0.9428 0.6101 690.0516 19.9000 77.2479 0.7000 0.4406
0.1250 12.6258 84.2004 0.4523 15.7375 0.8023 99.8659 895608 0.9428 0.6108 690.7549 19.8900 77.2479 0.7000 0.4406
0.1260 12.6295 83.5561 0.4333 15.7225 0.8033 99.8668 895659 0.9428 0.6113 691.4155 19.8500 77.2479 0.7000 0.4406
0.1280 12.7320 82.9183 0.4286 15.7137 0.8102 99.8677 895709 0.9428 0.6118 691.9457 19.8400 78.7739 0.7000 0.4406
0.1300 12.7153 81.5358 0.4259 15.7125 0.8092 99.8699 895760 0.9428 0.6124 692.6626 19.8100 77.2479 0.7000 0.4406
0.1320 12.7174 80.3132 0.4293 15.7150 0.8092 99.8719 895810 0.9428 0.6129 693.2204 19.8000 77.2479 0.7000 0.4406
0.1340 12.6255 78.5427 0.4266 15.7175 0.8033 99.8748 895860 0.9428 0.6136 693.9404 19.7900 76.7401 0.7000 0.4570
0.1350 12.6176 77.9126 0.4261 15.7175 0.8028 99.8758 895911 0.9428 0.6141 694.4982 19.7800 76.7401 0.7000 0.4570
0.1390 13.6852 82.0732 0.3503 15.6050 0.8770 99.8682 895961 0.9428 0.6148 695.2736 19.7400 77.2479 0.7000 0.4570
0.1440 13.8273 80.0460 0.3626 15.6075 0.8859 99.8715 896011 0.9428 0.6153 695.8780 19.7600 76.7401 0.7000 0.4570
0.1460 13.7663 78.6008 0.3603 15.6088 0.8820 99.8738 896062 0.9428 0.6160 696.6558 19.7500 77.7561 0.7000 0.4570
0.1490 13.6752 76.5086 0.3576 15.6112 0.8760 99.8772 896113 0.9428 0.6166 697.3804 19.7200 77.7561 0.7000 0.4570
0.1510 13.8284 76.3414 0.3643 15.6088 0.8859 99.8774 896163 0.9428 0.6171 697.9860 19.6800 77.7561 0.8000 0.4570
0.1540 14.0437 76.0196 0.3637 15.5975 0.9004 99.8778 896213 0.9428 0.6178 698.7452 19.7400 77.2479 0.8000 0.4570
0.1560 13.9826 74.7185 0.3502 15.5900 0.8969 99.8799 896264 0.9428 0.6184 699.3627 19.6700 77.7561 0.8000 0.4570
0.1620 15.0667 77.5294 0.2943 15.4913 0.9726 99.8746 896314 0.9428 0.6191 700.2217 19.6200 77.7561 0.8000 0.4570
0.1660 15.0228 75.4410 0.2946 15.4937 0.9696 99.8780 896364 0.9429 0.6196 700.8827 19.6700 76.7401 0.8000 0.4751
0.1680 14.9249 74.0571 0.2915 15.4963 0.9631 99.8802 896415 0.9429 0.6204 701.7345 19.6200 76.7401 0.8000 0.4751
0.1720 15.0846 73.1085 0.2986 15.4937 0.9736 99.8817 896466 0.9429 0.6211 702.5295 19.6100 77.2479 0.8000 0.4751
0.1760 15.1235 71.6315 0.2916 15.4862 0.9766 99.8841 896516 0.9429 0.6217 703.1652 19.6000 80.3043 0.8000 0.4751
0.1820 16.7896 76.9010 0.2745 15.3875 1.0911 99.8747 896567 0.9429 0.6224 704.0549 19.5700 76.2329 0.9000 0.4751
0.1910 16.3868 71.5194 0.2341 15.3763 1.0657 99.8834 896617 0.9429 0.6231 704.7736 19.5900 77.2479 0.9000 0.4751
0.1980 16.3052 68.6474 0.2319 15.3787 1.0602 99.8881 896668 0.9429 0.6239 705.7030 19.5700 78.2648 0.9000 0.4751
0.2030 16.4723 67.6430 0.2412 15.3775 1.0712 99.8897 896718 0.9429 0.6245 706.4231 19.5500 77.2479 0.9000 0.4751
0.2100 16.4953 65.4795 0.2427 15.3775 1.0727 99.8933 896768 0.9429 0.6254 707.3582 19.5200 77.7561 1.0000 0.4751
0.2150 16.4580 63.8120 0.2324 15.3713 1.0707 99.8960 896819 0.9430 0.6259 708.0844 19.5600 75.7261 1.0000 0.4751
0.2220 17.6507 66.2785 0.1669 15.2575 1.1569 99.8911 896869 0.9430 0.6268 709.0861 19.5500 77.7561 1.0000 0.4660
0.2320 17.9563 64.5199 0.1806 15.2525 1.1773 99.8940 896919 0.9430 0.6275 709.8749 19.5200 77.7561 1.0000 0.4660
0.2360 17.8576 63.0775 0.1741 15.2525 1.1708 99.8963 896970 0.9430 0.6284 710.8932 19.5100 77.7561 1.0000 0.4660
0.2410 17.9365 62.0418 0.1824 15.2550 1.1758 99.8981 897021 0.9430 0.6293 711.8417 19.5100 77.7561 1.0000 0.4660
0.2460 17.9350 60.7758 0.1808 15.2537 1.1758 99.9001 897071 0.9430 0.6299 712.5976 19.5100 77.2479 1.1000 0.4660
0.2480 18.3059 61.5323 0.1878 15.2400 1.2012 99.8988 897122 0.9430 0.6308 713.6253 19.4900 77.2479 1.1000 0.4660
0.2530 21.7331 71.6086 0.1820 15.0538 1.4437 99.8808 897172 0.9431 0.6316 714.5062 19.5100 75.2197 1.1000 0.4660
0.2630 20.6180 65.3514 0.0893 15.0387 1.3710 99.8911 897223 0.9431 0.6326 715.6736 19.4900 77.7561 1.1000 0.4660
0.2690 20.6364 63.9508 0.0937 15.0413 1.3720 99.8934 897273 0.9431 0.6334 716.5803 19.5100 77.2479 1.1000 0.4660
0.2730 20.6399 63.0243 0.0970 15.0437 1.3720 99.8950 897323 0.9431 0.6344 717.7548 19.4800 77.2479 1.1000 0.4660
0.2770 20.6324 62.0916 0.0965 15.0437 1.3715 99.8966 897374 0.9431 0.6352 718.6666 19.4100 77.2479 1.2000 0.4757
0.2820 20.8179 61.5393 0.1073 15.0425 1.3839 99.8975 897424 0.9431 0.6363 719.8469 19.4500 77.2479 1.2000 0.4757
0.2860 24.4102 71.1491 0.1257 14.8625 1.6424 99.8800 897475 0.9432 0.6371 720.8383 19.4400 78.2648 1.3000 0.4757
0.2990 24.4940 68.2893 -0.0030 14.7525 1.6603 99.8840 897525 0.9432 0.6383 722.2332 19.4400 77.7561 1.3000 0.4757
0.3090 24.6389 66.4701 0.0053 14.7513 1.6703 99.8871 897575 0.9432 0.6393 723.3134 19.4100 77.7561 1.3000 0.4757
0.3160 24.6798 65.1056 0.0111 14.7537 1.6728 99.8894 897626 0.9432 0.6405 724.7134 19.3700 80.3043 1.3000 0.4757
0.3240 24.8299 63.8842 0.0182 14.7513 1.6832 99.8915 897677 0.9432 0.6417 726.0205 19.4000 77.2479 1.3000 0.4757
0.3310 24.8268 62.5253 0.0211 14.7537 1.6827 99.8938 897727 0.9432 0.6426 727.0610 19.4100 77.7561 1.3000 0.4757
0.3390 24.9936 61.4601 0.0309 14.7525 1.6942 99.8956 897778 0.9432 0.6438 728.4743 19.3600 77.2479 1.6000 0.4757
0.3430 24.9905 60.7358 0.0337 14.7550 1.6937 99.8968 897828 0.9432 0.6448 729.5726 19.3700 77.7561 1.6000 0.4757
0.3490 25.1005 59.9544 0.0305 14.7463 1.7022 99.8981 897879 0.9432 0.6461 730.9998 19.3400 77.2479 1.6000 0.4902
0.3580 25.4858 59.3443 0.0384 14.7312 1.7301 99.8990 897929 0.9432 0.6471 732.1168 19.3600 78.2648 1.6000 0.4902
0.3610 25.6195 59.1598 0.0383 14.7238 1.7400 99.8993 897979 0.9433 0.6483 733.5687 19.3300 77.7561 1.6000 0.4902
0.3670 25.6070 58.1643 0.0390 14.7250 1.7390 99.9010 898030 0.9433 0.6493 734.6940 19.3300 77.2479 1.6000 0.4902
0.3680 25.7368 58.3003 0.0463 14.7238 1.7480 99.9008 898080 0.9433 0.6505 736.1497 19.3300 78.2648 1.6000 0.4902
0.3730 25.7097 57.4581 0.0460 14.7250 1.7460 99.9022 898130 0.9433 0.6515 737.2802 19.3400 77.7561 1.6000 0.4902
0.3770 25.7721 56.9864 0.0426 14.7188 1.7510 99.9030 898181 0.9433 0.6528 738.7464 19.3600 80.3043 1.7000 0.4902
0.3790 26.0797 57.3624 0.0484 14.7063 1.7734 99.9022 898232 0.9434 0.6540 740.1207 19.3000 77.2479 1.7000 0.4902
0.3830 25.9889 56.5657 0.0452 14.7087 1.7669 99.9036 898282 0.9434 0.6550 741.2131 19.3000 77.2479 1.7000 0.4902
0.3860 26.0307 56.2162 0.0466 14.7075 1.7699 99.9042 898333 0.9434 0.6563 742.6958 19.3300 77.2479 1.7000 0.4902
0.3860 26.1084 56.3840 0.0549 14.7100 1.7749 99.9039 898384 0.9434 0.6575 744.0757 19.3400 77.7561 1.7000 0.5057
0.3880 26.0988 56.0729 0.0527 14.7087 1.7744 99.9044 898434 0.9435 0.6584 745.2276 19.2900 77.7561 1.7000 0.5057
0.3870 26.4820 57.0431 0.0606 14.6938 1.8023 99.9027 898485 0.9435 0.6597 746.6722 19.3100 77.7561 1.7000 0.5057
0.3910 26.6591 56.8372 0.0590 14.6825 1.8157 99.9030 898535 0.9435 0.6607 747.8411 19.2900 77.2479 1.7000 0.5057
0.3930 26.7108 56.6576 0.0580 14.6788 1.8197 99.9033 898585 0.9435 0.6621 749.3561 19.3100 77.2479 1.7000 0.5057
0.3930 26.7327 56.7041 0.0595 14.6788 1.8212 99.9032 898636 0.9436 0.6630 750.5302 19.3200 77.2479 1.7000 0.5057
0.3930 26.7474 56.7351 0.0605 14.6788 1.8222 99.9031 898686 0.9436 0.6644 752.0473 19.3100 77.7561 1.7000 0.5057
0.3930 26.8081 56.8640 0.0662 14.6800 1.8262 99.9029 898736 0.9436 0.6654 753.2256 19.3200 77.7561 1.7000 0.5057
0.3950 26.8944 56.7582 0.0615 14.6713 1.8331 99.9030 898787 0.9436 0.6668 754.7541 19.3100 77.7561 1.7000 0.5057
0.3970 27.1708 57.0526 0.0652 14.6587 1.8536 99.9025 898838 0.9437 0.6680 756.1843 19.3300 77.7561 1.7000 0.5057
0.3970 27.0340 56.7654 0.0619 14.6637 1.8436 99.9030 898888 0.9437 0.6690 757.3201 19.3300 77.7561 1.7000 0.4947
0.3970 27.0490 56.7969 0.0584 14.6600 1.8451 99.9029 898939 0.9437 0.6703 758.8589 19.3300 77.2479 1.7000 0.4947
0.3980 27.1681 56.9037 0.0681 14.6613 1.8531 99.9027 898990 0.9437 0.6716 760.2927 19.3300 82.8644 1.7000 0.4947
0.4000 27.0998 56.4766 0.0664 14.6637 1.8481 99.9035 899040 0.9437 0.6727 761.4868 19.3100 77.7561 1.8000 0.4947
0.3980 27.2216 57.0156 0.0732 14.6625 1.8565 99.9025 899090 0.9437 0.6740 762.9805 19.2900 78.2648 1.8000 0.4947
0.4000 27.4931 57.2963 0.0691 14.6438 1.8775 99.9019 899141 0.9437 0.6750 764.1866 19.3300 78.2648 1.8000 0.4947
0.4020 27.6468 57.3301 0.0661 14.6325 1.8894 99.9018 899192 0.9437 0.6764 765.7610 19.3300 77.7561 1.8000 0.4947
0.4010 27.7416 57.6700 0.0726 14.6325 1.8959 99.9012 899242 0.9438 0.6774 766.9771 19.3000 77.2479 1.8000 0.4947
0.4030 27.7270 57.3536 0.0716 14.6325 1.8949 99.9018 899293 0.9438 0.6788 768.5564 19.3200 80.8153 1.8000 0.4947
0.4030 27.6517 57.1980 0.0649 14.6313 1.8899 99.9020 899343 0.9438 0.6799 769.7747 19.3300 78.2648 1.8000 0.4947
0.4030 27.8071 57.5195 0.0770 14.6325 1.9004 99.9015 899394 0.9438 0.6813 771.3586 19.3200 77.7561 1.8000 0.5105
0.4030 27.7049 57.3080 0.0746 14.6362 1.8929 99.9019 899444 0.9439 0.6823 772.5778 19.3000 77.7561 1.8000 0.5105
0.4050 27.7731 57.1653 0.0762 14.6337 1.8979 99.9021 899495 0.9439 0.6837 774.1595 19.3200 75.7261 1.8000 0.5105
0.4060 28.0576 57.6086 0.0821 14.6225 1.9188 99.9013 899545 0.9439 0.6848 775.3877 19.3300 76.2329 1.8000 0.5105
0.4070 28.0868 57.5270 0.0751 14.6150 1.9218 99.9013 899596 0.9439 0.6862 776.9857 19.3300 78.2648 1.8000 0.5105
0.4070 28.0529 57.4576 0.0698 14.6125 1.9198 99.9015 899646 0.9440 0.6872 778.2220 19.3300 77.7561 1.8000 0.5105
0.4080 28.2154 57.6488 0.0824 14.6138 1.9307 99.9011 899696 0.9440 0.6886 779.8239 19.2900 77.7561 1.8000 0.5105
0.4080 28.1038 57.4207 0.0778 14.6163 1.9228 99.9015 899747 0.9440 0.6897 781.0625 19.3000 77.2479 1.8000 0.5105
0.4090 28.1184 57.3100 0.0788 14.6163 1.9238 99.9017 899797 0.9440 0.6911 782.6644 19.3000 78.2648 1.8000 0.5105
0.4090 28.3003 57.6809 0.0867 14.6125 1.9367 99.9011 899847 0.9441 0.6922 783.9064 19.2700 82.8644 1.8000 0.5105
0.4100 28.1839 57.3034 0.0833 14.6163 1.9283 99.9017 899898 0.9441 0.6936 785.5122 19.3100 77.7561 1.8000 0.5019
0.4100 28.3246 57.5895 0.0899 14.6138 1.9382 99.9012 899948 0.9441 0.6947 786.7563 19.3300 77.2479 1.9000 0.5019
0.4130 28.3343 57.1908 0.0920 14.6150 1.9387 99.9019 899999 0.9441 0.6961 788.3660 19.3200 77.7561 1.9000 0.5019
0.4120 28.3464 57.3541 0.0914 14.6138 1.9397 99.9016 900050 0.9442 0.6973 789.8615 19.2700 78.2648 1.9000 0.5019
0.4120 28.3877 57.4376 0.0927 14.6125 1.9427 99.9015 900100 0.9442 0.6984 791.0519 19.3100 76.7401 1.9000 0.5019
0.4140 28.3003 56.9843 0.0867 14.6125 1.9367 99.9023 900151 0.9442 0.6998 792.6650 19.3300 76.7401 1.9000 0.5019
0.4130 28.4702 57.4650 0.0998 14.6138 1.9482 99.9014 900202 0.9442 0.7011 794.1653 19.3000 77.7561 1.9000 0.5019
0.4130 28.3173 57.1565 0.0894 14.6138 1.9377 99.9020 900252 0.9442 0.7022 795.3554 19.2700 77.7561 1.9000 0.5019
0.4140 28.4920 57.3701 0.1013 14.6138 1.9497 99.9016 900303 0.9442 0.7036 796.9725 19.3000 77.7561 1.9000 0.5019
0.4140 28.4435 57.2725 0.0995 14.6150 1.9462 99.9018 900354 0.9442 0.7050 798.4732 19.3000 78.2648 1.9000 0.5019
0.4140 28.5138 57.4141 0.1028 14.6138 1.9512 99.9015 900404 0.9442 0.7061 799.7254 19.2800 77.7561 1.9000 0.5170
0.4140 28.4653 57.3164 0.1010 14.6150 1.9477 99.9017 900455 0.9443 0.7074 801.2865 19.3000 78.2648 1.9000 0.5170
0.4150 28.3683 56.9834 0.0974 14.6175 1.9407 99.9023 900505 0.9443 0.7085 802.5376 19.2900 77.7561 1.9000 0.5170
0.4160 28.4726 57.0555 0.1015 14.6150 1.9482 99.9022 900555 0.9443 0.7099 804.1586 19.3100 78.2648 1.9000 0.5170
0.4150 28.4047 57.0565 0.0999 14.6175 1.9432 99.9022 900606 0.9443 0.7110 805.4132 19.2900 77.7561 1.9000 0.5170
0.4160 28.5308 57.1721 0.1055 14.6150 1.9522 99.9020 900656 0.9444 0.7124 807.0338 19.3000 71.1860 1.9000 0.5170
0.4160 28.5890 57.2888 0.1095 14.6150 1.9561 99.9018 900706 0.9444 0.7135 808.2907 19.2600 78.7739 1.9000 0.5170
0.4170 28.5890 57.1514 0.1095 14.6150 1.9561 99.9020 900757 0.9444 0.7149 809.9171 19.2700 77.7561 1.9000 0.5170
0.4160 28.4799 57.0701 0.1065 14.6187 1.9482 99.9022 900807 0.9444 0.7160 811.1724 19.2900 77.2479 1.9000 0.5170
0.4180 28.6400 57.1163 0.1130 14.6150 1.9596 99.9021 900858 0.9445 0.7174 812.8007 19.2900 78.2648 1.9000 0.5201
0.4160 28.6958 57.5027 0.1153 14.6138 1.9636 99.9014 900909 0.9445 0.7187 814.3100 19.2800 77.7561 1.9000 0.5201
0.4180 28.6060 57.0486 0.1121 14.6163 1.9571 99.9022 900959 0.9445 0.7198 815.5106 19.2900 77.7561 1.9000 0.5201
0.4170 28.5503 57.0739 0.1098 14.6175 1.9532 99.9021 901010 0.9445 0.7212 817.1392 19.2900 77.7561 1.9000 0.5201
0.4170 28.7128 57.3988 0.1179 14.6150 1.9646 99.9016 901061 0.9446 0.7225 818.6524 19.2500 78.2648 1.9000 0.5201
0.4170 28.5867 57.1467 0.1123 14.6175 1.9556 99.9020 901111 0.9446 0.7235 819.8536 19.2900 75.7261 1.9000 0.5201
0.4180 28.7564 57.3485 0.1209 14.6150 1.9676 99.9016 901162 0.9446 0.7250 821.4858 19.2600 78.2648 1.9000 0.5201
0.4170 28.6012 57.1758 0.1133 14.6175 1.9566 99.9020 901212 0.9446 0.7261 822.7481 19.2500 78.2648 1.9000 0.5201
0.4180 28.6231 57.0825 0.1148 14.6175 1.9581 99.9021 901263 0.9446 0.7275 824.3796 19.3000 78.2648 1.9000 0.5201
0.4160 28.7758 57.6631 0.1208 14.6138 1.9691 99.9011 901313 0.9446 0.7286 825.6444 19.3000 77.7561 1.9000 0.5201
0.4160 28.8123 57.7362 0.1278 14.6175 1.9711 99.9010 901363 0.9446 0.7301 827.2804 19.2900 78.2648 1.9000 0.5227
0.4170 28.6983 57.3698 0.1214 14.6187 1.9631 99.9016 901413 0.9446 0.7312 828.5430 19.2900 78.2648 1.9000 0.5227
0.4180 28.8147 57.4647 0.1249 14.6150 1.9716 99.9015 901464 0.9447 0.7326 830.1799 19.2800 57.3001 1.9000 0.5227
0.4170 28.7129 57.3990 0.1224 14.6187 1.9641 99.9016 901514 0.9447 0.7337 831.4456 19.2400 83.3779 1.9000 0.5227
0.4180 28.6692 57.1745 0.1195 14.6187 1.9611 99.9020 901565 0.9447 0.7351 833.0828 19.2600 78.7739 1.9000 0.5227
0.4170 28.7468 57.4668 0.1233 14.6175 1.9666 99.9015 901616 0.9447 0.7365 834.6024 19.2700 78.2648 1.9000 0.5227
0.4180 28.7420 57.3197 0.1244 14.6187 1.9661 99.9017 901666 0.9448 0.7375 835.8138 19.2800 78.2648 1.9000 0.5227
0.4180 28.7832 57.4019 0.1258 14.6175 1.9691 99.9016 901717 0.9448 0.7389 837.4539 19.2600 78.2648 1.9000 0.5227
0.4190 28.7492 57.1972 0.1204 14.6150 1.9671 99.9019 901768 0.9448 0.7402 838.9767 19.2900 77.7561 1.9000 0.5227
0.4190 28.8706 57.4387 0.1317 14.6175 1.9751 99.9015 901818 0.9448 0.7414 840.2470 19.2600 78.2648 1.9000 0.5227
0.4190 28.7711 57.2408 0.1264 14.6187 1.9681 99.9019 901869 0.9449 0.7427 841.8323 19.2800 77.7561 1.9000 0.5258
0.4190 28.9118 57.5207 0.1331 14.6163 1.9781 99.9014 901919 0.9449 0.7438 843.1046 19.2800 57.3001 1.9000 0.5258
0.4200 28.9604 57.4802 0.1394 14.6187 1.9810 99.9015 901970 0.9449 0.7453 844.7501 19.2900 78.2648 1.9000 0.5258
0.4190 1.4786 2.9417 0.6285 16.4037 0.0901 99.9955 902020 0.9449 0.7457 845.2099 19.2500 78.7739 1.9000 0.5258
0.3290 0.8173 2.0708 1.5078 17.0950 0.0478 99.9970 902070 0.9450 0.7456 845.2645 19.3700 76.7401 1.9000 0.5258
0.3100 0.5270 1.4172 1.8287 17.3487 0.0304 99.9980 902121 0.9450 0.7457 845.2922 19.4300 78.2648 1.9000 0.5258
0.2960 0.4285 1.2068 2.1044 17.5600 0.0244 99.9983 902171 0.9450 0.7457 845.3236 19.5300 77.7561 1.2000 0.5258
0.2820 0.5540 1.6377 2.2430 17.6588 0.0314 99.9977 902221 0.9450 0.7457 845.3477 19.6400 78.2648 1.2000 0.5258
0.2660 0.5660 1.7737 2.3752 17.7575 0.0319 99.9975 902272 0.9450 0.7457 845.3762 19.7000 78.2648 1.2000 0.5258
0.2540 0.4265 1.3998 2.4806 17.8425 0.0239 99.9980 902323 0.9451 0.7457 845.3995 19.7800 78.2648 1.2000 0.5258
0.2370 0.5522 1.9423 2.5442 17.8850 0.0309 99.9973 902373 0.9451 0.7457 845.4201 19.8900 78.7739 0.0000 0.5018
0.2250 0.4111 1.5230 2.6162 17.9450 0.0229 99.9979 902424 0.9451 0.7457 845.4451 19.9400 79.2836 0.0000 0.5018
0.2110 0.5373 2.1227 2.6715 17.9813 0.0299 99.9970 902474 0.9451 0.7457 845.4655 19.9900 78.2648 0.0000 0.5018
0.1970 0.4668 1.9753 2.7276 18.0263 0.0259 99.9973 902524 0.9451 0.7458 845.4907 20.0600 77.7561 0.0000 0.5018
0.1870 0.3327 1.4831 2.7601 18.0562 0.0184 99.9979 902575 0.9451 0.7458 845.5093 20.1200 78.2648 0.0000 0.5018
0.1750 0.4413 2.1020 2.8027 18.0837 0.0244 99.9971 902625 0.9451 0.7458 845.5347 20.1800 77.7561 0.0000 0.5018
0.1640 0.3247 1.6502 2.8296 18.1087 0.0179 99.9977 902675 0.9451 0.7458 845.5530 20.2300 78.2648 0.0000 0.5018
0.1520 0.3703 2.0307 2.8671 18.1350 0.0204 99.9972 902726 0.9451 0.7458 845.5762 20.2900 77.7561 0.0000 0.5018
0.1410 0.3075 1.8178 2.8953 18.1588 0.0169 99.9975 902777 0.9451 0.7458 845.5961 20.3300 78.7739 0.0000 0.5018
0.1310 0.3801 2.4189 2.9192 18.1737 0.0209 99.9967 902827 0.9451 0.7459 845.6134 20.3500 78.2648 0.0000 0.5018
0.1220 0.5074 3.4669 2.9529 18.1938 0.0279 99.9952 902877 0.9451 0.7459 845.6372 20.3500 78.2648 0.0000 0.5019
0.1130 0.4352 3.2103 2.9639 18.2050 0.0239 99.9956 902928 0.9451 0.7459 845.6554 20.3900 78.2648 0.0000 0.5019
0.1040 0.5082 4.0731 2.9896 18.2213 0.0279 99.9944 902978 0.9451 0.7459 845.6791 20.4600 77.7561 0.0000 0.5019
0.0980 0.4631 3.9392 3.0037 18.2337 0.0254 99.9946 903028 0.9451 0.7459 845.6966 20.4700 78.7739 0.0000 0.5019
0.0910 0.3272 2.9972 3.0179 18.2500 0.0179 99.9959 903079 0.9451 0.7460 845.7204 20.5100 78.7739 0.0000 0.5019
0.0850 0.4638 4.5483 3.0387 18.2600 0.0254 99.9938 903130 0.9451 0.7460 845.7418 20.5100 79.2836 0.0000 0.5019
0.0800 0.3276 3.4135 3.0479 18.2725 0.0179 99.9953 903180 0.9451 0.7460 845.7570 20.5400 78.2648 0.0000 0.5019
0.0740 0.4734 5.3326 3.0659 18.2800 0.0259 99.9927 903230 0.9451 0.7460 845.7807 20.5500 76.7401 0.0000 0.5019
0.0700 0.3188 3.7967 3.0724 18.2913 0.0174 99.9948 903280 0.9451 0.7460 845.7978 20.6000 78.2648 0.0000 0.5019
0.0650 0.3190 4.0907 3.0841 18.3000 0.0174 99.9944 903331 0.9451 0.7460 845.8205 20.5800 78.2648 0.0000 0.5019
0.0610 0.3829 5.2332 3.0992 18.3088 0.0209 99.9928 903382 0.9451 0.7461 845.8426 20.6100 78.7739 0.0000 0.5019
0.0590 0.3192 4.5104 3.1041 18.3150 0.0174 99.9938 903432 0.9451 0.7461 845.8598 20.6200 78.7739 0.0000 0.5019
0.0570 0.3741 5.4709 3.1154 18.3213 0.0204 99.9925 903483 0.9451 0.7461 845.8836 20.6200 77.7561 0.0000 0.5019
0.0530 0.3286 5.1684 3.1229 18.3288 0.0179 99.9929 903533 0.9451 0.7461 845.9006 20.6700 78.2648 0.0000 0.5019
0.0500 0.4291 7.1544 3.1351 18.3337 0.0234 99.9902 903583 0.9451 0.7461 845.9230 20.7000 83.3779 0.0000 0.5019
0.0480 0.4384 7.6131 3.1422 18.3388 0.0239 99.9896 903633 0.9451 0.7461 845.9412 20.7000 77.7561 0.0000 0.5019
0.0450 0.4020 7.4470 3.1502 18.3463 0.0219 99.9898 903684 0.9452 0.7461 845.9642 20.7100 77.7561 0.0000 0.5019
0.0440 0.4935 9.3491 3.1602 18.3500 0.0269 99.9872 903735 0.9452 0.7461 845.9846 20.7100 78.2648 0.0000 0.5019
0.0430 0.4205 8.1515 3.1629 18.3550 0.0229 99.9889 903785 0.9452 0.7461 846.0003 20.7100 78.2648 0.0000 0.5019
0.0410 0.4846 9.8521 3.1714 18.3587 0.0264 99.9865 903836 0.9452 0.7461 846.0232 20.7100 78.2648 0.0000 0.5019
0.0380 0.3841 8.4265 3.1742 18.3650 0.0209 99.9885 903886 0.9452 0.7462 846.0412 20.7400 78.2648 0.0000 0.4926
0.0360 0.3019 6.9911 3.1781 18.3713 0.0164 99.9905 903936 0.9452 0.7462 846.0645 20.7400 78.7739 0.0000 0.4926
0.0350 0.3660 8.7167 3.1833 18.3725 0.0199 99.9881 903987 0.9452 0.7462 846.0814 20.7600 78.7739 0.0000 0.4926
0.0350 0.3020 7.1933 3.1864 18.3775 0.0164 99.9902 904037 0.9452 0.7462 846.1041 20.7600 78.2648 0.0000 0.4926
0.0320 0.3295 8.5840 3.1913 18.3800 0.0179 99.9883 904088 0.9452 0.7462 846.1236 20.7600 77.2479 0.0000 0.4926
0.0330 0.3021 7.6318 3.1948 18.3838 0.0164 99.9896 904138 0.9452 0.7462 846.1400 20.7900 78.2648 0.0000 0.4926
0.0310 0.3388 9.1102 3.2001 18.3862 0.0184 99.9876 904189 0.9452 0.7463 846.1616 20.7700 78.2648 0.0000 0.4926
0.0310 0.4670 12.5581 3.2087 18.3875 0.0254 99.9829 904239 0.9452 0.7463 846.1803 20.7900 78.2648 0.0000 0.4926
0.0300 0.4671 12.9802 3.2154 18.3925 0.0254 99.9823 904289 0.9452 0.7463 846.2043 20.7600 77.7561 0.0000 0.4926
0.0290 0.2932 8.4270 3.2109 18.3962 0.0159 99.9885 904339 0.9452 0.7463 846.2195 20.8200 78.2648 0.0000 0.4926
0.0280 0.4306 12.8201 3.2201 18.3975 0.0234 99.9825 904390 0.9452 0.7463 846.2431 20.8000 78.7739 0.0000 0.4926
0.0270 0.2841 8.7708 3.2171 18.4013 0.0154 99.9881 904440 0.9452 0.7464 846.2601 20.7900 78.7739 0.0000 0.4926
0.0270 0.3024 9.3379 3.2214 18.4037 0.0164 99.9873 904491 0.9452 0.7464 846.2817 20.8300 57.3001 0.0000 0.4926
0.0270 0.3391 10.4705 3.2251 18.4050 0.0184 99.9857 904542 0.9452 0.7464 846.3034 20.8100 78.2648 0.0000 0.4926
0.0270 0.3117 9.6228 3.2269 18.4075 0.0169 99.9869 904592 0.9452 0.7464 846.3198 20.8500 82.3514 0.0000 0.4926
0.0260 0.3209 10.2875 3.2291 18.4088 0.0174 99.9860 904643 0.9452 0.7464 846.3431 20.8500 78.2648 0.0000 0.4926
0.0250 0.3025 10.0877 3.2281 18.4088 0.0164 99.9863 904694 0.9452 0.7464 846.3626 20.8500 78.2648 0.0000 0.4926
0.0240 0.3209 11.1471 3.2341 18.4125 0.0174 99.9848 904744 0.9452 0.7465 846.3787 20.8400 77.2479 0.0000 0.4926
0.0240 0.3118 10.8301 3.2369 18.4150 0.0169 99.9853 904795 0.9452 0.7465 846.4009 20.8600 76.2329 0.0000 0.4926
0.0230 0.4310 15.6209 3.2417 18.4137 0.0234 99.9787 904845 0.9452 0.7465 846.4199 20.8400 57.7899 0.0000 0.4926
0.0240 0.4311 14.9730 3.2467 18.4175 0.0234 99.9796 904896 0.9452 0.7465 846.4429 20.8600 78.2648 0.0000 0.4926
0.0240 0.3852 13.3811 3.2459 18.4188 0.0209 99.9818 904946 0.9452 0.7465 846.4588 20.8900 78.2648 0.0000 0.4926
0.0220 0.4861 18.4207 3.2514 18.4188 0.0264 99.9749 904996 0.9452 0.7465 846.4822 20.8700 78.7739 0.0000 0.4926
0.0220 0.3670 13.9043 3.2483 18.4212 0.0199 99.9811 905046 0.9452 0.7466 846.4999 20.8600 78.7739 0.0000 0.4926
0.0220 0.2844 10.7773 3.2471 18.4237 0.0154 99.9853 905097 0.9452 0.7466 846.5220 20.8600 78.2648 0.0000 0.4926
0.0230 0.4037 14.6317 3.2536 18.4237 0.0219 99.9801 905148 0.9452 0.7466 846.5437 20.8700 78.2648 0.0000 0.4926
0.0220 0.2845 10.7788 3.2504 18.4263 0.0154 99.9853 905198 0.9452 0.7466 846.5600 20.8700 78.2648 0.0000 0.4926
0.0200 0.4129 17.2101 3.2557 18.4250 0.0224 99.9766 905249 0.9452 0.7466 846.5839 20.8700 78.2648 0.0000 0.4926
0.0200 0.2937 12.2408 3.2543 18.4287 0.0159 99.9834 905299 0.9452 0.7467 846.6005 20.8900 78.7739 0.0000 0.4926
0.0210 0.3396 13.4794 3.2568 18.4287 0.0184 99.9817 905349 0.9452 0.7467 846.6224 20.8700 78.2648 0.0000 0.4926
0.0200 0.4863 20.2696 3.2597 18.4250 0.0264 99.9724 905400 0.9452 0.7467 846.6411 20.8700 77.7561 0.0000 0.5019
0.0200 0.4588 19.1249 3.2616 18.4275 0.0249 99.9740 905450 0.9452 0.7467 846.6647 20.8700 78.7739 0.0000 0.5019
0.0200 0.3029 12.6250 3.2581 18.4312 0.0164 99.9828 905500 0.9452 0.7467 846.6817 20.8900 78.2648 0.0000 0.5019
0.0210 0.4497 17.8523 3.2644 18.4300 0.0244 99.9757 905551 0.9452 0.7467 846.7057 20.9200 78.7739 0.0000 0.5019
0.0190 0.4222 18.5235 3.2629 18.4300 0.0229 99.9748 905602 0.9452 0.7468 846.7250 20.9000 70.1822 0.0000 0.5019
0.0180 0.4497 20.8277 3.2644 18.4300 0.0244 99.9717 905652 0.9452 0.7468 846.7426 20.8900 82.8644 0.0000 0.5019
0.0190 0.3029 13.2904 3.2598 18.4325 0.0164 99.9819 905703 0.9452 0.7468 846.7654 20.9100 77.2479 0.0000 0.5019
0.0180 0.3396 15.7292 3.2618 18.4325 0.0184 99.9786 905753 0.9452 0.7468 846.7831 20.8900 78.2648 0.0000 0.5019
0.0170 0.2938 14.4058 3.2626 18.4350 0.0159 99.9804 905803 0.9452 0.7468 846.8058 20.9100 78.2648 0.0000 0.5019
0.0180 0.4498 20.8320 3.2694 18.4338 0.0244 99.9717 905854 0.9452 0.7468 846.8240 20.9000 56.8108 0.0000 0.5019
0.0190 0.4773 20.9424 3.2692 18.4325 0.0259 99.9715 905904 0.9452 0.7469 846.8467 20.8900 67.1820 0.0000 0.4993
0.0180 0.2938 13.6055 3.2626 18.4350 0.0159 99.9815 905955 0.9452 0.7469 846.8661 20.9300 78.2648 0.0000 0.4993
0.0170 0.4773 23.4062 3.2692 18.4325 0.0259 99.9682 906005 0.9452 0.7469 846.8839 20.9300 57.7899 0.0000 0.4993
0.0170 0.4774 23.4110 3.2742 18.4363 0.0259 99.9682 906056 0.9452 0.7469 846.9073 20.9200 78.7739 0.0000 0.4993
0.0170 0.3305 16.2065 3.2646 18.4350 0.0179 99.9780 906106 0.9452 0.7469 846.9224 20.9000 77.2479 0.0000 0.4993
0.0160 0.4774 24.8708 3.2709 18.4338 0.0259 99.9662 906156 0.9452 0.7470 846.9457 20.9100 78.2648 0.0000 0.4993
0.0160 0.3397 17.6989 3.2668 18.4363 0.0184 99.9759 906206 0.9452 0.7470 846.9631 20.8900 81.8390 0.0000 0.4993
0.0170 0.3030 14.8570 3.2648 18.4363 0.0164 99.9798 906257 0.9452 0.7470 846.9854 20.8700 56.8108 0.0000 0.4993
0.0160 0.3948 20.5690 3.2697 18.4363 0.0214 99.9720 906308 0.9452 0.7470 847.0072 20.9400 78.7739 0.0000 0.4993
0.0170 0.3122 15.3082 3.2669 18.4375 0.0169 99.9792 906358 0.9452 0.7470 847.0239 20.9300 78.2648 0.0000 0.4993
0.0160 0.4040 21.0474 3.2702 18.4363 0.0219 99.9714 906409 0.9452 0.7470 847.0480 20.9300 77.7561 0.0000 0.4990
0.0160 0.3122 16.2650 3.2669 18.4375 0.0169 99.9779 906459 0.9452 0.7471 847.0644 20.9100 78.2648 0.0000 0.4990
0.0150 0.3856 21.4301 3.2693 18.4363 0.0209 99.9709 906509 0.9452 0.7471 847.0851 20.9400 78.2648 0.0000 0.4990
0.0150 0.4315 23.9796 3.2701 18.4350 0.0234 99.9674 906559 0.9452 0.7471 847.1030 20.9300 78.2648 0.0000 0.4990
0.0140 0.4040 24.0542 3.2702 18.4363 0.0219 99.9673 906610 0.9452 0.7471 847.1262 20.9300 78.7739 0.0000 0.4990
0.0140 0.4774 28.4257 3.2726 18.4350 0.0259 99.9614 906661 0.9452 0.7471 847.1479 20.9400 78.2648 0.0000 0.4990
0.0140 0.4223 25.1475 3.2712 18.4363 0.0229 99.9658 906711 0.9452 0.7472 847.1650 20.9400 78.2648 0.0000 0.4990
0.0140 0.4774 28.4257 3.2726 18.4350 0.0259 99.9614 906761 0.9452 0.7472 847.1868 20.9600 78.7739 0.0000 0.4990
0.0150 0.4040 22.4505 3.2702 18.4363 0.0219 99.9695 906811 0.9452 0.7472 847.2032 20.9300 78.2648 0.0000 0.4990
0.0160 0.3122 16.2650 3.2669 18.4375 0.0169 99.9779 906862 0.9452 0.7472 847.2244 20.9400 77.7561 0.0000 0.4990
0.0160 0.4591 23.9175 3.2732 18.4363 0.0249 99.9675 906913 0.9452 0.7472 847.2454 20.9500 77.7561 0.0000 0.4986
0.0160 0.3122 16.2650 3.2669 18.4375 0.0169 99.9779 906963 0.9452 0.7472 847.2625 20.9400 78.7739 0.0000 0.4986
0.0150 0.4499 25.0017 3.2727 18.4363 0.0244 99.9660 907013 0.9452 0.7473 847.2844 20.9800 78.2648 0.0000 0.4986
0.0150 0.3030 16.8391 3.2664 18.4375 0.0164 99.9771 907063 0.9452 0.7473 847.3013 20.9400 78.2648 0.0000 0.4986
0.0140 0.3213 19.1340 3.2658 18.4363 0.0174 99.9740 907114 0.9452 0.7473 847.3231 20.9300 78.2648 0.0000 0.4986
0.0140 0.3030 18.0406 3.2648 18.4363 0.0164 99.9755 907165 0.9452 0.7473 847.3441 20.9200 78.2648 0.0000 0.4986
0.0150 0.3305 18.3686 3.2663 18.4363 0.0179 99.9750 907215 0.9452 0.7473 847.3615 20.9400 77.2479 0.0000 0.4986
0.0150 0.2938 16.3288 3.2659 18.4375 0.0159 99.9778 907265 0.9452 0.7473 847.3834 20.9600 57.7899 0.0000 0.4986
0.0150 0.3305 18.3686 3.2663 18.4363 0.0179 99.9750 907315 0.9452 0.7474 847.4001 20.9400 78.7739 0.0000 0.4986
0.0150 0.4682 26.0187 3.2704 18.4338 0.0254 99.9646 907366 0.9452 0.7474 847.4209 20.9600 78.7739 0.0000 0.4986
0.0160 0.3030 15.7866 3.2664 18.4375 0.0164 99.9785 907417 0.9453 0.7473 847.4402 20.9200 78.7739 0.0000 0.4981
0.0140 0.4774 28.4257 3.2726 18.4350 0.0259 99.9614 907467 0.9453 0.7473 847.4564 20.9600 78.7739 0.0000 0.4981
0.0140 0.2938 17.4951 3.2659 18.4375 0.0159 99.9762 907517 0.9453 0.7473 847.4774 20.9600 78.2648 0.0000 0.4981
0.0140 0.3305 19.6780 3.2629 18.4338 0.0179 99.9732 907567 0.9453 0.7474 847.4926 20.9400 78.2648 0.0000 0.4981
0.0140 0.4682 27.8772 3.2704 18.4338 0.0254 99.9621 907618 0.9453 0.7474 847.5157 20.9500 77.7561 0.0000 0.4981
0.0150 0.4131 22.9577 3.2674 18.4338 0.0224 99.9688 907669 0.9453 0.7474 847.5370 20.9300 77.7561 0.0000 0.4981
0.0150 0.4590 25.5085 3.2699 18.4338 0.0249 99.9653 907719 0.9453 0.7474 847.5536 20.9700 78.2648 0.0000 0.4981
0.0140 0.4039 24.0525 3.2686 18.4350 0.0219 99.9673 907770 0.9453 0.7474 847.5764 20.9600 78.7739 0.0000 0.4981
0.0130 0.3029 19.4244 3.2598 18.4325 0.0164 99.9736 907820 0.9453 0.7474 847.5922 20.9600 78.2648 0.0000 0.4981
0.0150 0.3947 21.9373 3.2664 18.4338 0.0214 99.9702 907871 0.9453 0.7475 847.6137 20.9600 78.2648 0.0000 0.4981
0.0140 0.3030 18.0394 3.2631 18.4350 0.0164 99.9755 907921 0.9453 0.7475 847.6300 20.9500 78.2648 0.0000 0.4885
0.0150 0.3856 21.4272 3.2659 18.4338 0.0209 99.9709 907971 0.9453 0.7475 847.6511 20.9800 78.2648 0.0000 0.4885
0.0140 0.4406 26.2338 3.2656 18.4312 0.0239 99.9643 908021 0.9453 0.7475 847.6678 20.9400 78.2648 0.0000 0.4885
0.0140 0.3947 23.5027 3.2647 18.4325 0.0214 99.9680 908072 0.9453 0.7475 847.6909 20.9600 78.7739 0.0000 0.4885
0.0140 0.4774 28.4257 3.2726 18.4350 0.0259 99.9614 908123 0.9453 0.7476 847.7126 20.9400 78.2648 0.0000 0.4885
0.0150 0.3947 21.9344 3.2631 18.4312 0.0214 99.9702 908173 0.9453 0.7476 847.7286 20.9500 77.7561 0.0000 0.4885
0.0140 0.4773 28.4180 3.2659 18.4300 0.0259 99.9614 908224 0.9453 0.7476 847.7512 20.9400 78.2648 0.0000 0.4885
0.0140 0.4039 24.0493 3.2652 18.4325 0.0219 99.9673 908274 0.9453 0.7476 847.7676 20.9700 78.7739 0.0000 0.4885
0.0130 0.3029 19.4218 3.2564 18.4300 0.0164 99.9736 908324 0.9453 0.7476 847.7889 20.9700 78.7739 0.0000 0.4885
0.0130 0.3396 21.7774 3.2601 18.4312 0.0184 99.9704 908374 0.9453 0.7476 847.8059 20.9600 78.2648 0.0000 0.4885
0.0140 0.3029 18.0369 3.2598 18.4325 0.0164 99.9755 908425 0.9453 0.7477 847.8285 20.9600 78.7739 0.0000 0.4881
0.0130 0.4589 29.4269 3.2649 18.4300 0.0249 99.9600 908476 0.9453 0.7477 847.8504 20.9800 78.2648 0.0000 0.4881
0.0140 0.3029 18.0357 3.2581 18.4312 0.0164 99.9755 908526 0.9453 0.7477 847.8650 20.9800 78.2648 0.0000 0.4881
0.0140 0.3212 19.1275 3.2574 18.4300 0.0174 99.9740 908577 0.9453 0.7477 847.8870 20.9600 78.2648 0.0000 0.4881
0.0150 0.3121 17.3434 3.2586 18.4312 0.0169 99.9764 908627 0.9453 0.7477 847.9077 20.9700 79.2836 0.0000 0.4881
0.0140 0.3396 20.2205 3.2584 18.4300 0.0184 99.9725 908678 0.9453 0.7477 847.9256 20.9900 77.2479 0.0000 0.4881
0.0140 0.3029 18.0357 3.2581 18.4312 0.0164 99.9755 908728 0.9453 0.7478 847.9473 20.9500 78.2648 0.0000 0.4881
0.0140 0.3304 19.6740 3.2579 18.4300 0.0179 99.9732 908778 0.9453 0.7478 847.9642 20.9800 77.7561 0.0000 0.4881
0.0130 0.4588 29.4229 3.2616 18.4275 0.0249 99.9600 908829 0.9453 0.7478 847.9847 20.9400 79.7937 0.0000 0.4881
0.0130 0.2937 18.8332 3.2559 18.4300 0.0159 99.9744 908880 0.9453 0.7478 848.0040 20.9800 78.2648 0.0000 0.4877
0.0130 0.4680 30.0114 3.2621 18.4275 0.0254 99.9592 908930 0.9453 0.7478 848.0203 20.9700 78.2648 0.0000 0.4877
0.0130 0.2937 18.8332 3.2559 18.4300 0.0159 99.9744 908981 0.9453 0.7478 848.0418 20.9600 78.2648 0.0000 0.4877
0.0140 0.3487 20.7614 3.2523 18.4250 0.0189 99.9718 909031 0.9453 0.7479 848.0573 20.9600 78.7739 0.0000 0.4877
0.0130 0.4955 31.7746 3.2619 18.4263 0.0269 99.9568 909082 0.9453 0.7479 848.0807 20.9400 78.7739 0.0000 0.4877
0.0120 0.3579 24.8624 3.2561 18.4275 0.0194 99.9662 909132 0.9453 0.7479 848.0964 20.9600 79.2836 0.0000 0.4877
0.0120 0.3028 21.0374 3.2531 18.4275 0.0164 99.9714 909182 0.9453 0.7479 848.1173 20.9900 78.7739 0.0000 0.4877
0.0140 0.3946 23.4947 3.2564 18.4263 0.0214 99.9680 909232 0.9453 0.7479 848.1335 20.9800 78.2648 0.0000 0.4877
0.0130 0.3028 19.4178 3.2514 18.4263 0.0164 99.9736 909283 0.9453 0.7479 848.1559 20.9600 81.8390 0.0000 0.4877
0.0120 0.4037 28.0461 3.2552 18.4250 0.0219 99.9618 909334 0.9453 0.7480 848.1780 20.9600 58.2802 0.0000 0.4877
0.0130 0.3028 19.4178 3.2514 18.4263 0.0164 99.9736 909384 0.9453 0.7480 848.1936 20.9800 78.2648 0.0000 0.4873
0.0130 0.3670 23.5352 3.2533 18.4250 0.0199 99.9680 909434 0.9453 0.7480 848.2145 21.0000 80.3043 0.0000 0.4873
0.0120 0.4496 31.2310 3.2561 18.4237 0.0244 99.9575 909484 0.9453 0.7480 848.2312 20.9600 78.2648 0.0000 0.4873
0.0120 0.3762 26.1321 3.2521 18.4237 0.0204 99.9644 909535 0.9453 0.7480 848.2516 20.9700 81.3269 0.0000 0.4873
0.0130 0.4863 31.1841 3.2597 18.4250 0.0264 99.9576 909586 0.9453 0.7480 848.2731 20.9600 78.7739 0.0000 0.4873
0.0130 0.3762 24.1203 3.2504 18.4225 0.0204 99.9672 909636 0.9453 0.7481 848.2891 20.9800 78.2648 0.0000 0.4873
0.0130 0.4770 30.5895 3.2542 18.4212 0.0259 99.9584 909687 0.9453 0.7481 848.3099 21.0100 78.7739 0.0000 0.4873
0.0130 0.4037 25.8852 3.2519 18.4225 0.0219 99.9648 909737 0.9453 0.7481 848.3265 20.9800 78.2648 0.0000 0.4873
0.0130 0.3119 20.0008 3.2453 18.4212 0.0169 99.9728 909787 0.9453 0.7481 848.3478 20.9900 78.2648 0.0000 0.4873
0.0110 0.4679 35.4560 3.2537 18.4212 0.0254 99.9518 909838 0.9453 0.7481 848.3699 20.9400 77.7561 0.0000 0.4873
0.0130 0.3119 19.9995 3.2436 18.4200 0.0169 99.9728 909888 0.9453 0.7481 848.3842 20.9800 77.7561 0.0000 0.4869
0.0120 0.4587 31.8640 3.2532 18.4212 0.0249 99.9566 909939 0.9453 0.7482 848.4072 20.9800 77.7561 0.0000 0.4869
0.0120 0.3119 21.6690 3.2469 18.4225 0.0169 99.9705 909989 0.9453 0.7482 848.4225 20.9800 77.7561 0.0000 0.4869
0.0120 0.3211 22.3063 3.2474 18.4225 0.0174 99.9697 910039 0.9453 0.7482 848.4434 20.9800 78.2648 0.0000 0.4869
0.0120 0.4770 33.1341 3.2509 18.4188 0.0259 99.9549 910090 0.9453 0.7482 848.4599 20.9800 78.7739 0.0000 0.4869
0.0120 0.3211 22.3048 3.2458 18.4212 0.0174 99.9697 910140 0.9453 0.7482 848.4810 20.9700 81.8390 0.0000 0.4869
0.0120 0.4311 29.9481 3.2484 18.4188 0.0234 99.9593 910190 0.9453 0.7482 848.4975 20.9700 78.2648 0.0000 0.4869
0.0140 0.4311 25.6698 3.2484 18.4188 0.0234 99.9651 910241 0.9453 0.7483 848.5209 20.9900 77.7561 0.0000 0.4869
0.0130 0.4402 28.2288 3.2456 18.4163 0.0239 99.9616 910292 0.9453 0.7483 848.5422 20.9500 77.7561 0.0000 0.4869
0.0120 0.4494 31.2204 3.2477 18.4175 0.0244 99.9575 910342 0.9453 0.7483 848.5582 20.9700 77.7561 0.0000 0.4869
0.0130 0.4127 26.4645 3.2441 18.4163 0.0224 99.9640 910393 0.9453 0.7483 848.5807 20.9800 78.2648 0.0000 0.4864
0.0140 0.4952 29.4890 3.2486 18.4163 0.0269 99.9599 910444 0.9453 0.7483 848.6029 20.9900 78.7739 0.0000 0.4864
0.0130 0.3669 23.5240 3.2416 18.4163 0.0199 99.9680 910494 0.9453 0.7484 848.6182 20.9700 77.2479 0.0000 0.4864
0.0130 0.4860 31.1672 3.2464 18.4150 0.0264 99.9576 910545 0.9453 0.7484 848.6409 20.9800 78.2648 0.0000 0.4864
0.0120 0.3760 26.1214 3.2421 18.4163 0.0204 99.9644 910596 0.9453 0.7484 848.6622 20.9700 78.2648 0.0000 0.4864
0.0130 0.4860 31.1672 3.2464 18.4150 0.0264 99.9576 910646 0.9453 0.7484 848.6794 20.9800 78.2648 0.0000 0.4864
0.0120 0.4127 28.6698 3.2441 18.4163 0.0224 99.9610 910696 0.9453 0.7484 848.7012 20.9900 78.2648 0.0000 0.4864
0.0110 0.3118 23.6325 3.2403 18.4175 0.0169 99.9678 910746 0.9453 0.7484 848.7169 20.9800 76.2329 0.0000 0.4864
0.0120 0.4218 29.3030 3.2412 18.4137 0.0229 99.9601 910797 0.9453 0.7485 848.7409 20.9600 77.7561 0.0000 0.4864
0.0130 0.4676 29.9870 3.2421 18.4125 0.0254 99.9592 910848 0.9453 0.7485 848.7609 21.0000 76.7401 0.0000 0.4864
0.0130 0.4035 25.8746 3.2419 18.4150 0.0219 99.9648 910898 0.9453 0.7485 848.7760 20.9800 78.2648 0.0000 0.4747
0.0140 0.2843 16.9289 3.2371 18.4163 0.0154 99.9770 910949 0.9453 0.7485 848.7987 20.9900 78.2648 0.0000 0.4747
