0.0130 0.3693 23.6836 3.4083 18.5413 0.0199 99.9680 1428013 0.9548 0.9362 1072.3480 21.6600 77.2479 0.0000 0.0940
0.0130 0.3139 20.1311 3.4053 18.5413 0.0169 99.9728 1428063 0.9548 0.9363 1072.3656 21.6800 57.3001 0.0000 0.0940
0.0130 0.3693 23.6836 3.4083 18.5413 0.0199 99.9680 1428113 0.9548 0.9363 1072.3888 21.6200 77.7561 0.0000 0.0940
0.0120 0.3139 21.8087 3.4053 18.5413 0.0169 99.9705 1428163 0.9548 0.9363 1072.4052 21.6300 77.2479 0.0000 0.0940
0.0120 0.4155 28.8606 3.4074 18.5387 0.0224 99.9610 1428214 0.9548 0.9363 1072.4260 21.6600 77.7561 0.0000 0.0940
0.0120 0.4061 28.2097 3.3986 18.5325 0.0219 99.9618 1428794 0.9549 0.9364 1072.6506 21.6800 77.7561 0.0000 0.0919
0.0130 0.4706 30.1783 3.3987 18.5300 0.0254 99.9592 1428845 0.9549 0.9364 1072.6719 21.6600 77.2479 0.0000 0.0919
0.0120 0.3323 23.0807 3.3946 18.5325 0.0179 99.9688 1428896 0.9549 0.9364 1072.6919 21.6700 77.7561 0.0000 0.0919
0.0110 0.4798 36.3597 3.3959 18.5275 0.0259 99.9508 1428946 0.9549 0.9365 1072.7081 21.6600 77.7561 0.0000 0.0919
0.0120 0.3322 23.0775 3.3913 18.5300 0.0179 99.9688 1428997 0.9549 0.9365 1072.7286 21.6800 78.2648 0.0000 0.0919
0.0130 0.4798 30.7659 3.3959 18.5275 0.0259 99.9584 1429047 0.9549 0.9365 1072.7452 21.6500 78.2648 0.0000 0.0919
0.0140 0.4613 27.4696 3.3949 18.5275 0.0249 99.9628 1429097 0.9549 0.9365 1072.7682 21.6600 77.7561 0.0000 0.0919
0.0130 0.3137 20.1189 3.3903 18.5300 0.0169 99.9728 1429147 0.9549 0.9365 1072.7836 21.6600 81.8390 0.0000 0.0919
0.0120 0.3229 22.4320 3.3858 18.5263 0.0174 99.9697 1429198 0.9549 0.9365 1072.8047 21.6800 78.2648 0.0000 0.0919
0.0130 0.3599 23.0760 3.3911 18.5287 0.0194 99.9688 1429249 0.9549 0.9366 1072.8242 21.6300 77.2479 0.0000 0.0919
0.0120 0.3137 21.7910 3.3853 18.5263 0.0169 99.9705 1429299 0.9549 0.9366 1072.8395 21.6600 77.7561 0.0000 0.0919
0.0110 0.3598 27.2679 3.3878 18.5263 0.0194 99.9631 1429350 0.9549 0.9366 1072.8608 21.6800 77.7561 0.0000 0.0919
0.0140 0.3229 19.2274 3.3858 18.5263 0.0174 99.9740 1429400 0.9549 0.9366 1072.8778 21.6600 77.7561 0.0000 0.0919
0.0140 0.4151 24.7159 3.3857 18.5225 0.0224 99.9666 1429450 0.9549 0.9366 1072.8987 21.6900 77.2479 0.0000 0.0919
0.0140 0.4612 27.4621 3.3882 18.5225 0.0249 99.9628 1429501 0.9549 0.9366 1072.9153 21.6900 78.2648 0.0000 0.0919
0.0130 0.4151 26.6172 3.3857 18.5225 0.0224 99.9640 1429551 0.9549 0.9367 1072.9354 21.6700 77.7561 0.0000 0.0919
0.0110 0.2859 21.6687 3.3771 18.5212 0.0154 99.9707 1429601 0.9549 0.9367 1072.9509 21.6200 77.2479 0.0000 0.0919
0.0120 0.3966 27.5537 3.3847 18.5225 0.0214 99.9627 1429652 0.9549 0.9367 1072.9733 21.6700 77.7561 0.0000 0.0919
0.0110 0.4703 35.6436 3.3837 18.5187 0.0254 99.9518 1429703 0.9549 0.9367 1072.9948 21.6400 77.7561 0.0000 0.0919
0.0130 0.4058 26.0222 3.3819 18.5200 0.0219 99.9648 1429753 0.9549 0.9367 1073.0104 21.6800 77.2479 0.0000 0.0919
0.0110 0.3043 23.0635 3.3748 18.5187 0.0164 99.9688 1429804 0.9549 0.9367 1073.0313 21.6700 77.2479 0.0000 0.0919
0.0100 0.3320 27.6781 3.3779 18.5200 0.0179 99.9625 1429854 0.9549 0.9368 1073.0486 21.6500 77.2479 0.0000 0.0919
0.0110 0.3044 23.0651 3.3764 18.5200 0.0164 99.9688 1429904 0.9549 0.9368 1073.0697 21.6600 78.2648 0.0000 0.0919
0.0110 0.3412 25.8591 3.3768 18.5187 0.0184 99.9650 1429954 0.9549 0.9368 1073.0864 21.6800 77.2479 0.0000 0.0919
0.0110 0.4703 35.6388 3.3804 18.5163 0.0254 99.9518 1430005 0.9549 0.9368 1073.1072 21.6800 77.7561 0.0000 0.0919
0.0110 0.3136 23.7624 3.3753 18.5187 0.0169 99.9678 1430056 0.9549 0.9368 1073.1278 21.6800 78.7739 0.0000 0.0919
0.0100 0.4426 36.8967 3.3789 18.5163 0.0239 99.9501 1430106 0.9549 0.9368 1073.1437 21.6200 78.2648 0.0000 0.0919
0.0120 0.3228 22.4214 3.3741 18.5175 0.0174 99.9697 1430157 0.9549 0.9369 1073.1652 21.6700 77.2479 0.0000 0.0919
0.0110 0.3504 26.5544 3.3739 18.5163 0.0189 99.9641 1430207 0.9549 0.9369 1073.1866 21.6800 77.2479 0.0000 0.0918
0.0110 0.4703 35.6388 3.3804 18.5163 0.0254 99.9518 1430257 0.9549 0.9369 1073.2050 21.6800 76.2329 0.0000 0.0918
0.0120 0.4149 28.8216 3.3741 18.5138 0.0224 99.9610 1430308 0.9549 0.9369 1073.2251 21.6700 78.7739 0.0000 0.0918
0.0120 0.4333 30.1026 3.3751 18.5138 0.0234 99.9593 1430358 0.9549 0.9369 1073.2416 21.6400 78.7739 0.0000 0.0918
0.0100 0.4056 33.8151 3.3719 18.5125 0.0219 99.9542 1430409 0.9549 0.9369 1073.2646 21.6800 80.8153 0.0000 0.0918
0.0120 0.2858 19.8522 3.3638 18.5112 0.0154 99.9731 1430459 0.9549 0.9370 1073.2800 21.6800 77.2479 0.0000 0.0918
0.0120 0.4056 28.1773 3.3702 18.5112 0.0219 99.9618 1430510 0.9549 0.9370 1073.3026 21.6600 77.7561 0.0000 0.0918
0.0130 0.2858 18.3276 3.3671 18.5138 0.0154 99.9752 1430560 0.9549 0.9370 1073.3191 21.6400 77.7561 0.0000 0.0918
0.0120 0.3319 23.0557 3.3679 18.5125 0.0179 99.9688 1430611 0.9549 0.9370 1073.3400 21.6600 77.7561 0.0000 0.0918
0.0120 0.3042 21.1344 3.3664 18.5125 0.0164 99.9714 1430662 0.9549 0.9370 1073.3613 21.6400 77.2479 0.0000 0.0918
0.0130 0.3411 21.8719 3.3668 18.5112 0.0184 99.9704 1430712 0.9549 0.9370 1073.3774 21.6500 75.7261 0.0000 0.0918
0.0120 0.3042 21.1330 3.3648 18.5112 0.0164 99.9714 1430763 0.9549 0.9371 1073.3998 21.6800 78.2648 0.0000 0.0918
0.0120 0.3503 24.3333 3.3656 18.5100 0.0189 99.9670 1430813 0.9549 0.9371 1073.4165 21.6900 77.2479 0.0000 0.0918
0.0120 0.4332 30.0924 3.3667 18.5075 0.0234 99.9593 1430864 0.9549 0.9371 1073.4370 21.6600 77.7561 0.0000 0.0918
0.0120 0.4608 32.0132 3.3682 18.5075 0.0249 99.9566 1430914 0.9549 0.9371 1073.4542 21.6900 77.7561 0.0000 0.0918
0.0110 0.3410 25.8417 3.3601 18.5063 0.0184 99.9650 1430964 0.9549 0.9371 1073.4753 21.6400 77.7561 0.0000 0.0918
0.0110 0.3318 25.1466 3.3629 18.5088 0.0179 99.9660 1431014 0.9549 0.9371 1073.4921 21.6600 77.7561 0.0000 0.0918
0.0110 0.3226 24.4481 3.3624 18.5088 0.0174 99.9669 1431065 0.9549 0.9372 1073.5148 21.6600 77.7561 0.0000 0.0918
0.0110 0.4424 33.5243 3.3656 18.5063 0.0239 99.9546 1431116 0.9549 0.9372 1073.5360 21.6400 77.7561 0.0000 0.0918
0.0140 0.3226 19.2066 3.3591 18.5063 0.0174 99.9740 1431166 0.9549 0.9372 1073.5535 21.6600 77.7561 0.0000 0.0918
0.0110 0.2949 22.3510 3.3593 18.5075 0.0159 99.9697 1431216 0.9549 0.9372 1073.5747 21.6800 77.7561 0.0000 0.0940
0.0120 0.4423 30.7265 3.3622 18.5037 0.0239 99.9584 1431266 0.9549 0.9372 1073.5917 21.6500 78.2648 0.0000 0.0940
0.0130 0.2949 18.9112 3.3576 18.5063 0.0159 99.9744 1431317 0.9549 0.9372 1073.6135 21.6800 57.3001 0.0000 0.0940
0.0130 0.3778 24.2266 3.3588 18.5037 0.0204 99.9672 1431368 0.9549 0.9373 1073.6356 21.6700 77.7561 0.0000 0.0940
0.0120 0.2949 20.4857 3.3559 18.5050 0.0159 99.9723 1431418 0.9549 0.9373 1073.6514 21.6600 77.2479 0.0000 0.0940
0.0120 0.3594 24.9636 3.3561 18.5025 0.0194 99.9662 1431469 0.9549 0.9373 1073.6719 21.6700 77.7561 0.0000 0.0940
0.0110 0.4883 37.0064 3.3614 18.5012 0.0264 99.9499 1431519 0.9549 0.9373 1073.6891 21.6800 77.7561 0.0000 0.0940
0.0100 0.4331 36.1012 3.3601 18.5025 0.0234 99.9511 1431569 0.9549 0.9373 1073.7123 21.6600 77.7561 0.0000 0.0940
0.0110 0.3040 23.0402 3.3498 18.5000 0.0164 99.9688 1431619 0.9549 0.9373 1073.7277 21.6700 77.7561 0.0000 0.0940
0.0100 0.4422 36.8643 3.3572 18.5000 0.0239 99.9501 1431670 0.9549 0.9374 1073.7499 21.6600 78.2648 0.0000 0.0940
0.0100 0.4698 39.1657 3.3571 18.4988 0.0254 99.9469 1431721 0.9549 0.9374 1073.7700 21.6600 84.4063 0.0000 0.0940
0.0090 0.4238 39.2510 3.3546 18.4988 0.0229 99.9468 1431771 0.9549 0.9374 1073.7855 21.7000 77.2479 0.0000 0.0940
0.0090 0.2948 27.3032 3.3459 18.4975 0.0159 99.9630 1431822 0.9549 0.9374 1073.8068 21.6600 77.2479 0.0000 0.0940
0.0110 0.3316 25.1330 3.3496 18.4988 0.0179 99.9660 1431872 0.9549 0.9374 1073.8239 21.6600 78.7739 0.0000 0.0940
0.0110 0.2948 22.3420 3.3493 18.5000 0.0159 99.9697 1431922 0.9549 0.9374 1073.8464 21.6500 77.7561 0.0000 0.0940
0.0110 0.3409 25.8312 3.3501 18.4988 0.0184 99.9650 1431972 0.9549 0.9375 1073.8629 21.6600 77.7561 0.0000 0.0940
0.0100 0.4606 38.3925 3.3532 18.4963 0.0249 99.9480 1432023 0.9549 0.9375 1073.8838 21.6700 70.1822 0.0000 0.0940
0.0090 0.2948 27.3050 3.3476 18.4988 0.0159 99.9630 1432074 0.9549 0.9375 1073.9032 21.6200 77.2479 0.0000 0.0940
0.0110 0.4697 35.5979 3.3521 18.4950 0.0254 99.9518 1432124 0.9549 0.9375 1073.9194 21.6700 77.2479 0.0000 0.0940
0.0110 0.2948 22.3390 3.3459 18.4975 0.0159 99.9697 1432175 0.9549 0.9375 1073.9407 21.6600 81.3269 0.0000 0.0940
0.0100 0.3960 33.0131 3.3464 18.4937 0.0214 99.9553 1432225 0.9549 0.9375 1073.9564 21.6800 75.7261 0.0000 0.0940
0.0100 0.4881 40.6906 3.3514 18.4937 0.0264 99.9449 1432275 0.9549 0.9376 1073.9794 21.6600 77.2479 0.0000 0.0940
0.0110 0.3500 26.5239 3.3456 18.4950 0.0189 99.9641 1432325 0.9549 0.9376 1073.9950 21.6400 70.1822 0.0000 0.0940
0.0100 0.3039 25.3373 3.3431 18.4950 0.0164 99.9657 1432376 0.9549 0.9376 1074.0157 21.6400 77.7561 0.0000 0.0940
0.0110 0.4236 32.1036 3.3462 18.4925 0.0229 99.9565 1432427 0.9549 0.9376 1074.0367 21.6700 77.7561 0.0000 0.0940
0.0110 0.3039 23.0293 3.3381 18.4912 0.0164 99.9688 1432477 0.9549 0.9376 1074.0514 21.6800 77.7561 0.0000 0.0940
0.0110 0.4144 31.4036 3.3441 18.4912 0.0224 99.9574 1432527 0.9549 0.9376 1074.0732 21.6800 77.2479 0.0000 0.0940
0.0110 0.3039 23.0324 3.3414 18.4937 0.0164 99.9688 1432578 0.9549 0.9377 1074.0905 21.6800 77.7561 0.0000 0.0940
0.0100 0.3407 28.4028 3.3401 18.4912 0.0184 99.9615 1432628 0.9549 0.9377 1074.1121 21.6600 77.7561 0.0000 0.0940
0.0100 0.2855 23.7985 3.3388 18.4925 0.0154 99.9677 1432679 0.9549 0.9377 1074.1328 21.6500 78.2648 0.0000 0.0939
0.0110 0.3499 26.5186 3.3406 18.4912 0.0189 99.9641 1432729 0.9549 0.9377 1074.1494 21.6700 80.8153 0.0000 0.0939
0.0110 0.3039 23.0293 3.3381 18.4912 0.0164 99.9688 1432780 0.9549 0.9377 1074.1722 21.6200 77.2479 0.0000 0.0939
0.0100 0.3407 28.4009 3.3384 18.4900 0.0184 99.9615 1432830 0.9549 0.9377 1074.1890 21.6500 76.7401 0.0000 0.0939
0.0110 0.4695 35.5811 3.3404 18.4862 0.0254 99.9518 1432880 0.9549 0.9378 1074.2098 21.6400 77.7561 0.0000 0.0939
0.0110 0.4695 35.5835 3.3421 18.4875 0.0254 99.9518 1432930 0.9549 0.9378 1074.2272 21.6400 76.7401 0.0000 0.0939
0.0110 0.3775 28.6044 3.3354 18.4862 0.0204 99.9612 1432981 0.9549 0.9378 1074.2490 21.6800 77.7561 0.0000 0.0939
0.0090 0.4787 44.3407 3.3409 18.4862 0.0259 99.9399 1433032 0.9549 0.9378 1074.2708 21.6300 75.7261 0.0000 0.0939
0.0110 0.3406 25.8120 3.3318 18.4850 0.0184 99.9650 1433082 0.9549 0.9378 1074.2855 21.6600 77.2479 0.0000 0.0939
0.0100 0.4879 40.6713 3.3397 18.4850 0.0264 99.9449 1433133 0.9549 0.9379 1074.3088 21.6600 76.7401 0.0000 0.0939
0.0100 0.3775 31.4648 3.3354 18.4862 0.0204 99.9573 1433183 0.9549 0.9379 1074.3246 21.6100 79.2836 0.0000 0.0939
0.0100 0.3038 25.3254 3.3314 18.4862 0.0164 99.9657 1433233 0.9549 0.9379 1074.3453 21.6600 77.2479 0.0000 0.0939
0.0110 0.3774 28.6025 3.3338 18.4850 0.0204 99.9612 1433283 0.9549 0.9379 1074.3616 21.6400 77.2479 0.0000 0.0939
0.0100 0.3038 25.3254 3.3314 18.4862 0.0164 99.9657 1433334 0.9549 0.9379 1074.3838 21.6400 77.2479 0.0000 0.0939
0.0100 0.4142 34.5276 3.3324 18.4825 0.0224 99.9532 1433385 0.9549 0.9379 1074.4060 21.6800 77.2479 0.0000 0.0939
0.0100 0.3038 25.3236 3.3298 18.4850 0.0164 99.9657 1433435 0.9549 0.9380 1074.4219 21.6500 77.2479 0.0000 0.0939
0.0110 0.3498 26.5060 3.3289 18.4825 0.0189 99.9641 1433486 0.9549 0.9380 1074.4430 21.6600 77.7561 0.0000 0.0939
0.0110 0.4510 34.1765 3.3327 18.4813 0.0244 99.9537 1433536 0.9549 0.9380 1074.4597 21.6400 77.7561 0.0000 0.0939
0.0090 0.4326 40.0690 3.3334 18.4825 0.0234 99.9457 1433586 0.9549 0.9380 1074.4838 21.6200 77.2479 0.0000 0.0939
0.0110 0.2945 22.3163 3.3209 18.4788 0.0159 99.9697 1433637 0.9549 0.9380 1074.4989 21.6400 77.7561 0.0000 0.0939
0.0110 0.4602 34.8716 3.3316 18.4800 0.0249 99.9527 1433687 0.9549 0.9380 1074.5223 21.6500 77.7561 0.0000 0.0939
0.0100 0.2945 24.5529 3.3259 18.4825 0.0159 99.9667 1433737 0.9549 0.9381 1074.5371 21.6200 78.2648 0.0000 0.0939
0.0120 0.3037 21.0988 3.3248 18.4813 0.0164 99.9714 1433788 0.9549 0.9381 1074.5591 21.6400 76.7401 0.0000 0.0939
0.0110 0.3497 26.5024 3.3256 18.4800 0.0189 99.9641 1433839 0.9549 0.9381 1074.5808 21.6500 78.2648 0.0000 0.0939
0.0120 0.3037 21.0973 3.3231 18.4800 0.0164 99.9714 1433889 0.9549 0.9381 1074.5981 21.6600 77.2479 0.0000 0.0939
0.0120 0.3773 26.2101 3.3254 18.4788 0.0204 99.9644 1433939 0.9549 0.9381 1074.6208 21.6400 77.2479 0.0000 0.0939
0.0100 0.2945 24.5496 3.3226 18.4800 0.0159 99.9667 1433990 0.9549 0.9381 1074.6373 21.6400 76.2329 0.0000 0.0939
0.0090 0.3773 34.9444 3.3238 18.4775 0.0204 99.9526 1434040 0.9549 0.9382 1074.6575 21.6300 77.2479 0.0000 0.0939
0.0110 0.2945 22.3148 3.3193 18.4775 0.0159 99.9697 1434091 0.9549 0.9382 1074.6766 21.6700 77.2479 0.0000 0.0939
0.0120 0.3772 26.2065 3.3221 18.4762 0.0204 99.9644 1434141 0.9549 0.9382 1074.6921 21.6100 77.2479 0.0000 0.0939
0.0110 0.2945 22.3148 3.3193 18.4775 0.0159 99.9697 1434192 0.9549 0.9382 1074.7141 21.6400 77.7561 0.0000 0.0939
0.0100 0.3772 31.4478 3.3221 18.4762 0.0204 99.9573 1434242 0.9549 0.9382 1074.7305 21.6200 77.2479 0.0000 0.0939
0.0110 0.4416 33.4654 3.3222 18.4737 0.0239 99.9546 1434292 0.9549 0.9382 1074.7537 21.6400 77.2479 0.0000 0.0939
0.0110 0.4140 31.3738 3.3207 18.4737 0.0224 99.9574 1434342 0.9549 0.9383 1074.7698 21.6700 77.2479 0.0000 0.0939
0.0110 0.2944 22.3133 3.3176 18.4762 0.0159 99.9697 1434393 0.9549 0.9383 1074.7906 21.6400 56.8108 0.0000 0.0939
0.0100 0.4600 38.3432 3.3216 18.4725 0.0249 99.9480 1434444 0.9549 0.9383 1074.8118 21.6400 80.8153 0.0000 0.0939
0.0110 0.2944 22.3088 3.3126 18.4725 0.0159 99.9697 1434494 0.9549 0.9383 1074.8263 21.6600 77.7561 0.0000 0.0939
0.0110 0.4324 32.7660 3.3201 18.4725 0.0234 99.9555 1434544 0.9549 0.9383 1074.8497 21.6400 77.7561 0.0000 0.0939
0.0110 0.2944 22.3118 3.3159 18.4750 0.0159 99.9697 1434595 0.9549 0.9383 1074.8645 21.6800 77.7561 0.0000 0.0939
0.0110 0.2944 22.3088 3.3126 18.4725 0.0159 99.9697 1434645 0.9549 0.9384 1074.8860 21.6700 77.7561 0.0000 0.0939
0.0110 0.4783 36.2469 3.3192 18.4700 0.0259 99.9508 1434695 0.9549 0.9384 1074.9032 21.6200 80.8153 0.0000 0.0939
0.0100 0.3036 25.3065 3.3131 18.4725 0.0164 99.9657 1434746 0.9549 0.9384 1074.9248 21.6200 77.7561 0.0000 0.0939
0.0110 0.3771 28.5812 3.3154 18.4713 0.0204 99.9612 1434797 0.9549 0.9384 1074.9451 21.6400 77.7561 0.0000 0.0939
0.0110 0.3036 23.0044 3.3114 18.4713 0.0164 99.9688 1434847 0.9549 0.9384 1074.9611 21.6200 77.2479 0.0000 0.0939
0.0100 0.3863 32.2018 3.3126 18.4688 0.0209 99.9563 1434898 0.9549 0.9384 1074.9813 21.6300 77.7561 0.0000 0.0939
0.0110 0.4783 36.2444 3.3176 18.4688 0.0259 99.9508 1434948 0.9549 0.9385 1074.9990 21.6600 77.2479 0.0000 0.0939
0.0110 0.4139 31.3654 3.3141 18.4688 0.0224 99.9574 1434998 0.9549 0.9385 1075.0219 21.6200 80.3043 0.0000 0.0939
0.0130 0.3127 20.0537 3.3103 18.4700 0.0169 99.9728 1435048 0.9549 0.9385 1075.0376 21.6500 77.7561 0.0000 0.0939
0.0110 0.4231 32.0602 3.3129 18.4675 0.0229 99.9565 1435099 0.9549 0.9385 1075.0596 21.6500 75.7261 0.0000 0.0939
0.0140 0.4598 27.3769 3.3116 18.4650 0.0249 99.9628 1435150 0.9549 0.9385 1075.0795 21.6600 78.2648 0.0000 0.0939
0.0130 0.4230 27.1260 3.3112 18.4662 0.0229 99.9632 1435200 0.9549 0.9385 1075.0946 21.6300 60.7382 0.0000 0.0939
0.0110 0.2943 22.3043 3.3076 18.4688 0.0159 99.9697 1435251 0.9549 0.9386 1075.1157 21.6400 76.7401 0.0000 0.0939
0.0110 0.3494 26.4809 3.3056 18.4650 0.0189 99.9641 1435301 0.9549 0.9386 1075.1335 21.6200 78.2648 0.0000 0.0939
0.0120 0.2943 20.4442 3.3059 18.4675 0.0159 99.9723 1435351 0.9549 0.9386 1075.1559 21.6200 77.7561 0.0000 0.0939
0.0110 0.4597 34.8410 3.3099 18.4638 0.0249 99.9527 1435402 0.9549 0.9386 1075.1777 21.6200 77.2479 0.0000 0.0939
0.0110 0.2943 22.3012 3.3043 18.4662 0.0159 99.9697 1435452 0.9549 0.9386 1075.1936 21.6500 77.7561 0.0000 0.0939
0.0120 0.2943 20.4414 3.3026 18.4650 0.0159 99.9723 1435503 0.9549 0.9386 1075.2153 21.6300 82.3514 0.0000 0.0939
0.0120 0.4873 33.8492 3.3081 18.4613 0.0264 99.9540 1435553 0.9549 0.9387 1075.2323 21.6400 77.2479 0.0000 0.0939
0.0110 0.3034 22.9950 3.3014 18.4638 0.0164 99.9688 1435603 0.9549 0.9387 1075.2533 21.6400 77.7561 0.0000 0.0939
0.0100 0.3586 29.8895 3.3011 18.4613 0.0194 99.9594 1435653 0.9549 0.9387 1075.2687 21.6200 77.2479 0.0000 0.0939
0.0120 0.4688 32.5697 3.3054 18.4600 0.0254 99.9558 1435704 0.9549 0.9387 1075.2913 21.6300 77.2479 0.0000 0.0939
0.0110 102.9786 7804.0073 5.3397 14.7788 6.9680 86.7651 1435755 0.9549 0.9398 1076.5768 21.6400 76.7401 0.0000 0.0939
0.1460 1.1279 6.4397 1.2684 16.9013 0.0667 99.9904 1435805 0.9549 0.9401 1076.8258 21.5400 81.8390 0.0000 0.0939
0.0170 0.6311 30.9469 1.8497 17.3600 0.0364 99.9553 1435856 0.9549 0.9401 1076.8677 21.5700 77.7561 0.0000 0.0939
0.0130 0.4643 29.7751 2.1497 17.5925 0.0264 99.9576 1435906 0.9549 0.9401 1076.8916 21.5600 76.7401 0.0000 0.0939
0.0130 0.5213 33.4261 2.3510 17.7412 0.0294 99.9528 1435956 0.9549 0.9401 1076.9209 21.5400 77.7561 0.6000 0.0939
0.0120 0.3997 27.7630 2.4674 17.8337 0.0224 99.9610 1436007 0.9549 0.9402 1076.9424 21.5200 77.2479 0.6000 0.0939
0.0130 0.4286 27.4854 2.5989 17.9312 0.0239 99.9616 1436057 0.9549 0.9402 1076.9679 21.5500 77.2479 0.6000 0.0939
0.0110 0.5284 40.0463 2.6760 17.9850 0.0294 99.9442 1436108 0.9549 0.9402 1076.9893 21.5500 56.3219 0.6000 0.0939
0.0110 0.5032 38.1369 2.7546 18.0450 0.0279 99.9470 1436158 0.9549 0.9402 1077.0160 21.5300 77.2479 0.0000 0.0939
0.0110 0.3334 25.2639 2.8084 18.0925 0.0184 99.9650 1436209 0.9549 0.9402 1077.0330 21.5400 77.2479 0.0000 0.0969
0.0120 0.4605 31.9874 2.8654 18.1300 0.0254 99.9558 1436259 0.9549 0.9403 1077.0582 21.5400 77.2479 0.0000 0.0969
0.0100 0.3166 26.3880 2.8991 18.1612 0.0174 99.9636 1436310 0.9549 0.9403 1077.0765 21.5400 75.7261 0.0000 0.0969
0.0120 0.3353 23.2898 2.9451 18.1950 0.0184 99.9679 1436360 0.9549 0.9403 1077.0995 21.5200 77.2479 0.0000 0.0969
0.0120 0.5079 35.2857 2.9796 18.2138 0.0279 99.9514 1436410 0.9549 0.9403 1077.1177 21.5900 77.7561 0.0000 0.0969
0.0110 0.4814 36.4839 3.0131 18.2400 0.0264 99.9499 1436461 0.9549 0.9403 1077.1423 21.5400 79.2836 0.0000 0.0969
0.0110 1.2996 98.4873 2.7355 17.9975 0.0722 99.8628 1436512 0.9549 0.9405 1077.3015 21.5200 77.2479 0.0000 0.0969
0.0140 1.0577 62.9781 2.7238 17.9988 0.0588 99.9123 1436562 0.9549 0.9405 1077.3533 21.5600 77.7561 0.0000 0.0969
0.0130 1.1023 70.6865 2.7229 17.9963 0.0613 99.9016 1436613 0.9549 0.9406 1077.4169 21.5300 76.2329 0.0000 0.0969
0.0120 1.1649 80.9239 2.7231 17.9937 0.0647 99.8873 1436663 0.9549 0.9406 1077.4656 21.5400 76.2329 0.0000 0.0969
0.0130 1.1112 71.2563 2.7218 17.9950 0.0618 99.9008 1436713 0.9549 0.9407 1077.5269 21.5200 77.2479 0.0000 0.0974
0.0120 0.9590 66.6205 2.7166 17.9975 0.0533 99.9072 1436763 0.9549 0.9407 1077.5712 21.5200 57.3001 0.0000 0.0974
0.0130 1.0933 70.1070 2.7208 17.9950 0.0608 99.9024 1436814 0.9549 0.9408 1077.6323 21.5100 77.2479 0.0000 0.0974
0.0110 1.1022 83.5270 2.7196 17.9937 0.0613 99.8837 1436865 0.9549 0.9408 1077.6863 21.5200 76.7401 0.0000 0.0974
0.0120 1.0933 75.9492 2.7208 17.9950 0.0608 99.8942 1436915 0.9549 0.9408 1077.7330 21.5300 77.7561 0.0000 0.0974
0.0130 0.9589 61.4915 2.7150 17.9963 0.0533 99.9144 1436965 0.9549 0.9409 1077.7904 21.5200 81.8390 0.0000 0.0974
0.0120 0.9769 67.8610 2.7159 17.9963 0.0543 99.9055 1437015 0.9549 0.9409 1077.8359 21.5100 77.2479 0.0000 0.0974
0.0130 0.9411 60.3463 2.7156 17.9975 0.0523 99.9160 1437066 0.9549 0.9410 1077.8944 21.5200 77.2479 0.0000 0.0974
0.0130 0.9140 58.6100 2.7091 17.9937 0.0508 99.9184 1437117 0.9549 0.9410 1077.9467 21.5100 77.7561 0.0000 0.0974
0.0120 0.9500 65.9933 2.7145 17.9963 0.0528 99.9081 1437167 0.9549 0.9411 1077.9894 21.5200 77.2479 0.0000 0.0974
0.0130 0.9231 59.1928 2.7130 17.9963 0.0513 99.9176 1437218 0.9549 0.9411 1078.0466 21.4900 76.7401 0.0000 0.0980
0.0140 1.1111 66.1573 2.7184 17.9925 0.0618 99.9078 1437268 0.9549 0.9412 1078.0913 21.5100 76.7401 0.0000 0.0980
0.0120 1.1113 77.1997 2.7234 17.9963 0.0618 99.8925 1437318 0.9549 0.9412 1078.1511 21.5100 77.2479 0.0000 0.0980
0.0150 0.9767 54.2812 2.7126 17.9937 0.0543 99.9244 1437368 0.9549 0.9412 1078.1940 21.4700 77.2479 0.0000 0.0980
0.0130 1.1021 70.6718 2.7179 17.9925 0.0613 99.9016 1437419 0.9549 0.9413 1078.2524 21.4800 77.2479 0.0000 0.0980
0.0140 1.0127 60.2969 2.7163 17.9950 0.0563 99.9160 1437470 0.9549 0.9413 1078.3043 21.5100 77.7561 0.0000 0.0980
0.0140 1.1112 66.1619 2.7201 17.9937 0.0618 99.9078 1437520 0.9549 0.9414 1078.3479 21.4900 77.7561 0.0000 0.0980
0.0120 1.0395 72.2140 2.7178 17.9950 0.0578 99.8994 1437571 0.9549 0.9414 1078.4061 21.4700 76.7401 0.0000 0.0980
0.0130 0.9052 58.0474 2.7136 17.9975 0.0503 99.9192 1437621 0.9549 0.9415 1078.4482 21.5100 78.2648 0.0000 0.0980
0.0140 1.0575 62.9649 2.7188 17.9950 0.0588 99.9123 1437671 0.9549 0.9415 1078.5073 21.4800 57.3001 0.0000 0.0980
0.0130 0.9052 58.0474 2.7136 17.9975 0.0503 99.9192 1437721 0.9549 0.9416 1078.5509 21.5200 77.7561 0.0000 0.0986
0.0140 0.9410 56.0281 2.7123 17.9950 0.0523 99.9220 1437772 0.9549 0.9416 1078.6068 21.4600 77.7561 0.0000 0.0986
0.0130 0.9052 58.0474 2.7136 17.9975 0.0503 99.9192 1437823 0.9549 0.9416 1078.6576 21.4900 77.2479 0.0000 0.0986
0.0130 0.9321 59.7675 2.7135 17.9963 0.0518 99.9168 1437873 0.9549 0.9417 1078.7023 21.4800 76.7401 0.0000 0.0986
0.0140 0.9142 54.4349 2.7141 17.9975 0.0508 99.9242 1437923 0.9549 0.9417 1078.7577 21.4600 77.7561 0.0000 0.0986
0.0140 1.0395 61.8977 2.7178 17.9950 0.0578 99.9138 1437973 0.9549 0.9418 1078.8018 21.5100 77.2479 0.0000 0.0986
0.0130 1.0843 69.5275 2.7186 17.9937 0.0603 99.9032 1438024 0.9549 0.9418 1078.8588 21.4900 76.7401 0.0000 0.0986
0.0150 0.8873 49.3116 2.7126 17.9975 0.0493 99.9313 1438075 0.9549 0.9419 1078.9097 21.4800 77.2479 0.0000 0.0986
0.0130 1.0752 68.9481 2.7164 17.9925 0.0598 99.9040 1438125 0.9549 0.9419 1078.9529 21.4700 77.2479 0.0000 0.0986
0.0150 1.0844 60.2655 2.7219 17.9963 0.0603 99.9161 1438176 0.9549 0.9420 1079.0103 21.4900 77.7561 0.0000 0.0986
0.0130 0.9319 59.7550 2.7085 17.9925 0.0518 99.9168 1438226 0.9549 0.9420 1079.0518 21.4600 77.2479 0.0000 0.0992
0.0140 1.0843 64.5612 2.7186 17.9937 0.0603 99.9101 1438276 0.9549 0.9420 1079.1091 21.4800 78.2648 0.0000 0.0992
0.0140 0.9231 54.9647 2.7130 17.9963 0.0513 99.9235 1438326 0.9549 0.9421 1079.1527 21.4600 78.2648 0.0000 0.0992
0.0130 0.8783 56.3194 2.7105 17.9963 0.0488 99.9216 1438377 0.9549 0.9421 1079.2086 21.4600 76.2329 0.0000 0.0992
0.0140 1.0395 61.8934 2.7161 17.9937 0.0578 99.9138 1438428 0.9549 0.9422 1079.2616 21.4600 57.3001 0.0000 0.0992
0.0140 0.8783 52.2965 2.7105 17.9963 0.0488 99.9272 1438478 0.9549 0.9422 1079.3030 21.4500 77.2479 0.0000 0.0992
0.0140 1.0216 60.8305 2.7168 17.9950 0.0568 99.9153 1438529 0.9549 0.9423 1079.3605 21.4300 77.2479 0.0000 0.0992
0.0130 0.8783 56.3194 2.7105 17.9963 0.0488 99.9216 1438579 0.9549 0.9423 1079.4031 21.4400 77.2479 0.0000 0.0992
0.0140 0.9230 54.9609 2.7113 17.9950 0.0513 99.9235 1438629 0.9549 0.9423 1079.4574 21.4600 76.7401 0.0000 0.0992
0.0140 1.0395 61.8934 2.7161 17.9937 0.0578 99.9138 1438679 0.9549 0.9424 1079.5017 21.4600 77.2479 0.0000 0.0992
0.0140 1.0127 60.2969 2.7163 17.9950 0.0563 99.9160 1438730 0.9549 0.9424 1079.5587 21.4600 77.7561 0.0000 0.1021
0.0140 1.0484 62.4270 2.7166 17.9937 0.0583 99.9130 1438781 0.9549 0.9425 1079.6110 21.4400 77.2479 0.0000 0.1021
0.0140 1.0485 62.4313 2.7183 17.9950 0.0583 99.9130 1438831 0.9549 0.9425 1079.6528 21.4200 77.7561 0.0000 0.1021
0.0130 1.0573 67.7990 2.7154 17.9925 0.0588 99.9056 1438882 0.9549 0.9426 1079.7084 21.4500 69.6810 0.0000 0.1021
0.0140 1.0127 60.2969 2.7163 17.9950 0.0563 99.9160 1438932 0.9549 0.9426 1079.7509 21.4600 77.2479 0.0000 0.1021
0.0140 0.9052 53.8975 2.7120 17.9963 0.0503 99.9249 1438982 0.9549 0.9427 1079.8052 21.4400 77.2479 0.0000 0.1021
0.0130 0.8783 56.3194 2.7105 17.9963 0.0488 99.9216 1439032 0.9549 0.9427 1079.8481 21.4400 77.2479 0.0000 0.1021
0.0140 0.9141 54.4311 2.7125 17.9963 0.0508 99.9242 1439083 0.9549 0.9427 1079.9045 21.4400 77.2479 0.0000 0.1021
0.0140 1.0663 63.4897 2.7159 17.9925 0.0593 99.9116 1439134 0.9549 0.9428 1079.9554 21.4400 77.2479 0.0000 0.1021
0.0140 0.9769 58.1666 2.7159 17.9963 0.0543 99.9190 1439184 0.9549 0.9428 1079.9987 21.4300 77.7561 0.0000 0.1021
0.0140 0.8604 51.2328 2.7111 17.9975 0.0478 99.9286 1439234 0.9549 0.9429 1080.0524 21.4100 75.7261 0.0000 0.1027
0.0140 0.9678 57.6289 2.7138 17.9950 0.0538 99.9197 1439284 0.9549 0.9429 1080.0944 21.4400 77.2479 0.0000 0.1027
0.0140 0.8693 51.7629 2.7100 17.9963 0.0483 99.9279 1439335 0.9549 0.9430 1080.1490 21.4500 77.2479 0.0000 0.1027
0.0130 0.9140 58.6100 2.7091 17.9937 0.0508 99.9184 1439386 0.9549 0.9430 1080.1989 21.4300 75.7261 0.0000 0.1027
0.0140 0.8694 51.7665 2.7116 17.9975 0.0483 99.9279 1439436 0.9549 0.9430 1080.2388 21.4200 77.7561 0.0000 0.1027
0.0140 0.8962 53.3601 2.7098 17.9950 0.0498 99.9257 1439487 0.9549 0.9431 1080.2927 21.4400 77.2479 0.0000 0.1027
0.0140 1.0394 61.8891 2.7144 17.9925 0.0578 99.9138 1439537 0.9549 0.9431 1080.3362 21.4300 77.2479 0.0000 0.1027
0.0140 1.0395 61.8977 2.7178 17.9950 0.0578 99.9138 1439587 0.9549 0.9432 1080.3927 21.4300 76.7401 0.0000 0.1027
0.0140 0.8783 52.3002 2.7121 17.9975 0.0488 99.9272 1439637 0.9549 0.9432 1080.4327 21.4300 77.7561 0.0000 0.1027
0.0140 0.9857 58.6920 2.7131 17.9937 0.0548 99.9183 1439688 0.9549 0.9432 1080.4885 21.4100 75.2197 0.0000 0.1027
0.0150 1.0395 57.7672 2.7161 17.9937 0.0578 99.9195 1439739 0.9549 0.9433 1080.5378 21.3900 76.7401 0.0000 0.1033
0.0150 1.0305 57.2692 2.7156 17.9937 0.0573 99.9202 1439789 0.9549 0.9433 1080.5782 21.3800 77.2479 0.0000 0.1033
0.0140 0.9141 54.4273 2.7108 17.9950 0.0508 99.9242 1439840 0.9549 0.9434 1080.6321 21.4100 77.2479 0.0000 0.1033
0.0140 0.8693 51.7629 2.7100 17.9963 0.0483 99.9279 1439890 0.9549 0.9434 1080.6742 21.3900 77.7561 0.0000 0.1033
0.0140 0.8962 53.3601 2.7098 17.9950 0.0498 99.9257 1439940 0.9549 0.9435 1080.7296 21.4500 77.2479 0.0000 0.1033
0.0130 0.8514 54.5953 2.7090 17.9963 0.0473 99.9240 1439990 0.9549 0.9435 1080.7711 21.3800 77.7561 0.0000 0.1033
0.0120 0.9409 65.3616 2.7106 17.9937 0.0523 99.9090 1440041 0.9549 0.9435 1080.8251 21.4000 77.2479 0.0000 0.1033
0.0130 0.8514 54.5953 2.7090 17.9963 0.0473 99.9240 1440092 0.9549 0.9436 1080.8740 21.4200 77.7561 0.0000 0.1033
0.0130 0.9589 61.4873 2.7133 17.9950 0.0533 99.9144 1440142 0.9549 0.9436 1080.9130 21.3900 77.7561 0.0000 0.1033
0.0150 1.0218 56.7830 2.7201 17.9975 0.0568 99.9209 1440193 0.9549 0.9437 1080.9674 21.4100 76.7401 0.0000 0.1033
0.0140 0.9858 58.6961 2.7148 17.9950 0.0548 99.9183 1440243 0.9549 0.9437 1081.0092 21.4000 81.3269 0.0000 0.1039
0.0140 1.0215 60.8263 2.7151 17.9937 0.0568 99.9153 1440293 0.9549 0.9437 1081.0634 21.3900 77.7561 0.0000 0.1039
0.0140 0.9947 59.2256 2.7136 17.9937 0.0553 99.9175 1440343 0.9549 0.9438 1081.1039 21.3900 76.7401 0.0000 0.1039
0.0140 0.8783 52.2965 2.7105 17.9963 0.0488 99.9272 1440394 0.9549 0.9438 1081.1584 21.3900 77.7561 0.0000 0.1039
0.0120 1.0036 69.7190 2.7141 17.9937 0.0558 99.9029 1440445 0.9549 0.9439 1081.2087 21.4000 77.2479 0.0000 0.1039
0.0130 0.8515 54.5991 2.7106 17.9975 0.0473 99.9240 1440495 0.9549 0.9439 1081.2500 21.4100 78.2648 0.0000 0.1039
0.0150 1.0305 57.2692 2.7156 17.9937 0.0573 99.9202 1440545 0.9549 0.9440 1081.3033 21.4000 81.3269 0.0000 0.1039
0.0150 0.8694 48.3154 2.7116 17.9975 0.0483 99.9327 1440595 0.9549 0.9440 1081.3448 21.3900 77.7561 0.0000 0.1039
0.0150 0.8604 47.8140 2.7095 17.9963 0.0478 99.9334 1440646 0.9549 0.9440 1081.3977 21.3700 76.7401 0.0000 0.1039
0.0150 0.8962 49.8062 2.7115 17.9963 0.0498 99.9306 1440697 0.9549 0.9441 1081.4484 21.3800 77.2479 0.0000 0.1044
0.0140 0.8424 50.1620 2.7085 17.9963 0.0468 99.9301 1440747 0.9549 0.9441 1081.4882 21.3900 78.2648 0.0000 0.1044
0.0140 0.9141 54.4311 2.7125 17.9963 0.0508 99.9242 1440798 0.9549 0.9442 1081.5435 21.3800 77.2479 0.0000 0.1044
0.0150 0.8515 47.3192 2.7106 17.9975 0.0473 99.9341 1440848 0.9549 0.9442 1081.5842 21.3500 82.3514 0.0000 0.1044
0.0140 0.9410 56.0281 2.7123 17.9950 0.0523 99.9220 1440898 0.9549 0.9443 1081.6375 21.3900 77.2479 0.0000 0.1044
0.0140 1.0484 62.4227 2.7149 17.9925 0.0583 99.9130 1440948 0.9549 0.9443 1081.6804 21.3700 75.7261 0.0000 0.1044
0.0140 0.9768 58.1625 2.7143 17.9950 0.0543 99.9190 1440999 0.9549 0.9443 1081.7347 21.3900 77.2479 0.0000 0.1044
0.0150 0.9947 55.2772 2.7136 17.9937 0.0553 99.9230 1441050 0.9549 0.9444 1081.7828 21.3700 78.2648 0.0000 0.1044
0.0150 0.9947 55.2811 2.7153 17.9950 0.0553 99.9230 1441100 0.9549 0.9444 1081.8221 21.3700 77.2479 0.0000 0.1044
0.0140 0.9947 59.2256 2.7136 17.9937 0.0553 99.9175 1441150 0.9549 0.9445 1081.8760 21.3700 77.7561 0.0000 0.1044
0.0140 0.9947 59.2256 2.7136 17.9937 0.0553 99.9175 1441201 0.9549 0.9445 1081.9164 21.3900 77.2479 0.0000 0.1050
0.0150 0.8424 46.8179 2.7085 17.9963 0.0468 99.9348 1441251 0.9549 0.9445 1081.9702 21.3900 77.7561 0.0000 0.1050
0.0150 0.8693 48.3087 2.7083 17.9950 0.0483 99.9327 1441301 0.9549 0.9446 1082.0117 21.3700 77.7561 0.0000 0.1050
0.0150 0.8693 48.3120 2.7100 17.9963 0.0483 99.9327 1441352 0.9549 0.9446 1082.0656 21.3900 77.7561 0.0000 0.1050
0.0150 0.8513 47.3126 2.7073 17.9950 0.0473 99.9341 1441403 0.9549 0.9447 1082.1132 21.3500 78.2648 0.0000 0.1050
0.0140 0.8515 50.6991 2.7106 17.9975 0.0473 99.9294 1441453 0.9549 0.9447 1082.1519 21.4100 77.2479 0.0000 0.1050
0.0140 0.8246 49.0981 2.7091 17.9975 0.0458 99.9316 1441503 0.9549 0.9447 1082.2046 21.3700 77.2479 0.0000 0.1050
0.0130 1.0125 64.9261 2.7129 17.9925 0.0563 99.9096 1441553 0.9550 0.9447 1082.2476 21.3700 75.7261 0.0000 0.1050
0.0160 1.0396 54.1643 2.7194 17.9963 0.0578 99.9246 1441604 0.9550 0.9447 1082.3015 21.3600 77.7561 0.0000 0.1050
0.0140 0.9230 54.9609 2.7113 17.9950 0.0513 99.9235 1441655 0.9550 0.9448 1082.3501 21.3400 77.7561 0.0000 0.1050
0.0150 0.8335 46.3198 2.7080 17.9963 0.0463 99.9355 1441705 0.9550 0.9448 1082.3887 21.3600 77.2479 0.0000 0.1031
0.0140 0.8962 53.3601 2.7098 17.9950 0.0498 99.9257 1441756 0.9550 0.9449 1082.4410 21.3300 82.8644 0.0000 0.1031
0.0150 1.0394 57.7632 2.7144 17.9925 0.0578 99.9195 1441806 0.9550 0.9449 1082.4836 21.3600 77.2479 0.0000 0.1031
0.0140 0.9947 59.2256 2.7136 17.9937 0.0553 99.9175 1441856 0.9550 0.9449 1082.5372 21.3400 77.2479 0.0000 0.1031
0.0150 0.8246 45.8249 2.7091 17.9975 0.0458 99.9362 1441907 0.9550 0.9450 1082.5784 21.3400 76.7401 0.0000 0.1031
0.0140 0.9678 57.6289 2.7138 17.9950 0.0538 99.9197 1441957 0.9550 0.9450 1082.6327 21.3600 77.2479 0.0000 0.1031
0.0130 0.8335 53.4459 2.7080 17.9963 0.0463 99.9256 1442007 0.9550 0.9451 1082.6737 21.3600 75.7261 0.0000 0.1031
0.0130 0.8604 55.1700 2.7095 17.9963 0.0478 99.9232 1442058 0.9550 0.9451 1082.7257 21.3500 73.1991 0.0000 0.1031
0.0130 0.8694 55.7485 2.7116 17.9975 0.0483 99.9224 1442109 0.9550 0.9451 1082.7732 21.3300 77.2479 0.0000 0.1031
0.0140 0.8514 50.6956 2.7090 17.9963 0.0473 99.9294 1442159 0.9550 0.9452 1082.8125 21.3600 76.7401 0.0000 0.1031
0.0150 0.9949 55.2887 2.7186 17.9975 0.0553 99.9230 1442210 0.9550 0.9452 1082.8654 21.3500 77.7561 0.0000 0.1036
0.0150 0.8597 47.7774 2.6911 17.9825 0.0478 99.9334 1442261 0.9550 0.9453 1082.9149 21.3400 77.2479 0.0000 0.1036
0.0160 0.8779 45.7372 2.6988 17.9875 0.0488 99.9363 1442311 0.9550 0.9453 1082.9542 21.3400 77.2479 0.0000 0.1036
0.0150 0.8599 47.7907 2.6978 17.9875 0.0478 99.9334 1442362 0.9550 0.9453 1083.0060 21.3400 78.2648 0.0000 0.1036
0.0140 1.0114 60.2215 2.6863 17.9725 0.0563 99.9160 1442412 0.9550 0.9454 1083.0525 21.3300 77.7561 0.0000 0.1036
0.0120 1.0652 73.9941 2.6909 17.9737 0.0593 99.8968 1442462 0.9550 0.9454 1083.1089 21.3700 77.2479 0.0000 0.1036
0.0140 0.9668 57.5649 2.6871 17.9750 0.0538 99.9197 1442512 0.9550 0.9455 1083.1512 21.3400 77.2479 0.0000 0.1036
0.0160 1.0830 56.4244 2.6903 17.9725 0.0603 99.9213 1442563 0.9550 0.9455 1083.2052 21.3400 77.7561 0.0000 0.1036
0.0130 0.9310 59.6969 2.6851 17.9750 0.0518 99.9168 1442614 0.9550 0.9456 1083.2535 21.3400 78.7739 0.0000 0.1036
0.0140 1.0562 62.8906 2.6904 17.9737 0.0588 99.9123 1442664 0.9550 0.9456 1083.2936 21.3400 77.2479 0.0000 0.1036
0.0140 1.1898 70.8457 2.6846 17.9638 0.0662 99.9012 1442715 0.9550 0.9456 1083.3523 21.3500 76.7401 0.0000 0.1042
0.0150 0.9483 52.7029 2.6728 17.9650 0.0528 99.9265 1442765 0.9550 0.9457 1083.3961 21.3400 77.2479 0.0000 0.1042
0.0140 1.0729 63.8853 2.6648 17.9538 0.0598 99.9108 1442815 0.9550 0.9457 1083.4570 21.3400 77.2479 0.0000 0.1042
0.0150 1.0374 57.6508 2.6678 17.9575 0.0578 99.9195 1442865 0.9550 0.9458 1083.5020 21.3600 77.2479 0.0000 0.1042
0.0150 0.9121 50.6894 2.6591 17.9562 0.0508 99.9292 1442916 0.9550 0.9458 1083.5571 21.2900 77.7561 0.0000 0.1042
0.0140 0.8942 53.2452 2.6581 17.9562 0.0498 99.9257 1442967 0.9550 0.9459 1083.6071 21.3400 77.7561 0.0000 0.1042
0.0150 0.9120 50.6859 2.6575 17.9550 0.0508 99.9292 1443017 0.9550 0.9459 1083.6487 21.3300 77.2479 0.0000 0.1042
0.0140 1.0373 61.7644 2.6661 17.9562 0.0578 99.9138 1443068 0.9550 0.9460 1083.7041 21.2900 77.2479 0.0000 0.1042
0.0150 1.2335 68.5512 2.6671 17.9487 0.0687 99.9043 1443118 0.9550 0.9460 1083.7501 21.3400 77.2479 0.0000 0.1042
0.0150 1.2682 70.4792 2.6490 17.9338 0.0707 99.9015 1443168 0.9550 0.9461 1083.8138 21.3100 77.7561 0.0000 0.1042
0.0140 1.0986 65.4141 2.6413 17.9350 0.0613 99.9086 1443218 0.9550 0.9461 1083.8588 21.3200 77.7561 0.0000 0.1048
0.0140 1.0177 60.5981 2.6251 17.9263 0.0568 99.9153 1443269 0.9550 0.9461 1083.9219 21.3300 76.7401 0.0000 0.1048
0.0150 1.1425 63.4951 2.6287 17.9237 0.0637 99.9112 1443320 0.9550 0.9462 1083.9761 21.3000 77.2479 0.0000 0.1048
0.0160 0.9999 52.0931 2.6241 17.9263 0.0558 99.9272 1443370 0.9550 0.9462 1084.0193 21.3100 77.2479 0.0000 0.1048
0.0160 1.1336 59.0616 2.6282 17.9237 0.0632 99.9174 1443421 0.9550 0.9463 1084.0773 21.3100 77.2479 0.0000 0.1048
0.0160 1.0266 53.4847 2.6239 17.9250 0.0573 99.9252 1443471 0.9550 0.9463 1084.1228 21.2900 76.7401 0.0000 0.1048
0.0160 1.0701 55.7518 2.6014 17.9063 0.0598 99.9220 1443521 0.9550 0.9464 1084.1896 21.3100 77.2479 0.0000 0.1048
0.0170 1.0878 53.3431 2.6008 17.9050 0.0608 99.9253 1443571 0.9550 0.9464 1084.2379 21.3100 77.2479 0.0000 0.1048
0.0150 1.1498 63.8975 2.5942 17.8975 0.0642 99.9105 1443622 0.9550 0.9465 1084.3016 21.3300 77.7561 0.0000 0.1048
0.0160 0.9982 52.0059 2.5841 17.8962 0.0558 99.9272 1443673 0.9550 0.9465 1084.3572 21.3100 77.2479 0.0000 0.1048
0.0150 1.1230 62.4115 2.5927 17.8975 0.0627 99.9126 1443723 0.9550 0.9466 1084.4033 21.2800 76.2329 0.0000 0.1055
0.0140 0.9981 59.4312 2.5824 17.8950 0.0558 99.9168 1443774 0.9550 0.9466 1084.4634 21.2900 75.7261 0.0000 0.1055
0.0140 1.1756 69.9999 2.5774 17.8838 0.0657 99.9019 1443824 0.9550 0.9467 1084.5164 21.2800 77.2479 0.0000 0.1055
0.0160 1.3706 71.4083 2.5717 17.8713 0.0767 99.8999 1443874 0.9550 0.9467 1084.5828 21.3000 80.3043 0.0000 0.1055
0.0160 1.0327 53.8069 2.5611 17.8775 0.0578 99.9246 1443924 0.9550 0.9468 1084.6317 21.3000 77.2479 0.0000 0.1055
0.0150 1.1839 65.7914 2.5646 17.8738 0.0662 99.9077 1443975 0.9550 0.9468 1084.6959 21.3000 77.2479 0.0000 0.1055
0.0140 1.1660 69.4307 2.5636 17.8738 0.0652 99.9026 1444026 0.9550 0.9469 1084.7546 21.3200 77.7561 0.0000 0.1055
0.0160 1.1482 59.8244 2.5626 17.8738 0.0642 99.9161 1444076 0.9550 0.9469 1084.8009 21.2900 78.2648 0.0000 0.1055
0.0170 1.0772 52.8209 2.5619 17.8762 0.0603 99.9259 1444127 0.9550 0.9470 1084.8646 21.3000 77.7561 0.0000 0.1055
0.0150 1.0233 56.8674 2.5473 17.8675 0.0573 99.9202 1444177 0.9550 0.9470 1084.9153 21.2900 76.7401 0.0000 0.1055
0.0160 1.0938 56.9900 2.5379 17.8575 0.0613 99.9200 1444227 0.9550 0.9471 1084.9828 21.3000 77.2479 0.0000 0.1062
0.0160 1.2450 64.8667 2.5464 17.8575 0.0697 99.9090 1444277 0.9550 0.9471 1085.0345 21.2800 77.2479 0.0000 0.1062
0.0160 1.1116 57.9126 2.5373 17.8563 0.0622 99.9187 1444328 0.9550 0.9472 1085.0981 21.2800 77.7561 0.0000 0.1062
0.0160 1.0316 53.7467 2.5344 17.8575 0.0578 99.9246 1444379 0.9550 0.9472 1085.1580 21.3100 76.7401 0.0000 0.1062
0.0160 1.0761 56.0633 2.5369 17.8575 0.0603 99.9213 1444429 0.9550 0.9473 1085.2058 21.2600 77.7561 0.0000 0.1062
0.0170 1.2618 61.8711 2.5274 17.8425 0.0707 99.9131 1444480 0.9550 0.9473 1085.2727 21.3100 77.2479 0.0000 0.1062
0.0170 1.2435 60.9741 2.5164 17.8350 0.0697 99.9143 1444530 0.9550 0.9474 1085.3258 21.2800 77.7561 0.0000 0.1062
0.0160 1.3491 70.2886 2.5057 17.8225 0.0757 99.9012 1444580 0.9550 0.9474 1085.3950 21.2600 77.2479 0.0000 0.1062
0.0160 1.2688 66.1036 2.4929 17.8162 0.0712 99.9070 1444630 0.9550 0.9475 1085.4507 21.2300 76.2329 0.0000 0.1062
0.0160 1.1269 58.7115 2.4866 17.8175 0.0632 99.9174 1444681 0.9550 0.9475 1085.5201 21.2400 77.2479 0.0000 0.1062
0.0170 1.2597 61.7714 2.4890 17.8137 0.0707 99.9131 1444732 0.9550 0.9476 1085.5844 21.2700 76.2329 0.0000 0.1070
0.0160 3.4110 177.7134 2.3371 17.6075 0.1937 99.7470 1444782 0.9550 0.9477 1085.7050 21.2700 77.2479 0.0000 0.1070
0.0200 1.8325 76.3794 2.2457 17.6063 0.1041 99.8913 1444833 0.9550 0.9478 1085.8137 21.2300 77.2479 0.0000 0.1070
0.0180 1.7101 79.1980 2.2438 17.6100 0.0971 99.8873 1444883 0.9550 0.9479 1085.8892 21.2600 77.7561 0.0000 0.1070
0.0180 1.5347 71.0752 2.2338 17.6100 0.0872 99.8988 1444933 0.9550 0.9479 1085.9811 21.2600 77.7561 0.0000 0.1070
0.0190 1.6836 73.8649 2.2389 17.6075 0.0956 99.8949 1444983 0.9550 0.9480 1086.0549 21.2400 80.8153 0.0000 0.1070
0.0170 1.7185 84.2688 2.2393 17.6063 0.0976 99.8800 1445034 0.9550 0.9481 1086.1482 21.2600 77.2479 0.0000 0.1070
0.0180 3.8119 176.5341 2.0808 17.3962 0.2191 99.7457 1445085 0.9550 0.9482 1086.2941 21.2600 77.2479 0.0000 0.1070
0.0230 2.4862 90.1097 2.0029 17.3950 0.1429 99.8702 1445135 0.9550 0.9483 1086.4006 21.2400 76.7401 0.0000 0.1070
0.0200 2.1230 88.4867 1.9887 17.4000 0.1220 99.8725 1445185 0.9550 0.9484 1086.5217 21.2000 81.3269 0.0000 0.1070
0.0200 2.2786 94.9742 1.9943 17.3975 0.1310 99.8632 1445235 0.9550 0.9485 1086.6173 21.2300 76.7401 0.0000 0.1085
0.0200 2.2268 92.8141 1.9930 17.3988 0.1280 99.8663 1445286 0.9550 0.9486 1086.7410 21.2300 77.2479 0.1000 0.1085
0.0200 2.1835 91.0084 1.9905 17.3988 0.1255 99.8689 1445337 0.9550 0.9487 1086.8527 21.2200 77.2479 0.1000 0.1085
0.0210 2.2093 87.7002 1.9903 17.3975 0.1270 99.8737 1445387 0.9550 0.9488 1086.9429 21.2500 77.7561 0.1000 0.1085
0.0190 2.4406 107.0797 1.9788 17.3787 0.1404 99.8456 1445438 0.9550 0.9489 1087.0704 21.2100 79.2836 0.1000 0.1085
0.0210 2.4399 96.8537 1.9721 17.3738 0.1404 99.8603 1445488 0.9550 0.9490 1087.1698 21.2000 81.3269 0.1000 0.1085
0.0210 2.1970 87.2119 1.9515 17.3687 0.1265 99.8742 1445538 0.9550 0.9491 1087.2985 21.1800 77.7561 0.1000 0.1085
0.0210 2.1280 84.4712 1.9492 17.3700 0.1225 99.8781 1445588 0.9550 0.9492 1087.3959 21.1800 77.7561 0.0000 0.1085
0.0190 2.2662 99.4281 1.9555 17.3687 0.1305 99.8565 1445639 0.9550 0.9493 1087.5222 21.2100 76.7401 0.0000 0.1085
0.0200 2.1281 88.7011 1.9508 17.3713 0.1225 99.8720 1445690 0.9550 0.9494 1087.6379 21.1900 84.4063 0.1000 0.1085
0.0200 2.3168 96.5642 1.9451 17.3587 0.1335 99.8606 1445740 0.9550 0.9495 1087.7336 21.1900 76.7401 0.1000 0.1103
0.0210 2.4528 97.3652 1.9314 17.3425 0.1414 99.8593 1445791 0.9550 0.9496 1087.8661 21.1900 77.7561 0.1000 0.1103
0.0220 2.3400 88.6660 1.9200 17.3388 0.1350 99.8718 1445841 0.9550 0.9497 1087.9703 21.1600 77.2479 0.1000 0.1103
0.0210 2.4174 95.9592 1.9211 17.3363 0.1394 99.8613 1445891 0.9550 0.9498 1088.1030 21.1400 77.7561 0.1000 0.1103
0.0220 2.3400 88.6660 1.9200 17.3388 0.1350 99.8718 1445941 0.9550 0.9499 1088.2046 21.1600 77.7561 0.1000 0.1103
0.0210 2.4089 95.6234 1.9223 17.3375 0.1389 99.8618 1445992 0.9550 0.9500 1088.3347 21.1600 77.2479 0.1000 0.1103
0.0220 2.2797 86.3820 1.9181 17.3400 0.1315 99.8751 1446043 0.9550 0.9501 1088.4552 21.1500 81.8390 0.1000 0.1103
0.0200 2.8548 118.9892 1.9232 17.3188 0.1648 99.8278 1446093 0.9550 0.9502 1088.5581 21.1400 77.7561 0.1000 0.1103
0.0210 2.4581 97.5742 1.9003 17.3188 0.1419 99.8588 1446144 0.9550 0.9503 1088.6935 21.1700 77.2479 0.1000 0.1103
0.0220 2.3104 87.5454 1.8818 17.3113 0.1335 99.8733 1446194 0.9550 0.9504 1088.8022 21.1400 77.7561 0.1000 0.1103
0.0200 2.3013 95.9199 1.8763 17.3075 0.1330 99.8611 1446244 0.9550 0.9505 1088.9371 21.1300 77.2479 0.1000 0.1122
0.0220 2.4570 93.0987 1.8903 17.3113 0.1419 99.8652 1446294 0.9550 0.9506 1089.0443 21.1100 77.2479 0.1000 0.1122
0.0220 2.3103 87.5391 1.8801 17.3100 0.1335 99.8733 1446345 0.9550 0.9507 1089.1793 21.1400 75.2197 0.1000 0.1122
0.0220 2.5415 96.3027 1.8802 17.3000 0.1469 99.8605 1446396 0.9550 0.9508 1089.3103 21.1100 76.7401 0.1000 0.1122
0.0210 2.3522 93.3714 1.8710 17.3013 0.1360 99.8647 1446446 0.9551 0.9508 1089.4124 21.0900 76.7401 0.1000 0.1122
0.0230 2.6859 97.3465 1.8704 17.2862 0.1554 99.8589 1446497 0.9551 0.9510 1089.5559 21.1100 77.2479 0.1000 0.1122
0.0230 2.5814 93.5618 1.8544 17.2787 0.1494 99.8643 1446547 0.9551 0.9511 1089.6677 21.1100 77.2479 0.1000 0.1122
0.0220 2.5298 95.8583 1.8514 17.2787 0.1464 99.8610 1446598 0.9551 0.9512 1089.8076 21.0900 77.2479 0.1000 0.1122
0.0230 2.5642 92.9381 1.8534 17.2787 0.1484 99.8652 1446648 0.9551 0.9513 1089.9176 21.0700 81.3269 0.1000 0.1122
0.0220 2.5130 95.2200 1.8537 17.2813 0.1454 99.8619 1446698 0.9551 0.9514 1090.0609 21.0600 77.2479 0.1000 0.1122
0.0230 2.5029 90.7156 1.8399 17.2712 0.1449 99.8684 1446748 0.9551 0.9515 1090.1736 21.0800 77.7561 0.1000 0.1116
0.0230 2.5273 91.5977 1.8281 17.2612 0.1464 99.8670 1446799 0.9551 0.9516 1090.3220 21.0900 77.2479 0.1000 0.1116
0.0240 2.5088 87.1398 1.8154 17.2525 0.1454 99.8734 1446850 0.9551 0.9518 1090.4609 21.0700 77.2479 0.1000 0.1116
0.0230 2.5344 91.8560 1.8152 17.2512 0.1469 99.8665 1446900 0.9551 0.9518 1090.5696 21.0400 77.7561 0.1000 0.1116
0.0240 2.4916 86.5429 1.8144 17.2525 0.1444 99.8743 1446951 0.9551 0.9520 1090.7161 21.0600 76.7401 0.1000 0.1116
0.0240 2.5687 89.2223 1.8172 17.2512 0.1489 99.8704 1447001 0.9551 0.9521 1090.8309 21.0700 77.7561 0.1000 0.1116
0.0220 2.6371 99.9232 1.8179 17.2488 0.1529 99.8548 1447051 0.9551 0.9522 1090.9785 21.0600 78.2648 0.1000 0.1116
0.0240 2.8847 100.1978 1.8207 17.2400 0.1673 99.8543 1447102 0.9551 0.9523 1091.0958 21.0400 77.2479 0.1000 0.1116
0.0250 2.7027 90.1192 1.7952 17.2288 0.1569 99.8689 1447152 0.9551 0.9524 1091.2482 21.0200 76.2329 0.1000 0.1116
0.0240 2.7458 95.3711 1.7994 17.2300 0.1594 99.8613 1447202 0.9551 0.9525 1091.3662 21.0200 77.2479 0.1000 0.1116
0.0240 2.6087 90.6091 1.7931 17.2313 0.1514 99.8682 1447253 0.9551 0.9527 1091.5165 21.0200 77.7561 0.1000 0.1138
0.0240 2.7286 94.7750 1.7984 17.2300 0.1584 99.8621 1447304 0.9551 0.9528 1091.6578 21.0200 77.2479 0.1000 0.1138
0.0240 2.6003 90.3176 1.7942 17.2325 0.1509 99.8686 1447354 0.9551 0.9529 1091.7694 21.0200 77.7561 0.1000 0.1138
0.0260 2.6481 84.9038 1.7655 17.2087 0.1539 99.8763 1447405 0.9551 0.9530 1091.9277 21.0300 77.2479 0.1000 0.1138
0.0250 2.8354 94.5455 1.7665 17.2013 0.1648 99.8622 1447455 0.9551 0.9531 1092.0507 20.9900 77.2479 0.1000 0.1138
0.0240 2.6729 92.8384 1.7587 17.2025 0.1554 99.8647 1447505 0.9551 0.9533 1092.2062 20.9800 77.2479 0.1000 0.1138
0.0250 2.8010 93.3962 1.7628 17.2000 0.1628 99.8639 1447555 0.9551 0.9534 1092.3268 20.9900 76.7401 0.1000 0.1138
0.0250 2.8607 95.3885 1.7647 17.1987 0.1663 99.8610 1447606 0.9551 0.9535 1092.4828 20.9800 77.2479 0.1000 0.1138
0.0250 2.7669 92.2604 1.7625 17.2013 0.1609 99.8656 1447656 0.9551 0.9536 1092.6042 21.0100 77.2479 0.1000 0.1138
0.0260 3.0469 97.6901 1.7590 17.1863 0.1773 99.8575 1447707 0.9551 0.9538 1092.7657 20.9800 77.2479 0.1000 0.1138
0.0250 3.0188 100.6610 1.7391 17.1725 0.1758 99.8531 1447758 0.9551 0.9539 1092.9185 20.9700 77.2479 0.1000 0.1160
0.0270 2.9583 91.3364 1.7306 17.1688 0.1723 99.8667 1447808 0.9551 0.9540 1093.0396 20.9900 77.2479 0.1000 0.1160
0.0260 2.9414 94.3080 1.7313 17.1700 0.1713 99.8623 1447859 0.9551 0.9541 1093.2031 20.9800 76.7401 0.1000 0.1160
0.0270 2.9158 90.0231 1.7298 17.1700 0.1698 99.8686 1447910 0.9551 0.9543 1093.3553 20.9500 77.7561 0.1000 0.1160
0.0260 2.9331 94.0406 1.7325 17.1712 0.1708 99.8627 1447960 0.9551 0.9544 1093.4760 20.9400 69.1803 0.1000 0.1160
0.0270 2.9397 90.7622 1.7180 17.1600 0.1713 99.8674 1448011 0.9551 0.9545 1093.6421 20.9700 76.7401 0.1000 0.1160
0.0280 3.0065 89.5104 1.7103 17.1513 0.1753 99.8692 1448062 0.9551 0.9547 1093.8011 20.9400 76.7401 0.1000 0.1160
0.0260 3.0306 97.1677 1.7001 17.1425 0.1768 99.8579 1448112 0.9551 0.9548 1093.9305 20.9300 77.2479 0.1000 0.1160
0.0270 3.0645 94.6163 1.7004 17.1413 0.1788 99.8617 1448162 0.9551 0.9549 1094.0947 20.9300 76.7401 0.1000 0.1160
0.0280 2.9199 86.9294 1.6953 17.1437 0.1703 99.8729 1448212 0.9551 0.9550 1094.2229 20.9200 79.2836 0.1000 0.1185
0.0290 2.8686 82.4594 1.6923 17.1437 0.1673 99.8794 1448263 0.9551 0.9552 1094.3899 20.9100 77.2479 0.1000 0.1185
0.0280 3.0216 89.9599 1.6963 17.1400 0.1763 99.8685 1448313 0.9551 0.9553 1094.5204 20.9200 77.2479 0.1000 0.1185
0.0280 3.0697 91.3912 1.6759 17.1225 0.1793 99.8662 1448364 0.9551 0.9555 1094.6960 20.8800 77.2479 0.1000 0.1185
0.0290 3.0935 88.9232 1.6641 17.1125 0.1808 99.8698 1448415 0.9551 0.9556 1094.8630 20.9000 77.2479 0.1000 0.1185
0.0270 3.0000 92.6226 1.6603 17.1138 0.1753 99.8643 1448465 0.9551 0.9557 1094.9918 20.9100 76.7401 0.1000 0.1185
0.0290 3.0338 87.2084 1.6606 17.1125 0.1773 99.8723 1448516 0.9551 0.9559 1095.1648 20.8900 77.2479 0.1000 0.1185
0.0290 3.1697 91.1146 1.6653 17.1100 0.1853 99.8665 1448566 0.9551 0.9560 1095.2997 20.8900 78.2648 0.1000 0.1185
0.0310 3.0424 81.8112 1.6611 17.1125 0.1778 99.8802 1448616 0.9551 0.9561 1095.4727 20.8800 77.2479 0.1000 0.1185
0.0310 2.9738 79.9662 1.6538 17.1100 0.1738 99.8829 1448666 0.9551 0.9562 1095.6056 20.8900 77.2479 0.1000 0.1185
0.0290 3.3190 95.4047 1.6459 17.0888 0.1942 99.8601 1448717 0.9551 0.9564 1095.7882 20.8900 77.7561 0.1000 0.1210
0.0310 3.2325 86.9229 1.6309 17.0812 0.1892 99.8725 1448768 0.9551 0.9566 1095.9595 20.8700 77.7561 0.1000 0.1210
0.0310 3.2986 88.7010 1.6216 17.0713 0.1932 99.8698 1448818 0.9551 0.9567 1096.0958 20.9000 77.2479 0.1000 0.1210
0.0310 3.1708 85.2655 1.6124 17.0700 0.1858 99.8748 1448868 0.9551 0.9568 1096.2786 20.8600 55.8334 0.1000 0.1210
0.0300 3.1205 86.7095 1.6144 17.0737 0.1828 99.8727 1448918 0.9551 0.9570 1096.4192 20.8100 76.7401 0.1000 0.1210
0.0310 3.1630 85.0556 1.6169 17.0737 0.1853 99.8751 1448969 0.9551 0.9571 1096.6012 20.8400 78.2648 0.1000 0.1210
0.0320 3.2816 85.4861 1.6206 17.0713 0.1922 99.8745 1449020 0.9551 0.9573 1096.7716 20.8200 77.2479 0.1000 0.1210
0.0310 3.2124 86.3832 1.6082 17.0650 0.1882 99.8731 1449070 0.9551 0.9574 1096.9078 20.8300 77.2479 0.1000 0.1210
0.0340 4.2560 104.3477 1.3942 16.8563 0.2525 99.8448 1449121 0.9551 0.9577 1097.2191 20.8300 77.2479 0.1000 0.1210
0.0350 4.1633 99.1597 1.3870 16.8550 0.2470 99.8525 1449171 0.9551 0.9578 1097.4027 20.8300 81.3269 0.1000 0.1210
0.0370 4.0377 90.9698 1.3812 16.8563 0.2395 99.8647 1449222 0.9551 0.9580 1097.6377 20.8200 77.2479 0.1000 0.1241
0.0360 4.1630 96.3981 1.3853 16.8538 0.2470 99.8566 1449272 0.9551 0.9582 1097.8185 20.8300 77.7561 0.2000 0.1241
0.0350 4.2131 100.3443 1.3867 16.8525 0.2500 99.8508 1449322 0.9551 0.9584 1098.0538 20.8300 77.7561 0.2000 0.1241
0.0350 4.1297 98.3600 1.3850 16.8550 0.2450 99.8537 1449372 0.9551 0.9585 1098.2344 20.7900 77.2479 0.2000 0.1241
0.0370 4.3519 98.0474 1.3751 16.8375 0.2585 99.8540 1449423 0.9551 0.9587 1098.4749 20.7900 81.3269 0.2000 0.1241
0.0370 4.3086 97.0740 1.3660 16.8325 0.2560 99.8555 1449474 0.9552 0.9588 1098.6996 20.7400 77.2479 0.2000 0.1241
0.0380 4.1410 90.8416 1.3560 16.8325 0.2460 99.8647 1449524 0.9552 0.9590 1098.8749 20.7700 77.7561 0.2000 0.1241
0.0380 4.3647 95.7497 1.3561 16.8225 0.2595 99.8573 1449575 0.9552 0.9592 1099.1215 20.7400 77.2479 0.2000 0.1241
0.0390 4.3396 92.7574 1.3546 16.8225 0.2580 99.8618 1449626 0.9552 0.9594 1099.3458 20.7300 77.2479 0.2000 0.1241
0.0390 4.3483 92.9434 1.3568 16.8237 0.2585 99.8615 1449676 0.9552 0.9596 1099.5353 20.7400 77.2479 0.2000 0.1241
0.0390 4.2481 90.8012 1.3525 16.8250 0.2525 99.8647 1449726 0.9552 0.9598 1099.7699 20.7300 81.3269 0.2000 0.1250
0.0410 4.3125 87.6825 1.3431 16.8150 0.2565 99.8693 1449776 0.9552 0.9599 1099.9623 20.6900 76.7401 0.2000 0.1250
0.0430 4.5332 87.8828 1.3299 16.7950 0.2699 99.8689 1449827 0.9552 0.9602 1100.2192 20.7300 80.8153 0.2000 0.1250
0.0430 4.5329 87.8762 1.3283 16.7938 0.2699 99.8689 1449878 0.9552 0.9604 1100.4542 20.7000 77.7561 0.2000 0.1250
0.0430 4.3917 85.1390 1.3248 16.7975 0.2614 99.8730 1449928 0.9552 0.9605 1100.6404 20.7100 74.7139 0.2000 0.1250
0.0450 4.3499 80.5802 1.3223 16.7975 0.2590 99.8798 1449979 0.9552 0.9608 1100.8931 20.6700 82.3514 0.2000 0.1250
0.0450 4.4831 83.0472 1.3269 16.7950 0.2669 99.8761 1450029 0.9552 0.9609 1101.0881 20.7100 77.7561 0.2000 0.1250
0.0450 4.3582 80.7352 1.3228 16.7975 0.2595 99.8795 1450079 0.9552 0.9611 1101.3400 20.7000 77.7561 0.2000 0.1250
0.0510 4.7559 77.7363 1.3284 16.7838 0.2834 99.8839 1450130 0.9552 0.9613 1101.5431 20.6800 77.2479 0.2000 0.1250
0.0510 4.7582 77.7743 1.3005 16.7625 0.2839 99.8837 1450180 0.9552 0.9616 1101.8085 20.6800 78.2648 0.2000 0.1250
0.0520 4.6006 73.7526 1.2961 16.7663 0.2744 99.8897 1450230 0.9552 0.9617 1102.0096 20.6700 77.2479 0.2000 0.1287
0.0530 4.4928 70.6643 1.2929 16.7687 0.2679 99.8944 1450281 0.9552 0.9620 1102.2721 20.6300 76.7401 0.2000 0.1287
0.0530 4.6671 73.4061 1.2984 16.7650 0.2784 99.8903 1450332 0.9552 0.9622 1102.5154 20.6200 77.2479 0.2000 0.1287
0.0530 4.5262 71.1897 1.2949 16.7687 0.2699 99.8936 1450382 0.9552 0.9623 1102.7068 20.6600 77.2479 0.2000 0.1287
0.0540 4.7001 72.5569 1.2987 16.7638 0.2804 99.8915 1450433 0.9552 0.9626 1102.9698 20.6500 77.2479 0.2000 0.1287
0.0560 4.5902 68.3297 1.2856 16.7588 0.2739 99.8978 1450483 0.9552 0.9628 1103.1761 20.6300 77.7561 0.2000 0.1287
0.0570 4.6764 68.3918 1.2644 16.7388 0.2794 99.8976 1450533 0.9552 0.9630 1103.4515 20.6500 77.2479 0.2000 0.1287
0.0580 4.8642 69.9107 1.2575 16.7250 0.2908 99.8952 1450584 0.9552 0.9632 1103.6674 20.6200 81.3269 0.2000 0.1287
0.0610 4.8982 66.9378 1.2628 16.7275 0.2928 99.8997 1450634 0.9552 0.9634 1103.9420 20.6600 75.7261 0.2000 0.1287
0.0600 4.8482 67.3590 1.2598 16.7275 0.2898 99.8991 1450685 0.9552 0.9636 1104.1962 20.6100 77.7561 0.2000 0.1287
0.0620 4.7316 63.6181 1.2529 16.7275 0.2829 99.9047 1450735 0.9552 0.9638 1104.3977 20.6400 77.7561 0.2000 0.1327
0.0630 4.9217 65.1240 1.2577 16.7225 0.2943 99.9024 1450786 0.9552 0.9641 1104.6722 20.6300 75.7261 0.2000 0.1327
0.0620 4.9979 67.1985 1.2310 16.6987 0.2993 99.8991 1450836 0.9552 0.9643 1104.9360 20.6200 77.2479 0.2000 0.1327
0.0650 5.2272 67.0381 1.2299 16.6875 0.3132 99.8993 1450887 0.9552 0.9645 1105.1591 20.6400 77.7561 0.2000 0.1327
0.0640 5.1283 66.7966 1.2273 16.6900 0.3073 99.8997 1450937 0.9552 0.9647 1105.4353 20.6100 76.7401 0.2000 0.1327
0.0650 4.9945 64.0539 1.2160 16.6875 0.2993 99.9038 1450988 0.9552 0.9650 1105.6995 20.6200 77.7561 0.2000 0.1327
0.0660 4.9371 62.3579 1.2158 16.6900 0.2958 99.9064 1451038 0.9552 0.9651 1105.9097 20.6200 77.7561 0.2000 0.1327
0.0660 4.9700 62.7732 1.2161 16.6887 0.2978 99.9057 1451089 0.9553 0.9653 1106.1948 20.6100 77.2479 0.2000 0.1327
0.0650 5.2225 66.9778 1.2099 16.6725 0.3132 99.8993 1451139 0.9553 0.9655 1106.4662 20.6000 77.2479 0.2000 0.1327
0.0650 5.6030 71.8575 1.0981 16.5700 0.3381 99.8913 1451190 0.9553 0.9658 1106.7352 20.6100 57.3001 0.2000 0.1327
0.0680 5.7654 70.6785 1.0981 16.5625 0.3481 99.8930 1451240 0.9553 0.9660 1107.0526 20.5800 77.2479 0.2000 0.1341
0.0670 5.8062 72.2410 1.0989 16.5613 0.3506 99.8907 1451290 0.9553 0.9663 1107.3057 20.6000 77.2479 0.2000 0.1341
0.0690 5.7641 69.6384 1.0931 16.5588 0.3481 99.8946 1451341 0.9553 0.9665 1107.6306 20.5900 76.7401 0.2000 0.1341
0.0690 5.6500 68.2590 1.0911 16.5625 0.3411 99.8967 1451392 0.9553 0.9668 1107.9316 20.5900 77.2479 0.3000 0.1341
0.0710 5.7563 67.5850 1.0943 16.5600 0.3476 99.8977 1451442 0.9553 0.9670 1108.1726 20.5900 77.2479 0.3000 0.1341
0.0720 6.1744 71.4870 1.0818 16.5313 0.3735 99.8916 1451493 0.9553 0.9673 1108.5074 20.5600 78.7739 0.3000 0.1341
0.0720 5.9485 68.8718 1.0551 16.5212 0.3601 99.8955 1451543 0.9553 0.9675 1108.7719 20.5900 76.7401 0.3000 0.1341
0.0730 6.2313 71.1575 1.0542 16.5075 0.3775 99.8920 1451593 0.9553 0.9678 1109.1160 20.5800 77.2479 0.3000 0.1341
0.0740 6.0025 67.6182 1.0452 16.5112 0.3635 99.8974 1451643 0.9553 0.9681 1109.3820 20.5900 77.7561 0.3000 0.1341
0.0760 5.9783 65.5732 1.0454 16.5125 0.3620 99.9005 1451694 0.9553 0.9684 1109.7264 20.5600 81.3269 0.3000 0.1341
0.0770 6.0678 65.6910 1.0475 16.5100 0.3675 99.9003 1451745 0.9553 0.9686 1110.0454 20.5800 77.2479 0.3000 0.1392
0.0770 6.1801 66.9067 1.0445 16.5025 0.3745 99.8984 1451795 0.9553 0.9689 1110.3030 20.5800 57.7899 0.3000 0.1392
0.0770 6.3194 68.4148 1.0235 16.4800 0.3835 99.8960 1451846 0.9553 0.9692 1110.6608 20.5700 76.7401 0.3000 0.1392
0.0780 6.6000 70.5359 1.0454 16.4837 0.4004 99.8928 1451896 0.9553 0.9694 1110.9401 20.5600 67.1820 0.3000 0.1392
0.0790 6.2591 66.0465 1.0100 16.4725 0.3800 99.8995 1451946 0.9553 0.9697 1111.2988 20.5400 77.2479 0.3000 0.1392
0.0800 6.4053 66.7444 1.0139 16.4688 0.3889 99.8984 1451996 0.9553 0.9700 1111.5780 20.5600 77.7561 0.3000 0.1392
0.0790 6.3976 67.5078 1.0151 16.4700 0.3884 99.8973 1452047 0.9553 0.9703 1111.9384 20.5500 77.2479 0.3000 0.1392
0.0810 6.3484 65.3345 1.0121 16.4700 0.3855 99.9006 1452098 0.9553 0.9706 1112.2704 20.5400 76.7401 0.3000 0.1392
0.0810 6.7185 69.1439 1.0117 16.4525 0.4084 99.8947 1452148 0.9553 0.9708 1112.5442 20.5100 77.7561 0.3000 0.1392
0.0840 7.1576 71.0319 0.9061 16.3512 0.4377 99.8911 1452199 0.9554 0.9711 1112.9594 20.5400 77.2479 0.3000 0.1392
0.0860 7.2428 70.2053 0.8982 16.3412 0.4432 99.8923 1452249 0.9554 0.9714 1113.2775 20.5400 75.7261 0.3000 0.1416
0.0860 7.1055 68.8748 0.8931 16.3438 0.4348 99.8944 1452299 0.9554 0.9717 1113.6848 20.4700 77.2479 0.3000 0.1416
0.0870 7.0735 67.7764 0.8928 16.3450 0.4328 99.8961 1452349 0.9554 0.9720 1113.9998 20.5000 76.7401 0.3000 0.1416
0.0880 7.1864 68.0753 0.8964 16.3425 0.4397 99.8956 1452400 0.9554 0.9723 1114.4061 20.5300 76.7401 0.3000 0.1416
0.0910 7.2139 66.0837 0.8834 16.3312 0.4417 99.8986 1452451 0.9554 0.9727 1114.7858 20.5100 77.2479 0.3000 0.1416
0.0920 7.2394 65.5965 0.8882 16.3337 0.4432 99.8993 1452501 0.9554 0.9729 1115.0902 20.5100 77.2479 0.4000 0.1416
0.0930 9.6675 86.6549 0.9039 16.2313 0.5956 99.8662 1452552 0.9554 0.9733 1115.5382 20.5100 77.7561 0.4000 0.1416
0.0980 8.0397 68.3872 0.7955 16.2250 0.4955 99.8944 1452602 0.9554 0.9737 1115.8986 20.4500 77.2479 0.4000 0.1416
0.0980 8.1030 68.9264 0.7962 16.2225 0.4995 99.8935 1452652 0.9554 0.9740 1116.3545 20.4700 77.2479 0.4000 0.1416
0.0990 8.0322 67.6336 0.7967 16.2262 0.4950 99.8955 1452702 0.9554 0.9744 1116.7064 20.4900 77.2479 0.4000 0.1416
0.0990 8.1111 68.2982 0.7967 16.2225 0.5000 99.8945 1452753 0.9554 0.9748 1117.1616 20.4700 75.7261 0.4000 0.1479
0.1000 8.2725 68.9603 0.7854 16.2062 0.5105 99.8933 1452804 0.9554 0.9751 1117.5952 20.4700 78.2648 0.4000 0.1479
0.1030 8.4435 68.3360 0.7797 16.1938 0.5214 99.8942 1452854 0.9554 0.9754 1117.9446 20.4800 77.2479 0.4000 0.1479
0.1040 8.3796 67.1670 0.7774 16.1950 0.5174 99.8960 1452905 0.9554 0.9758 1118.4155 20.4800 79.7937 0.4000 0.1479
0.1050 8.2122 65.1978 0.7720 16.1987 0.5070 99.8991 1452955 0.9554 0.9762 1118.7795 20.4400 76.7401 0.4000 0.1479
0.1060 8.3803 65.9048 0.7791 16.1963 0.5174 99.8980 1453006 0.9554 0.9766 1119.2528 20.4600 77.2479 0.4000 0.1479
0.1070 8.3574 65.1104 0.7809 16.1987 0.5159 99.8993 1453056 0.9554 0.9769 1119.6193 20.4600 76.7401 0.4000 0.1479
0.1080 8.2761 63.8799 0.7743 16.1975 0.5109 99.9012 1453106 0.9554 0.9773 1120.0927 20.4900 77.7561 0.4000 0.1479
0.1090 10.7751 82.4058 0.8010 16.0987 0.6693 99.8717 1453156 0.9554 0.9777 1120.4954 20.4600 77.7561 0.4000 0.1479
0.1140 9.3866 68.6386 0.6758 16.0688 0.5842 99.8929 1453207 0.9554 0.9781 1121.0261 20.4400 77.2479 0.4000 0.1479
0.1150 9.2600 67.1240 0.6712 16.0713 0.5762 99.8953 1453257 0.9554 0.9785 1121.4352 20.4600 79.2836 0.4000 0.1550
0.1150 9.3946 68.0997 0.6763 16.0688 0.5847 99.8938 1453308 0.9554 0.9789 1121.9666 20.4400 77.2479 0.4000 0.1550
0.1170 9.2913 66.1996 0.6715 16.0700 0.5782 99.8968 1453358 0.9554 0.9793 1122.3770 20.4400 77.2479 0.5000 0.1550
0.1180 9.2848 65.5922 0.6743 16.0725 0.5777 99.8977 1453409 0.9554 0.9798 1122.9093 20.4400 77.2479 0.5000 0.1550
0.1190 9.7354 68.1975 0.6732 16.0500 0.6066 99.8935 1453459 0.9554 0.9801 1123.3290 20.4300 77.2479 0.5000 0.1550
0.1240 14.1900 95.3945 0.5580 15.7425 0.9014 99.8481 1453510 0.9554 0.9807 1123.9984 20.4100 77.2479 0.5000 0.1550
0.1320 12.0051 75.8149 0.4498 15.7662 0.7614 99.8795 1453560 0.9554 0.9812 1124.5254 20.4000 76.2329 0.5000 0.1550
0.1320 12.0669 76.2056 0.4521 15.7650 0.7654 99.8788 1453611 0.9554 0.9818 1125.2053 20.3900 83.3779 0.5000 0.1550
0.1350 12.0217 74.2330 0.4524 15.7675 0.7624 99.8820 1453661 0.9554 0.9822 1125.7338 20.3800 81.8390 0.6000 0.1550
0.1390 11.9913 71.9142 0.4521 15.7688 0.7604 99.8857 1453712 0.9554 0.9828 1126.4182 20.3400 77.2479 0.6000 0.1550
0.1390 13.2687 79.5753 0.3988 15.6637 0.8471 99.8727 1453763 0.9555 0.9833 1127.1051 20.3600 77.2479 0.6000 0.1643
0.1450 13.9514 80.2074 0.3259 15.5725 0.8959 99.8709 1453813 0.9555 0.9838 1127.7034 20.3600 77.2479 0.6000 0.1643
0.1530 14.0134 76.3509 0.3187 15.5638 0.9004 99.8770 1453864 0.9555 0.9845 1128.5042 20.3400 76.7401 0.7000 0.1643
0.1560 14.1474 75.5988 0.3305 15.5662 0.9089 99.8783 1453915 0.9555 0.9852 1129.2505 20.3300 56.8108 0.7000 0.1643
0.1580 14.1330 74.5661 0.3312 15.5675 0.9079 99.8800 1453965 0.9555 0.9857 1129.8761 20.3100 56.3219 0.8000 0.1643
0.1630 14.2327 72.7884 0.3360 15.5662 0.9143 99.8828 1454015 0.9555 0.9864 1130.6567 20.2700 77.2479 0.8000 0.1643
0.1650 14.2327 71.9061 0.3360 15.5662 0.9143 99.8842 1454065 0.9555 0.9870 1131.2859 20.2800 77.2479 0.8000 0.1643
0.1700 14.5001 71.1025 0.3373 15.5538 0.9323 99.8854 1454116 0.9555 0.9877 1132.1089 20.2400 77.2479 0.8000 0.1643
0.1730 14.6176 70.4360 0.3257 15.5387 0.9407 99.8864 1454167 0.9555 0.9884 1132.8881 20.2600 77.2479 0.8000 0.1643
0.1760 14.8301 70.2418 0.3235 15.5262 0.9552 99.8866 1454217 0.9555 0.9889 1133.5116 20.2500 77.7561 0.8000 0.1728
0.1790 14.7486 68.6850 0.3230 15.5300 0.9497 99.8892 1454268 0.9556 0.9895 1134.3538 20.2400 56.8108 0.8000 0.1728
0.1820 14.9384 68.4219 0.3305 15.5262 0.9621 99.8895 1454319 0.9556 0.9902 1135.1411 20.2400 77.2479 0.8000 0.1728
0.1870 14.8557 66.2240 0.3283 15.5288 0.9567 99.8931 1454369 0.9556 0.9908 1135.7980 20.2300 77.2479 0.9000 0.1728
0.1880 15.0524 66.7438 0.3251 15.5162 0.9701 99.8922 1454419 0.9556 0.9915 1136.6204 20.2300 77.2479 0.9000 0.1728
0.1890 16.4024 72.3450 0.2809 15.4125 1.0642 99.8824 1454469 0.9556 0.9921 1137.3230 20.1900 77.2479 0.9000 0.1728
0.1960 16.1274 68.5916 0.2646 15.4137 1.0463 99.8885 1454520 0.9556 0.9929 1138.2412 20.2100 76.7401 0.9000 0.1728
0.2000 16.1658 67.3798 0.2671 15.4137 1.0488 99.8904 1454571 0.9556 0.9937 1139.0985 20.1800 77.7561 0.9000 0.1728
0.2020 16.2272 66.9661 0.2711 15.4137 1.0528 99.8911 1454621 0.9556 0.9943 1139.7798 20.1800 77.2479 0.9000 0.1728
0.2060 16.3627 66.2141 0.2767 15.4113 1.0617 99.8923 1454672 0.9556 0.9951 1140.7042 20.1700 76.2329 0.9000 0.1728
0.2080 16.4164 65.7928 0.2802 15.4113 1.0652 99.8930 1454722 0.9557 0.9956 1141.4226 20.1900 76.7401 0.9000 0.1862
0.2100 17.9249 71.1544 0.2508 15.3100 1.1708 99.8835 1454773 0.9557 0.9965 1142.4164 20.1600 77.7561 1.0000 0.1862
0.2150 18.4577 71.5655 0.1665 15.2150 1.2131 99.8821 1454823 0.9557 0.9972 1143.2491 20.1100 77.2479 1.0000 0.1862
0.2220 18.5896 69.8041 0.1783 15.2175 1.2216 99.8850 1454873 0.9557 0.9981 1144.3064 20.1400 77.2479 1.0000 0.1862
0.2250 18.5381 68.6825 0.1764 15.2188 1.2181 99.8869 1454924 0.9557 0.9988 1145.1263 20.1100 80.8153 1.0000 0.1862
0.2300 18.7336 67.8980 0.1877 15.2175 1.2311 99.8882 1454974 0.9557 0.9998 1146.1885 20.0800 77.2479 1.0000 0.1862
0.2330 18.8214 67.3380 0.1904 15.2150 1.2370 99.8891 1455024 0.9557 1.0005 1147.0128 20.1100 77.2479 1.0000 0.1862
0.2380 19.0213 66.6235 0.1988 15.2113 1.2505 99.8902 1455075 0.9558 1.0013 1148.0837 20.0800 77.7561 1.1000 0.1862
0.2380 18.9754 66.4627 0.1802 15.1987 1.2485 99.8904 1455125 0.9558 1.0020 1148.9213 20.0400 77.7561 1.1000 0.1862
0.2420 19.1268 65.8856 0.1901 15.1987 1.2584 99.8913 1455176 0.9558 1.0030 1150.0073 20.0700 77.7561 1.2000 0.1862
0.2460 19.2145 65.1114 0.1928 15.1962 1.2644 99.8926 1455227 0.9558 1.0039 1151.0155 20.0400 77.2479 1.2000 0.1941
0.2470 19.2101 64.8329 0.1956 15.1987 1.2639 99.8931 1455277 0.9558 1.0046 1151.8195 20.0200 77.7561 1.2000 0.1941
0.2510 19.1224 63.5085 0.1929 15.2013 1.2579 99.8953 1455328 0.9558 1.0055 1152.9099 20.0100 81.8390 1.2000 0.1941
0.2530 19.3009 63.5946 0.2016 15.1987 1.2699 99.8951 1455379 0.9558 1.0064 1153.9257 20.0400 78.2648 1.2000 0.1941
0.2560 19.5103 63.5313 0.1982 15.1850 1.2848 99.8951 1455429 0.9558 1.0072 1154.7789 19.9900 77.7561 1.2000 0.1941
0.2590 19.6157 63.1345 0.1973 15.1788 1.2923 99.8958 1455480 0.9558 1.0081 1155.8503 19.9800 77.2479 1.2000 0.1941
0.2610 19.5563 62.4611 0.1872 15.1737 1.2888 99.8968 1455530 0.9558 1.0088 1156.7150 20.0000 77.2479 1.2000 0.1941
0.2620 19.5563 62.2227 0.1872 15.1737 1.2888 99.8972 1455580 0.9558 1.0098 1157.8308 19.9500 78.2648 1.2000 0.1941
0.2640 19.7268 62.2898 0.1953 15.1713 1.3003 99.8971 1455630 0.9558 1.0106 1158.6962 19.9900 77.2479 1.2000 0.1941
0.2660 19.6243 61.5001 0.1916 15.1737 1.2933 99.8984 1455681 0.9558 1.0115 1159.8153 19.9900 77.7561 1.2000 0.1941
0.2660 19.7101 61.7690 0.1926 15.1700 1.2993 99.8979 1455731 0.9559 1.0122 1160.6824 19.9800 77.2479 1.2000 0.2099
0.2700 20.0831 62.0055 0.1985 15.1550 1.3252 99.8975 1455782 0.9559 1.0132 1161.8175 19.9600 77.2479 1.2000 0.2099
0.2710 20.0043 61.5344 0.1902 15.1525 1.3202 99.8982 1455833 0.9559 1.0141 1162.8730 19.9700 75.7261 1.2000 0.2099
0.2720 20.0991 61.5986 0.1933 15.1500 1.3267 99.8981 1455883 0.9559 1.0148 1163.7156 19.9500 77.2479 1.2000 0.2099
0.2750 20.0647 60.8223 0.1942 15.1525 1.3242 99.8994 1455934 0.9559 1.0158 1164.8557 19.9600 76.7401 1.2000 0.2099
0.2760 20.1594 60.8882 0.1973 15.1500 1.3307 99.8993 1455985 0.9559 1.0168 1165.9153 19.9500 81.3269 1.2000 0.2099
0.2760 20.1309 60.8020 0.1970 15.1512 1.3287 99.8994 1456035 0.9560 1.0174 1166.7581 19.9500 77.2479 1.2000 0.2099
0.2770 20.4711 61.6063 0.1992 15.1350 1.3526 99.8980 1456086 0.9560 1.0184 1167.9122 19.9300 76.2329 1.2000 0.2099
0.2800 20.4860 60.9906 0.1862 15.1237 1.3546 99.8989 1456136 0.9560 1.0192 1168.8140 19.9500 77.7561 1.2000 0.2099
0.2820 20.4066 60.3232 0.1841 15.1263 1.3491 99.9000 1456187 0.9560 1.0202 1169.9800 19.9300 75.2197 1.2000 0.2099
0.2830 20.4107 60.1222 0.1812 15.1237 1.3496 99.9004 1456237 0.9560 1.0210 1170.8818 19.9200 77.7561 1.2000 0.2179
0.2830 20.5630 60.5710 0.1929 15.1250 1.3595 99.8996 1456288 0.9560 1.0220 1172.0487 19.9000 81.3269 1.2000 0.2179
0.2860 20.6007 60.0454 0.1954 15.1250 1.3620 99.9005 1456338 0.9561 1.0227 1172.9528 19.9300 77.7561 1.2000 0.2179
0.2860 20.5747 59.9696 0.1905 15.1225 1.3605 99.9006 1456388 0.9561 1.0237 1174.1208 19.8900 77.7561 1.3000 0.2179
0.2880 20.8576 60.3719 0.1860 15.1038 1.3810 99.8998 1456439 0.9561 1.0245 1175.0403 19.9100 77.2479 1.3000 0.2179
0.2870 20.8848 60.6614 0.1784 15.0962 1.3834 99.8993 1456489 0.9561 1.0255 1176.2294 19.9300 81.3269 1.3000 0.2179
0.2900 20.8189 59.8443 0.1756 15.0975 1.3790 99.9007 1456539 0.9561 1.0263 1177.1506 19.9200 77.7561 1.3000 0.2179
0.2890 20.8999 60.2849 0.1794 15.0962 1.3844 99.8999 1456590 0.9561 1.0274 1178.3424 19.8700 77.2479 1.3000 0.2179
0.2900 20.8663 59.9807 0.1741 15.0938 1.3824 99.9004 1456641 0.9562 1.0282 1179.4479 19.9100 77.7561 1.3000 0.2179
0.2920 21.0450 60.0799 0.1844 15.0925 1.3944 99.9002 1456691 0.9562 1.0290 1180.3307 19.9300 79.2836 1.3000 0.2179
0.2940 21.2953 60.3808 0.1700 15.0675 1.4133 99.8996 1456742 0.9562 1.0301 1181.5408 19.9000 77.7561 1.3000 0.2256
0.2940 21.4043 60.6899 0.1741 15.0650 1.4208 99.8990 1456793 0.9562 1.0310 1182.6693 19.8900 78.2648 1.3000 0.2256
0.2940 21.2878 60.3596 0.1695 15.0675 1.4128 99.8996 1456843 0.9562 1.0318 1183.5665 19.8700 77.7561 1.3000 0.2256
0.2980 21.3292 59.6654 0.1691 15.0650 1.4158 99.9007 1456894 0.9563 1.0328 1184.7810 19.9100 77.7561 1.3000 0.2256
0.2970 21.4996 60.3446 0.1851 15.0688 1.4268 99.8996 1456944 0.9563 1.0336 1185.7240 19.8700 77.2479 1.3000 0.2256
0.2970 21.3703 59.9815 0.1750 15.0675 1.4183 99.9002 1456995 0.9563 1.0347 1186.9417 19.8600 76.7401 1.3000 0.2256
0.2980 21.6807 60.6484 0.1785 15.0538 1.4402 99.8990 1457045 0.9563 1.0355 1187.8898 19.8500 56.3219 1.3000 0.2256
0.2990 21.9230 61.1213 0.1776 15.0400 1.4576 99.8981 1457095 0.9563 1.0366 1189.1254 19.8900 78.2648 1.3000 0.2256
0.3010 21.7432 60.2173 0.1657 15.0400 1.4457 99.8997 1457146 0.9563 1.0374 1190.0851 19.8600 78.2648 1.3000 0.2256
0.3020 21.9026 60.4577 0.1717 15.0363 1.4567 99.8992 1457196 0.9563 1.0385 1191.3263 19.8700 76.7401 1.3000 0.2256
0.3030 21.8724 60.1751 0.1758 15.0413 1.4542 99.8997 1457246 0.9563 1.0393 1192.2885 19.8900 77.2479 1.3000 0.2375
0.3020 21.7582 60.0592 0.1667 15.0400 1.4467 99.8999 1457297 0.9563 1.0404 1193.5305 19.8500 79.7937 1.4000 0.2375
0.3040 21.8951 60.0394 0.1712 15.0363 1.4562 99.8999 1457347 0.9563 1.0412 1194.4926 19.8600 77.7561 1.4000 0.2375
0.3060 22.0544 60.0812 0.1709 15.0275 1.4676 99.8998 1457398 0.9563 1.0423 1195.7434 19.8400 77.2479 1.4000 0.2375
0.3060 22.1314 60.2907 0.1652 15.0188 1.4736 99.8994 1457449 0.9564 1.0432 1196.9080 19.8600 76.7401 1.4000 0.2375
0.3070 22.1968 60.2721 0.1681 15.0175 1.4781 99.8994 1457499 0.9564 1.0441 1197.8379 19.8300 77.2479 1.4000 0.2375
0.3080 22.1463 59.9397 0.1662 15.0188 1.4746 99.9000 1457550 0.9564 1.0451 1199.0946 19.8300 77.7561 1.4000 0.2375
0.3090 22.0696 59.5386 0.1658 15.0225 1.4691 99.9007 1457601 0.9564 1.0462 1200.2637 19.8600 78.2648 1.4000 0.2375
0.3090 22.1930 59.8717 0.1709 15.0200 1.4776 99.9001 1457651 0.9564 1.0470 1201.2385 19.8400 78.2648 1.4000 0.2375
0.3090 22.5333 60.7897 0.1781 15.0075 1.5015 99.8985 1457701 0.9565 1.0480 1202.4573 19.8300 77.7561 1.4000 0.2375
0.3110 22.5669 60.4887 0.1711 15.0000 1.5045 99.8989 1457751 0.9565 1.0488 1203.4434 19.8300 77.2479 1.4000 0.2448
0.3110 22.5127 60.3435 0.1660 14.9987 1.5010 99.8992 1457802 0.9565 1.0499 1204.7190 19.7800 77.2479 1.4000 0.2448
0.3120 22.5557 60.2650 0.1735 15.0025 1.5035 99.8993 1457853 0.9565 1.0510 1205.9067 19.7900 77.7561 1.4000 0.2448
0.3130 22.5650 60.0972 0.1695 14.9987 1.5045 99.8996 1457903 0.9565 1.0518 1206.8510 19.8100 77.7561 1.4000 0.2448
0.3130 22.5743 60.1221 0.1716 15.0000 1.5050 99.8995 1457954 0.9565 1.0529 1208.1304 19.8200 77.2479 1.4000 0.2448
0.3140 22.5351 59.8265 0.1675 14.9987 1.5025 99.9000 1458005 0.9566 1.0538 1209.3197 19.8100 77.7561 1.4000 0.2448
0.3140 22.5743 59.9306 0.1716 15.0000 1.5050 99.8999 1458055 0.9566 1.0547 1210.2653 19.8000 78.2648 1.4000 0.2448
0.3160 22.8423 60.2582 0.1525 14.9700 1.5259 99.8991 1458106 0.9566 1.0558 1211.5651 19.8100 81.8390 1.4000 0.2448
0.3170 22.7827 59.9113 0.1486 14.9700 1.5219 99.8997 1458156 0.9566 1.0567 1212.5708 19.8200 77.7561 1.4000 0.2448
0.3190 22.8610 59.7405 0.1569 14.9725 1.5269 99.9000 1458207 0.9566 1.0578 1213.8741 19.8100 77.2479 1.4000 0.2448
0.3180 22.8107 59.7965 0.1550 14.9738 1.5234 99.8999 1458257 0.9567 1.0586 1214.8822 19.8000 77.7561 1.4000 0.2567
0.3200 22.9616 59.8157 0.1605 14.9700 1.5338 99.8999 1458308 0.9567 1.0597 1216.1879 19.7900 80.3043 1.4000 0.2567
0.3200 23.2086 60.4593 0.1601 14.9563 1.5518 99.8987 1458359 0.9567 1.0608 1217.4048 19.8100 77.2479 1.5000 0.2567
0.3220 23.4423 60.6886 0.1604 14.9438 1.5687 99.8982 1458409 0.9567 1.0616 1218.3873 19.7800 78.2648 1.5000 0.2567
0.3240 23.2378 59.7879 0.1498 14.9462 1.5548 99.8997 1458460 0.9567 1.0628 1219.7128 19.7600 78.2648 1.5000 0.2567
0.3230 23.2562 60.0205 0.1479 14.9438 1.5562 99.8993 1458511 0.9568 1.0637 1220.9467 19.7800 77.7561 1.5000 0.2567
0.3240 23.4462 60.3241 0.1637 14.9462 1.5687 99.8988 1458561 0.9568 1.0646 1221.9753 19.7600 77.7561 1.5000 0.2567
0.3240 23.3232 60.0076 0.1524 14.9438 1.5607 99.8994 1458611 0.9568 1.0658 1223.2572 19.7600 78.2648 1.5000 0.2567
0.3260 23.4701 60.0151 0.1607 14.9425 1.5707 99.8993 1458662 0.9568 1.0667 1224.2872 19.7700 76.2329 1.5000 0.2567
0.3260 23.8187 60.9067 0.1718 14.9325 1.5951 99.8978 1458712 0.9568 1.0678 1225.6276 19.7600 57.7899 1.5000 0.2567
0.3280 23.8354 60.5776 0.1514 14.9150 1.5981 99.8982 1458763 0.9568 1.0687 1226.6696 19.7400 57.3001 1.5000 0.2642
0.3290 23.8631 60.4637 0.1517 14.9137 1.6001 99.8984 1458813 0.9568 1.0699 1228.0221 19.7600 77.7561 1.5000 0.2642
0.3300 23.7185 59.9153 0.1451 14.9163 1.5901 99.8993 1458863 0.9568 1.0708 1229.0684 19.7500 78.2648 1.5000 0.2642
0.3310 23.7111 59.7155 0.1446 14.9163 1.5896 99.8997 1458914 0.9568 1.0720 1230.4202 19.7400 76.7401 1.5000 0.2642
0.3300 23.7705 60.0466 0.1486 14.9163 1.5936 99.8991 1458965 0.9568 1.0731 1231.6785 19.7300 77.7561 1.5000 0.2642
0.3310 23.9402 60.2925 0.1477 14.9063 1.6060 99.8986 1459015 0.9569 1.0739 1232.6831 19.7600 77.7561 1.5000 0.2642
0.3330 24.0502 60.2058 0.1428 14.8962 1.6145 99.8987 1459066 0.9569 1.0751 1234.0536 19.7700 78.2648 1.5000 0.2642
0.3340 24.1601 60.2998 0.1380 14.8862 1.6230 99.8985 1459116 0.9569 1.0760 1235.1196 19.7400 78.2648 1.5000 0.2642
0.3350 24.2545 60.3546 0.1428 14.8850 1.6295 99.8984 1459167 0.9569 1.0772 1236.4977 19.7100 77.7561 1.5000 0.2642
0.3350 24.3488 60.5893 0.1476 14.8837 1.6359 99.8980 1459217 0.9569 1.0781 1237.5665 19.6900 77.2479 1.5000 0.2642
0.3370 24.3084 60.1298 0.1479 14.8862 1.6329 99.8988 1459267 0.9570 1.0792 1238.9473 19.6800 77.2479 1.5000 0.2760
0.3370 24.4390 60.4528 0.1491 14.8800 1.6424 99.8982 1459318 0.9570 1.0801 1240.0183 19.7000 77.2479 1.5000 0.2760
0.3380 26.0773 64.3146 0.1271 14.7712 1.7654 99.8909 1459368 0.9570 1.0814 1241.4572 19.6900 77.7561 1.6000 0.2760
0.3450 25.5797 61.8073 0.1055 14.7813 1.7305 99.8952 1459418 0.9570 1.0824 1242.5850 19.6800 78.2648 1.6000 0.2760
0.3450 25.6291 61.9266 0.1074 14.7800 1.7340 99.8950 1459469 0.9570 1.0836 1244.0439 19.6600 78.2648 1.6000 0.2760
0.3470 25.6312 61.5749 0.1090 14.7813 1.7340 99.8956 1459520 0.9571 1.0847 1245.3987 19.6900 77.2479 1.6000 0.2760
0.3490 25.6879 61.3574 0.1114 14.7800 1.7380 99.8960 1459570 0.9571 1.0857 1246.4785 19.6700 77.7561 1.6000 0.2760
0.3500 25.9449 61.7942 0.1181 14.7712 1.7564 99.8951 1459621 0.9571 1.0869 1247.9485 19.6600 77.7561 1.6000 0.2760
0.3520 25.9376 61.4259 0.1024 14.7587 1.7574 99.8957 1459672 0.9571 1.0881 1249.3232 19.6600 77.7561 1.7000 0.2760
0.3530 26.2851 62.0724 0.1123 14.7475 1.7823 99.8945 1459722 0.9572 1.0890 1250.4728 19.6400 76.7401 1.7000 0.2836
0.3560 26.1155 61.1521 0.1054 14.7513 1.7704 99.8961 1459773 0.9572 1.0903 1251.9103 19.6200 77.2479 1.7000 0.2836
0.3570 26.2381 61.2672 0.1122 14.7500 1.7789 99.8959 1459823 0.9572 1.0913 1253.0652 19.6600 75.7261 1.7000 0.2836
0.3600 26.3314 60.9726 0.1170 14.7487 1.7853 99.8964 1459874 0.9572 1.0926 1254.5608 19.6300 77.7561 1.7000 0.2836
0.3590 26.2183 60.8799 0.1124 14.7513 1.7774 99.8966 1459924 0.9572 1.0936 1255.7166 19.6200 77.7561 1.7000 0.2836
0.3610 26.6207 61.4717 0.1139 14.7300 1.8072 99.8954 1459974 0.9572 1.0949 1257.2260 19.5900 78.7739 1.7000 0.2836
0.3630 26.6145 61.1188 0.1044 14.7225 1.8077 99.8960 1460025 0.9572 1.0959 1258.4004 19.6000 77.7561 1.7000 0.2836
0.3680 26.6240 60.3101 0.1066 14.7238 1.8082 99.8973 1460075 0.9572 1.0972 1259.9187 19.6200 77.7561 1.7000 0.2836
0.3670 26.7222 60.6973 0.1102 14.7212 1.8152 99.8967 1460126 0.9572 1.0983 1261.0955 19.5800 78.2648 1.7000 0.2836
0.3660 26.8175 61.0802 0.1167 14.7212 1.8217 99.8960 1460176 0.9573 1.0995 1262.6178 19.6000 78.7739 1.7000 0.2836
0.3690 26.8124 60.5722 0.1179 14.7225 1.8212 99.8969 1460226 0.9573 1.1005 1263.7953 19.5600 78.2648 1.7000 0.2917
0.3710 27.0044 60.6770 0.1173 14.7113 1.8356 99.8966 1460277 0.9573 1.1018 1265.3263 19.5500 77.7561 1.7000 0.2917
0.3730 27.0419 60.4354 0.1108 14.7037 1.8391 99.8970 1460327 0.9573 1.1029 1266.5183 19.5500 77.7561 1.7000 0.2917
0.3740 27.1379 60.4878 0.1083 14.6962 1.8466 99.8968 1460378 0.9573 1.1042 1268.0669 19.5900 77.7561 1.7000 0.2917
0.3760 27.1575 60.2096 0.1081 14.6950 1.8481 99.8973 1460428 0.9574 1.1052 1269.2654 19.5500 77.7561 1.7000 0.2917
0.3760 27.2480 60.4102 0.1112 14.6925 1.8546 99.8969 1460479 0.9574 1.1065 1270.8146 19.5400 77.2479 1.8000 0.2917
0.3780 27.1525 59.8800 0.1092 14.6962 1.8476 99.8979 1460530 0.9574 1.1078 1272.2545 19.5500 77.2479 1.8000 0.2917
0.3790 27.5258 60.5429 0.1346 14.6962 1.8730 99.8968 1460580 0.9574 1.1088 1273.4054 19.5400 78.2648 1.8000 0.2917
0.3800 27.4737 60.2694 0.1070 14.6763 1.8720 99.8971 1460631 0.9575 1.1100 1274.9686 19.5200 78.2648 1.8000 0.2917
0.3820 27.6399 60.3166 0.1078 14.6675 1.8844 99.8969 1460682 0.9575 1.1113 1276.4326 19.4800 58.2802 1.8000 0.2917
0.3850 27.6253 59.8149 0.1068 14.6675 1.8834 99.8978 1460732 0.9575 1.1123 1277.5962 19.5400 78.2648 1.8000 0.2999
0.3850 27.7374 60.0578 0.1114 14.6650 1.8914 99.8974 1460783 0.9575 1.1137 1279.1740 19.4800 78.7739 1.8000 0.2999
0.3870 27.6642 59.5896 0.1109 14.6687 1.8859 99.8982 1460834 0.9576 1.1148 1280.6404 19.5000 78.2648 1.8000 0.2999
0.3880 27.7690 59.6612 0.1151 14.6663 1.8934 99.8980 1460884 0.9576 1.1159 1281.8622 19.5100 77.7561 1.8000 0.2999
0.3880 27.6861 59.4831 0.1124 14.6687 1.8874 99.8984 1460934 0.9576 1.1172 1283.3865 19.5000 77.7561 1.8000 0.2999
0.3890 27.9472 59.8896 0.1152 14.6563 1.9068 99.8976 1460985 0.9576 1.1183 1284.6162 19.5100 78.2648 1.8000 0.2999
0.3900 28.3585 60.6153 0.1177 14.6350 1.9377 99.8962 1461035 0.9576 1.1197 1286.2155 19.4700 77.7561 1.8000 0.2999
0.3930 28.2394 59.9000 0.1126 14.6375 1.9293 99.8974 1461085 0.9577 1.1206 1287.4575 19.4800 78.2648 1.8000 0.2999
0.3930 28.1787 59.7712 0.1069 14.6362 1.9253 99.8976 1461136 0.9577 1.1220 1289.0626 19.4600 79.2836 1.8000 0.2999
0.3940 28.3609 60.0050 0.1194 14.6362 1.9377 99.8972 1461187 0.9577 1.1233 1290.5577 19.4400 77.7561 1.8000 0.2999
0.3950 28.2006 59.5147 0.1084 14.6362 1.9268 99.8981 1461237 0.9577 1.1244 1291.7441 19.4800 78.2648 1.8000 0.3077
0.3960 28.6208 60.2490 0.1266 14.6275 1.9566 99.8968 1461288 0.9577 1.1258 1293.3582 19.4600 77.2479 1.9000 0.3077
0.3980 28.6012 59.9053 0.1133 14.6175 1.9566 99.8973 1461339 0.9577 1.1271 1294.8663 19.4300 76.2329 1.9000 0.3077
0.4000 28.6522 59.7119 0.1168 14.6175 1.9601 99.8976 1461389 0.9577 1.1281 1296.0662 19.4400 77.7561 1.9000 0.3077
0.4000 28.5794 59.5602 0.1118 14.6175 1.9551 99.8979 1461440 0.9577 1.1295 1297.6914 19.4300 78.7739 1.9000 0.3077
0.4010 28.5285 59.3058 0.1128 14.6213 1.9512 99.8983 1461490 0.9578 1.1305 1298.9485 19.4400 57.3001 1.9000 0.3077
0.4010 28.6279 59.5127 0.1181 14.6200 1.9581 99.8980 1461540 0.9578 1.1319 1300.5774 19.4100 58.2802 1.9000 0.3077
0.4020 28.5576 59.2187 0.1148 14.6213 1.9532 99.8985 1461591 0.9578 1.1330 1301.8394 19.4200 77.7561 1.9000 0.3077
0.4040 28.7129 59.2459 0.1224 14.6187 1.9641 99.8984 1461641 0.9578 1.1345 1303.4680 19.3900 79.2836 1.9000 0.3077
0.4030 28.7711 59.5134 0.1264 14.6187 1.9681 99.8980 1461691 0.9579 1.1354 1304.7303 19.3700 78.2648 1.9000 0.3077
0.4050 28.7881 59.2546 0.1291 14.6200 1.9691 99.8984 1461742 0.9579 1.1369 1306.3629 19.3600 78.7739 1.9000 0.3201
0.4050 28.9455 59.5786 0.1294 14.6112 1.9810 99.8978 1461793 0.9579 1.1382 1307.8853 19.3900 77.7561 1.9000 0.3201
0.4060 29.0032 59.5503 0.1199 14.6000 1.9865 99.8978 1461843 0.9579 1.1392 1309.1038 19.3700 78.2648 1.9000 0.3201
0.4080 29.1196 59.4960 0.1278 14.6000 1.9945 99.8979 1461894 0.9580 1.1406 1310.7554 19.3700 78.2648 1.9000 0.3201
0.4080 28.9791 59.2091 0.1212 14.6025 1.9845 99.8984 1461945 0.9580 1.1419 1312.2886 19.3700 78.2648 1.9000 0.3201
0.4100 29.1534 59.2747 0.1286 14.5988 1.9970 99.8982 1461995 0.9580 1.1430 1313.5709 19.3700 78.2648 1.9000 0.3201
0.4100 29.1584 59.2848 0.1320 14.6012 1.9970 99.8982 1462046 0.9580 1.1444 1315.1674 19.3500 78.2648 1.9000 0.3201
0.4100 29.0445 59.0533 0.1257 14.6025 1.9890 99.8986 1462096 0.9581 1.1454 1316.4467 19.3300 78.2648 1.9000 0.3201
0.4110 29.3036 59.4350 0.1374 14.5975 2.0074 99.8979 1462146 0.9581 1.1468 1318.1042 19.3500 77.7561 1.9000 0.3201
0.4120 29.1943 59.0697 0.1255 14.5938 2.0005 99.8986 1462196 0.9581 1.1480 1319.3910 19.3300 77.2479 1.9000 0.3201
0.4120 29.3196 59.3231 0.1221 14.5837 2.0104 99.8980 1462247 0.9581 1.1494 1321.0638 19.3400 77.2479 1.9000 0.3280
0.4130 29.4790 59.5013 0.1285 14.5800 2.0219 99.8977 1462297 0.9582 1.1504 1322.3586 19.3300 77.7561 1.9000 0.3280
0.4140 29.5302 59.4606 0.1365 14.5837 2.0249 99.8978 1462348 0.9582 1.1519 1324.0337 19.3100 81.3269 1.9000 0.3280
0.4170 29.4768 58.9261 0.1314 14.5825 2.0214 99.8987 1462399 0.9582 1.1532 1325.5879 19.3100 80.8153 1.9000 0.3280
0.4160 29.3994 58.9127 0.1276 14.5837 2.0159 99.8988 1462449 0.9582 1.1543 1326.8248 19.3400 77.7561 1.9000 0.3280
0.4170 29.4986 58.9697 0.1329 14.5825 2.0229 99.8986 1462500 0.9582 1.1558 1328.5015 19.3100 78.2648 1.9000 0.3280
0.4160 29.5952 59.3050 0.1365 14.5800 2.0298 99.8981 1462550 0.9582 1.1569 1329.8019 19.2900 78.2648 1.9000 0.3280
0.4170 29.5687 59.1098 0.1362 14.5813 2.0279 99.8984 1462600 0.9582 1.1584 1331.4803 19.2900 78.2648 1.9000 0.3280
0.4180 29.4575 58.7467 0.1316 14.5837 2.0199 99.8990 1462651 0.9582 1.1595 1332.7806 19.3100 78.2648 1.9000 0.3280
0.4170 29.6122 59.1969 0.1392 14.5813 2.0308 99.8982 1462701 0.9583 1.1608 1334.4619 19.3000 78.2648 1.9000 0.3280
0.4190 29.5156 58.7221 0.1355 14.5837 2.0239 99.8991 1462751 0.9583 1.1620 1335.7637 19.3000 78.2648 1.9000 0.3355
0.4200 29.5374 58.6256 0.1370 14.5837 2.0254 99.8992 1462802 0.9583 1.1634 1337.4448 19.2700 78.2648 2.0000 0.3355
0.4200 29.5447 58.6400 0.1375 14.5837 2.0259 99.8992 1462853 0.9583 1.1648 1339.0060 19.2900 80.8153 2.0000 0.3355
0.4190 29.5374 58.7655 0.1370 14.5837 2.0254 99.8990 1462903 0.9584 1.1657 1340.2490 19.3000 80.8153 2.0000 0.3355
0.4210 29.5665 58.5438 0.1390 14.5837 2.0274 99.8994 1462954 0.9584 1.1672 1341.9343 19.2900 78.7739 2.0000 0.3355
0.4210 29.7455 58.8983 0.1498 14.5825 2.0398 99.8988 1463004 0.9584 1.1683 1343.2407 19.2900 78.2648 2.0000 0.3355
0.4210 29.6849 58.7782 0.1442 14.5813 2.0358 99.8990 1463055 0.9584 1.1698 1344.9269 19.2500 70.6838 2.0000 0.3355
0.4220 29.7720 58.8111 0.1501 14.5813 2.0418 99.8989 1463105 0.9585 1.1708 1346.2330 19.2800 78.7739 2.0000 0.3355
0.4220 29.7019 58.6727 0.1468 14.5825 2.0368 99.8992 1463155 0.9585 1.1723 1347.9213 19.2700 78.7739 2.0000 0.3355
0.4220 29.6028 58.4768 0.1415 14.5837 2.0298 99.8995 1463205 0.9585 1.1734 1349.2286 19.2500 78.2648 2.0000 0.3355
0.4220 29.7092 58.6870 0.1473 14.5825 2.0373 99.8991 1463256 0.9585 1.1749 1350.9183 19.2400 78.7739 2.0000 0.3427
0.4230 29.6631 58.4574 0.1427 14.5813 2.0343 99.8995 1463307 0.9586 1.1761 1352.4916 19.2500 78.2648 2.0000 0.3427
0.4230 29.7408 58.6105 0.1510 14.5837 2.0393 99.8993 1463357 0.9586 1.1772 1353.7410 19.2300 78.2648 2.0000 0.3427
0.4240 29.6998 58.3916 0.1497 14.5850 2.0363 99.8997 1463408 0.9586 1.1787 1355.4397 19.2400 78.7739 2.0000 0.3427
0.4250 29.8617 58.5719 0.1578 14.5825 2.0478 99.8993 1463459 0.9586 1.1801 1357.0120 19.2400 78.2648 2.0000 0.3427
0.4240 29.7288 58.4487 0.1516 14.5850 2.0383 99.8996 1463509 0.9586 1.1812 1358.2704 19.2100 59.7536 2.0000 0.3427
0.4240 29.7455 58.4816 0.1498 14.5825 2.0398 99.8995 1463560 0.9586 1.1826 1359.9623 19.2200 77.7561 2.0000 0.3427
0.4250 29.7502 58.3532 0.1486 14.5813 2.0403 99.8997 1463611 0.9586 1.1840 1361.5410 19.2200 78.7739 2.0000 0.3427
0.4250 29.8907 58.6288 0.1598 14.5825 2.0498 99.8992 1463661 0.9587 1.1850 1362.7931 19.2300 78.7739 2.0000 0.3427
0.4280 29.7942 58.0298 0.1561 14.5850 2.0428 99.9003 1463712 0.9587 1.1865 1364.4923 19.2100 81.8390 2.0000 0.3427
0.4270 29.9608 58.4910 0.1631 14.5813 2.0547 99.8995 1463763 0.9587 1.1878 1366.0707 19.2100 78.7739 2.0000 0.3496
0.4250 29.8352 58.5199 0.1575 14.5837 2.0458 99.8994 1463813 0.9587 1.1890 1367.3842 19.1900 81.8390 2.0000 0.3496
0.4280 29.8010 58.0432 0.1521 14.5813 2.0438 99.9002 1463863 0.9588 1.1903 1369.0222 19.2100 84.9212 2.0000 0.3496
0.4260 29.9612 58.6292 0.1676 14.5850 2.0543 99.8992 1463914 0.9588 1.1914 1370.3395 19.2100 79.2836 2.0000 0.3496
0.4270 29.8232 58.2224 0.1581 14.5850 2.0448 99.8999 1463964 0.9588 1.1929 1372.0409 19.2300 79.2836 2.0000 0.3496
0.4270 29.9706 58.5102 0.1652 14.5825 2.0552 99.8994 1464014 0.9588 1.1940 1373.3564 19.2200 76.7401 2.0000 0.3496
0.4290 29.9971 58.2889 0.1656 14.5813 2.0572 99.8998 1464065 0.9589 1.1954 1375.0586 19.2100 78.7739 2.0000 0.3496
0.4270 29.9561 58.4818 0.1643 14.5825 2.0543 99.8995 1464116 0.9589 1.1968 1376.6394 19.1900 79.2836 2.0000 0.3496
0.4280 30.0407 58.5099 0.1686 14.5813 2.0602 99.8994 1464166 0.9589 1.1979 1377.8967 19.1800 79.2836 2.0000 0.3496
0.4280 29.9805 58.3926 0.1674 14.5837 2.0557 99.8997 1464217 0.9589 1.1993 1379.5992 19.1600 78.2648 2.0000 0.3496
0.4280 29.9104 58.2562 0.1641 14.5850 2.0508 99.8999 1464268 0.9590 1.2006 1381.1841 19.1800 79.2836 2.0000 0.3564
0.4270 30.0360 58.6378 0.1697 14.5825 2.0597 99.8992 1464318 0.9590 1.2017 1382.5034 19.1700 78.7739 2.0000 0.3564
0.4290 30.0458 58.3835 0.1719 14.5837 2.0602 99.8997 1464368 0.9590 1.2032 1384.1484 19.1500 57.7899 2.0000 0.3564
0.4260 1.4288 2.7959 0.7383 16.4888 0.0867 99.9958 1464419 0.9590 1.2035 1384.4769 19.1800 78.7739 2.0000 0.3564
0.3330 0.5885 1.4732 1.5360 17.1262 0.0344 99.9978 1464469 0.9591 1.2034 1384.5244 19.2900 78.7739 2.0000 0.3564
0.3140 0.5362 1.4236 1.8542 17.3675 0.0309 99.9979 1464519 0.9591 1.2034 1384.5519 19.3600 79.2836 2.0000 0.3564
0.3020 0.4288 1.1835 2.1194 17.5713 0.0244 99.9983 1464570 0.9591 1.2034 1384.5817 19.4800 79.2836 0.7000 0.3564
0.2880 0.5461 1.5806 2.2792 17.6863 0.0309 99.9978 1464621 0.9591 1.2034 1384.6097 19.5800 79.2836 0.7000 0.3564
0.2770 0.3804 1.1448 2.3731 17.7638 0.0214 99.9984 1464671 0.9591 1.2035 1384.6283 19.6500 78.2648 0.7000 0.3564
0.2640 0.4000 1.2629 2.4857 17.8475 0.0224 99.9982 1464722 0.9591 1.2035 1384.6527 19.7400 78.7739 0.7000 0.3564
0.2520 0.4990 1.6508 2.5529 17.8937 0.0279 99.9977 1464772 0.9591 1.2035 1384.6716 19.7900 79.2836 0.0000 0.3523
0.2410 0.3754 1.2984 2.6159 17.9463 0.0209 99.9982 1464823 0.9591 1.2035 1384.6951 19.8500 78.7739 0.0000 0.3523
0.2310 0.5104 1.8418 2.6684 17.9800 0.0284 99.9974 1464873 0.9591 1.2035 1384.7139 19.9500 78.7739 0.0000 0.3523
0.2210 0.4937 1.8623 2.7274 18.0250 0.0274 99.9974 1464923 0.9591 1.2036 1384.7386 20.0000 78.2648 0.0000 0.3523
0.2100 0.3327 1.3205 2.7568 18.0537 0.0184 99.9982 1464973 0.9591 1.2036 1384.7544 20.0700 78.2648 0.0000 0.3523
0.1990 0.3242 1.3579 2.7929 18.0812 0.0179 99.9981 1465024 0.9591 1.2036 1384.7772 20.1300 78.7739 0.0000 0.3523
0.1910 0.4059 1.7717 2.8407 18.1138 0.0224 99.9976 1465075 0.9592 1.2035 1384.7990 20.2100 79.7937 0.0000 0.3523
0.1810 0.3160 1.4552 2.8541 18.1275 0.0174 99.9980 1465125 0.9592 1.2035 1384.8148 20.2600 81.3269 0.0000 0.3523
0.1730 0.4339 2.0910 2.8956 18.1537 0.0239 99.9971 1465176 0.9592 1.2035 1384.8387 20.3200 78.2648 0.0000 0.3523
0.1640 0.3167 1.6099 2.9124 18.1712 0.0174 99.9978 1465226 0.9592 1.2035 1384.8555 20.3500 78.7739 0.0000 0.3523
0.1570 0.3805 2.0202 2.9426 18.1912 0.0209 99.9972 1465276 0.9592 1.2036 1384.8768 20.3900 79.7937 0.0000 0.3481
0.1490 0.5076 2.8399 2.9629 18.2013 0.0279 99.9961 1465326 0.9592 1.2036 1384.8947 20.4600 78.7739 0.0000 0.3481
0.1430 0.3901 2.2743 2.9797 18.2188 0.0214 99.9969 1465377 0.9592 1.2036 1384.9161 20.4900 79.2836 0.0000 0.3481
0.1400 0.5084 3.0270 2.9996 18.2288 0.0279 99.9958 1465427 0.9592 1.2036 1384.9338 20.5100 78.7739 0.0000 0.3481
0.1330 0.4452 2.7905 3.0177 18.2450 0.0244 99.9962 1465478 0.9592 1.2036 1384.9565 20.5400 78.7739 0.0000 0.3481
0.1300 0.4455 2.8565 3.0311 18.2550 0.0244 99.9961 1465529 0.9592 1.2036 1384.9784 20.6000 78.7739 0.0000 0.3481
0.1240 0.4548 3.0575 3.0449 18.2650 0.0249 99.9958 1465579 0.9593 1.2035 1384.9948 20.6200 78.2648 0.0000 0.3481
0.1200 0.3094 2.1494 3.0486 18.2738 0.0169 99.9971 1465630 0.9593 1.2035 1385.0164 20.7000 57.7899 0.0000 0.3481
0.1150 0.3460 2.5081 3.0639 18.2838 0.0189 99.9966 1465680 0.9593 1.2036 1385.0337 20.7100 78.7739 0.0000 0.3481
0.1120 0.3098 2.3056 3.0769 18.2950 0.0169 99.9968 1465730 0.9593 1.2036 1385.0549 20.7700 79.2836 0.0000 0.3481
0.1090 0.3372 2.5792 3.0884 18.3025 0.0184 99.9965 1465781 0.9593 1.2036 1385.0724 20.7800 78.7739 0.0000 0.3439
0.1040 0.4742 3.8006 3.1059 18.3100 0.0259 99.9948 1465831 0.9593 1.2036 1385.0935 20.8100 79.7937 0.0000 0.3439
0.1000 0.4652 3.8777 3.1121 18.3150 0.0254 99.9947 1465881 0.9593 1.2036 1385.1106 20.8100 79.2836 0.0000 0.3439
0.0970 0.4654 3.9992 3.1221 18.3225 0.0254 99.9945 1465932 0.9593 1.2036 1385.1311 20.8600 78.2648 0.0000 0.3439
0.0920 0.5021 4.5498 3.1374 18.3325 0.0274 99.9938 1465983 0.9593 1.2037 1385.1536 20.8700 76.7401 0.0000 0.3439
0.0900 0.4748 4.3975 3.1376 18.3337 0.0259 99.9940 1466033 0.9593 1.2037 1385.1699 20.9200 77.2479 0.0000 0.3439
0.0840 0.5024 4.9855 3.1491 18.3412 0.0274 99.9932 1466084 0.9593 1.2037 1385.1935 20.8900 79.2836 0.0000 0.3439
0.0830 0.4020 4.0378 3.1519 18.3475 0.0219 99.9945 1466134 0.9593 1.2037 1385.2098 20.9600 77.7561 0.0000 0.3439
0.0780 0.3016 3.2229 3.1498 18.3500 0.0164 99.9956 1466184 0.9593 1.2037 1385.2310 20.9800 78.2648 0.0000 0.3439
0.0770 0.3748 4.0576 3.1621 18.3563 0.0204 99.9945 1466235 0.9593 1.2038 1385.2487 21.0100 79.2836 0.0000 0.3439
0.0740 0.3017 3.3992 3.1648 18.3612 0.0164 99.9954 1466285 0.9593 1.2038 1385.2715 21.0100 79.2836 0.0000 0.3439
0.0700 0.3750 4.4652 3.1721 18.3638 0.0204 99.9939 1466335 0.9593 1.2038 1385.2885 21.0400 77.7561 0.0000 0.3439
0.0680 0.4756 5.8309 3.1826 18.3675 0.0259 99.9920 1466386 0.9593 1.2038 1385.3097 21.0200 78.2648 0.0000 0.3439
0.0660 0.3477 4.3917 3.1839 18.3738 0.0189 99.9940 1466437 0.9593 1.2038 1385.3300 21.0600 65.6881 0.0000 0.3439
0.0640 0.4392 5.7211 3.1906 18.3750 0.0239 99.9922 1466487 0.9594 1.2037 1385.3457 21.1000 78.7739 0.0000 0.3439
0.0600 0.3478 4.8325 3.1923 18.3800 0.0189 99.9934 1466537 0.9594 1.2037 1385.3668 21.1000 79.2836 0.0000 0.3439
0.0590 0.4668 6.5956 3.1987 18.3800 0.0254 99.9910 1466587 0.9594 1.2037 1385.3839 21.1100 78.2648 0.0000 0.3439
0.0560 0.4669 6.9504 3.2037 18.3838 0.0254 99.9905 1466638 0.9594 1.2038 1385.4073 21.1500 78.2648 0.0000 0.3439
0.0550 0.4762 7.2170 3.2092 18.3875 0.0259 99.9902 1466689 0.9594 1.2038 1385.4286 21.1700 78.7739 0.0000 0.3439
0.0530 0.4488 7.0587 3.2127 18.3913 0.0244 99.9904 1466739 0.9594 1.2038 1385.4451 21.1800 78.7739 0.0000 0.3439
0.0520 0.3572 5.7266 3.2094 18.3925 0.0194 99.9922 1466790 0.9594 1.2038 1385.4672 21.1800 78.7739 0.0000 0.3399
0.0500 0.3023 5.0397 3.2081 18.3937 0.0164 99.9931 1466840 0.9594 1.2038 1385.4829 21.1800 78.2648 0.0000 0.3399
0.0470 0.3940 6.9880 3.2197 18.3988 0.0214 99.9905 1466890 0.9594 1.2038 1385.5056 21.1900 79.2836 0.0000 0.3399
0.0460 0.2933 5.3145 3.2193 18.4025 0.0159 99.9928 1466940 0.9594 1.2039 1385.5223 21.2000 78.7739 0.0000 0.3399
0.0450 0.3757 6.9605 3.2238 18.4025 0.0204 99.9905 1466991 0.9594 1.2039 1385.5426 21.2200 78.7739 0.0000 0.3399
0.0430 0.3116 6.0414 3.2236 18.4050 0.0169 99.9918 1467042 0.9594 1.2039 1385.5641 21.2400 78.2648 0.0000 0.3399
0.0410 0.3758 7.6406 3.2271 18.4050 0.0204 99.9896 1467092 0.9594 1.2039 1385.5797 21.2400 78.7739 0.0000 0.3399
0.0400 0.3025 6.3048 3.2281 18.4088 0.0164 99.9914 1467143 0.9594 1.2039 1385.6022 21.2700 79.2836 0.0000 0.3399
0.0400 0.3667 7.6422 3.2316 18.4088 0.0199 99.9896 1467193 0.9594 1.2039 1385.6185 21.2700 79.2836 0.0000 0.3399
0.0400 0.4401 9.1712 3.2372 18.4100 0.0239 99.9875 1467243 0.9594 1.2040 1385.6394 21.2700 78.7739 0.0000 0.3399
0.0380 0.4310 9.4541 3.2401 18.4125 0.0234 99.9871 1467294 0.9594 1.2040 1385.6556 21.2700 78.7739 0.0000 0.3399
0.0350 0.2934 6.9886 3.2326 18.4125 0.0159 99.9905 1467344 0.9594 1.2040 1385.6765 21.2800 78.2648 0.0000 0.3399
0.0340 0.4677 11.4664 3.2437 18.4137 0.0254 99.9844 1467395 0.9594 1.2040 1385.6984 21.2900 78.7739 0.0000 0.3399
0.0340 0.2935 7.1951 3.2359 18.4150 0.0159 99.9902 1467445 0.9594 1.2040 1385.7130 21.2800 78.7739 0.0000 0.3399
0.0330 0.4402 11.1204 3.2456 18.4163 0.0239 99.9849 1467496 0.9594 1.2040 1385.7366 21.3100 78.7739 0.0000 0.3399
0.0310 0.2935 7.8935 3.2426 18.4200 0.0159 99.9893 1467546 0.9594 1.2041 1385.7513 21.3100 79.2836 0.0000 0.3399
0.0310 0.3027 8.1407 3.2448 18.4212 0.0164 99.9889 1467597 0.9594 1.2041 1385.7720 21.3300 79.2836 0.0000 0.3399
0.0300 0.4770 13.2536 3.2509 18.4188 0.0259 99.9820 1467647 0.9594 1.2041 1385.7891 21.3200 78.7739 0.0000 0.3399
0.0300 0.2936 8.1583 3.2476 18.4237 0.0159 99.9889 1467697 0.9594 1.2041 1385.8107 21.3500 78.7739 0.0000 0.3399
0.0280 0.4770 14.2013 3.2526 18.4200 0.0259 99.9807 1467747 0.9594 1.2041 1385.8274 21.3400 78.7739 0.0000 0.3399
0.0280 0.4954 14.7485 3.2552 18.4212 0.0269 99.9799 1467798 0.9594 1.2041 1385.8506 21.3300 78.7739 0.0000 0.3399
0.0280 0.3854 11.4726 3.2526 18.4237 0.0209 99.9844 1467849 0.9594 1.2042 1385.8717 21.3400 72.1916 0.0000 0.3399
0.0260 0.4863 15.5910 3.2581 18.4237 0.0264 99.9788 1467899 0.9594 1.2042 1385.8898 21.3500 79.2836 0.0000 0.3399
0.0250 0.3854 12.8502 3.2542 18.4250 0.0209 99.9825 1467949 0.9594 1.2042 1385.9113 21.3500 78.2648 0.0000 0.3399
0.0260 0.2936 9.4134 3.2476 18.4237 0.0159 99.9872 1467999 0.9594 1.2042 1385.9268 21.3700 78.2648 0.0000 0.3399
0.0240 0.4221 14.6604 3.2562 18.4250 0.0229 99.9801 1468050 0.9594 1.2042 1385.9487 21.3700 78.7739 0.0000 0.3399
0.0250 0.4680 15.6038 3.2587 18.4250 0.0254 99.9788 1468101 0.9594 1.2043 1385.9703 21.3600 78.2648 0.0000 0.3399
0.0230 0.4130 14.9673 3.2591 18.4275 0.0224 99.9796 1468151 0.9594 1.2043 1385.9855 21.3700 82.3514 0.0000 0.3399
0.0230 0.2936 10.6427 3.2509 18.4263 0.0159 99.9855 1468202 0.9594 1.2043 1386.0070 21.3900 78.7739 0.0000 0.3399
0.0250 0.3395 11.3219 3.2551 18.4275 0.0184 99.9846 1468252 0.9594 1.2043 1386.0243 21.3900 79.2836 0.0000 0.3399
0.0240 0.2937 10.2013 3.2559 18.4300 0.0159 99.9861 1468302 0.9594 1.2043 1386.0471 21.4000 77.7561 0.0000 0.3399
0.0220 0.3487 13.2145 3.2573 18.4287 0.0189 99.9820 1468352 0.9594 1.2043 1386.0634 21.3800 78.2648 0.0000 0.3399
0.0220 0.4772 18.0817 3.2626 18.4275 0.0259 99.9754 1468403 0.9594 1.2044 1386.0842 21.3700 78.7739 0.0000 0.3399
0.0230 0.2937 10.6449 3.2559 18.4300 0.0159 99.9855 1468454 0.9594 1.2044 1386.1039 21.3900 78.2648 0.0000 0.3399
0.0210 0.4772 18.9428 3.2626 18.4275 0.0259 99.9742 1468504 0.9594 1.2044 1386.1201 21.4100 78.7739 0.0000 0.3399
0.0210 0.3029 12.0230 3.2564 18.4300 0.0164 99.9837 1468555 0.9594 1.2044 1386.1414 21.3900 78.7739 0.0000 0.3399
0.0210 0.4772 18.9440 3.2642 18.4287 0.0259 99.9742 1468605 0.9594 1.2044 1386.1581 21.4100 78.7739 0.0000 0.3399
0.0220 0.4772 18.0830 3.2642 18.4287 0.0259 99.9754 1468655 0.9594 1.2044 1386.1810 21.3900 79.7937 0.0000 0.3399
0.0210 0.3396 13.4812 3.2601 18.4312 0.0184 99.9817 1468706 0.9594 1.2044 1386.1965 21.3900 78.2648 0.0000 0.3399
0.0200 0.3029 12.6250 3.2581 18.4312 0.0164 99.9828 1468756 0.9594 1.2045 1386.2175 21.4300 79.2836 0.0000 0.3399
0.0200 0.3855 16.0671 3.2609 18.4300 0.0209 99.9781 1468806 0.9594 1.2045 1386.2341 21.4200 78.2648 0.0000 0.3439
0.0210 0.3029 12.0246 3.2598 18.4325 0.0164 99.9837 1468857 0.9594 1.2045 1386.2562 21.4300 79.2836 0.0000 0.3439
0.0210 0.4038 16.0307 3.2619 18.4300 0.0219 99.9782 1468908 0.9594 1.2045 1386.2781 21.4300 78.2648 0.0000 0.3439
0.0210 0.2937 11.6602 3.2593 18.4325 0.0159 99.9841 1468958 0.9595 1.2044 1386.2939 21.4100 75.7261 0.0000 0.3439
0.0190 0.3488 15.3030 3.2606 18.4312 0.0189 99.9792 1469009 0.9595 1.2044 1386.3154 21.4300 60.7382 0.0000 0.3439
0.0190 0.2937 12.8868 3.2576 18.4312 0.0159 99.9825 1469060 0.9595 1.2044 1386.3342 21.4300 78.2648 0.0000 0.3439
0.0190 0.3488 15.3030 3.2606 18.4312 0.0189 99.9792 1469110 0.9595 1.2045 1386.3508 21.4300 78.2648 0.0000 0.3439
0.0190 0.2846 12.4849 3.2588 18.4325 0.0154 99.9830 1469161 0.9595 1.2045 1386.3735 21.3600 77.2479 0.0000 0.3439
0.0190 0.2937 12.8859 3.2559 18.4300 0.0159 99.9825 1469212 0.9595 1.2045 1386.3928 21.4300 77.7561 0.0000 0.3439
0.0190 0.2937 12.8876 3.2593 18.4325 0.0159 99.9825 1469262 0.9595 1.2045 1386.4088 21.4100 78.7739 0.0000 0.3399
0.0180 0.3029 14.0278 3.2581 18.4312 0.0164 99.9809 1469313 0.9595 1.2045 1386.4303 21.4400 79.2836 0.0000 0.3399
0.0180 0.4864 22.5264 3.2647 18.4287 0.0264 99.9694 1469363 0.9595 1.2045 1386.4491 21.4300 78.7739 0.0000 0.3399
0.0190 0.4681 20.5383 3.2671 18.4312 0.0254 99.9721 1469413 0.9595 1.2046 1386.4725 21.4300 79.2836 0.0000 0.3399
0.0190 0.3304 14.4976 3.2596 18.4312 0.0179 99.9803 1469463 0.9595 1.2046 1386.4878 21.4200 78.2648 0.0000 0.3399
0.0190 0.4772 20.9382 3.2642 18.4287 0.0259 99.9715 1469514 0.9595 1.2046 1386.5111 21.4300 78.7739 0.0000 0.3399
0.0170 0.4038 19.8012 3.2602 18.4287 0.0219 99.9731 1469565 0.9595 1.2046 1386.5305 21.4400 79.2836 0.0000 0.3399
0.0170 0.4681 22.9514 3.2637 18.4287 0.0254 99.9688 1469615 0.9595 1.2046 1386.5474 21.4600 78.2648 0.0000 0.3399
0.0170 0.4038 19.8026 3.2619 18.4300 0.0219 99.9731 1469666 0.9595 1.2046 1386.5699 21.4600 76.7401 0.0000 0.3399
0.0170 0.4589 22.5014 3.2632 18.4287 0.0249 99.9694 1469717 0.9595 1.2047 1386.5900 21.4300 79.2836 0.0000 0.3399
0.0170 0.3946 19.3512 3.2597 18.4287 0.0214 99.9737 1469767 0.9595 1.2047 1386.6072 21.4400 82.3514 0.0000 0.3399
0.0180 0.4680 21.6749 3.2621 18.4275 0.0254 99.9705 1469817 0.9595 1.2047 1386.6279 21.4300 78.7739 0.0000 0.3399
0.0160 0.4038 21.0403 3.2619 18.4300 0.0219 99.9714 1469867 0.9595 1.2047 1386.6459 21.4600 83.3779 0.0000 0.3399
0.0170 0.2845 13.9528 3.2571 18.4312 0.0154 99.9810 1469918 0.9595 1.2047 1386.6687 21.4700 79.2836 0.0000 0.3399
0.0160 0.4130 21.5170 3.2607 18.4287 0.0224 99.9707 1469969 0.9595 1.2048 1386.6898 21.4300 78.2648 0.0000 0.3399
0.0150 0.2845 15.8121 3.2554 18.4300 0.0154 99.9785 1470019 0.9595 1.2048 1386.7058 21.4600 78.2648 0.0000 0.3399
0.0160 0.4589 23.9078 3.2632 18.4287 0.0249 99.9675 1470070 0.9595 1.2048 1386.7306 21.4400 78.7739 0.0000 0.3399
0.0160 0.3303 17.2112 3.2529 18.4263 0.0179 99.9766 1470121 0.9595 1.2048 1386.7498 21.4400 78.7739 0.0000 0.3399
0.0160 0.3120 16.2562 3.2536 18.4275 0.0169 99.9779 1470171 0.9595 1.2048 1386.7664 21.4400 78.2648 0.0000 0.3399
