5585.22
9395.50
16139.75
16354.96
16517.30
16667.05
16807.51
16937.82
17062.08
17183.99
33143.23
33152.53
33161.90
33171.28
33180.71
33190.18
33199.64
33209.09
33218.41
33227.71
33237.11
33246.46
33256.02
33265.53
33275.00
33284.45
33293.82
33303.15
33312.59
33322.06
33331.55
33341.09
33350.62
33360.12
33369.55
33378.86
33388.38
33397.85
33407.44
33416.93
33426.52
33435.99
33445.48
33454.91
33464.43
33473.95
33483.52
33493.12
33502.71
33512.25
33521.71
33531.20
33540.74
33550.22
33559.92
33569.49
33579.14
33588.78
33598.26
33607.72
33617.29
33626.90
33636.53
33646.21
33655.89
33665.50
33675.04
33684.55
33694.14
33703.77
33713.50
33723.17
33732.86
33742.48
33752.10
33761.64
33771.28
33780.97
33790.70
33800.40
33810.11
33819.81
33829.45
33839.06
33848.69
33858.45
33868.21
33877.89
33887.70
33897.45
33907.10
33916.70
33926.37
33936.07
33945.94
33955.74
33965.46
33975.30
33985.00
33994.63
34004.41
34014.14
34024.02
34033.82
34043.64
34053.47
34063.16
34072.85
34082.66
34092.43
34102.35
34112.23
34122.13
34131.90
34141.69
34151.41
34161.22
34171.03
34180.99
34190.90
34200.81
34210.60
34220.48
34230.21
34240.10
34249.93
34259.89
34269.86
34279.80
34289.66
34299.49
34309.33
34319.18
34329.11
34339.10
34349.09
34359.04
34368.93
34378.82
34388.69
34398.63
34408.57
34418.54
34428.61
34438.64
34448.59
34458.51
34468.37
34478.31
34488.28
34498.37
34508.37
34518.49
34528.43
34538.37
34548.35
34558.38
34568.32
34578.44
34588.52
34598.63
34608.72
34618.65
34628.63
34638.65
34648.62
34658.77
34668.97
34679.08
34689.17
34699.21
34709.20
34719.27
34729.34
34739.55
34749.67
34759.80
34770.01
34780.05
34790.07
34800.21
34810.27
34820.52
34830.73
34840.91
34851.09
34861.11
34871.27
34881.44
34891.55
34901.79
34912.04
34922.28
34932.45
34942.61
34952.73
34962.87
34973.12
34983.39
34993.62
35003.95
35014.18
35024.30
35034.45
35044.68
35054.91
35065.26
35075.56
35085.87
35096.13
35106.32
35116.51
35126.78
35137.13
35147.37
35157.77
35168.18
35178.46
35188.70
35198.94
35209.27
35219.50
35229.88
35240.33
35250.77
35261.09
35271.31
35281.62
35291.97
35302.28
35312.75
35323.14
35333.62
35344.02
35354.30
35364.63
35375.01
35385.39
35395.87
35406.33
35416.76
35427.13
35437.61
35447.93
35458.37
35468.76
35479.29
35489.77
35500.34
35510.83
35521.15
35531.54
35542.01
35552.45
35563.04
35573.57
35584.18
35594.63
35605.08
35615.48
35626.00
35636.51
35647.09
35657.65
35668.28
35678.84
35689.27
35699.70
35710.28
35720.79
35731.41
35742.07
35752.76
35763.27
35773.82
35784.29
35794.83
35805.30
35816.07
35826.73
35837.46
35848.12
35858.65
35869.19
35879.75
35890.39
35901.11
35911.77
35922.57
35933.20
35943.75
35954.37
35965.02
35975.65
35986.46
35997.18
36007.90
36018.67
36029.27
36039.92
36050.61
36061.30
36072.06
36082.86
36093.71
36104.43
36115.02
36125.71
36136.50
36147.25
36158.07
36168.90
36179.72
36190.52
36201.23
36211.93
36222.67
36233.46
36244.41
36255.23
36266.12
36276.96
36287.66
36298.40
36309.18
36320.03
36330.97
36341.83
36352.81
36363.66
36374.36
36385.24
36396.04
36406.94
36417.94
36428.85
36439.82
36450.75
36461.50
36472.43
36483.30
36494.14
36505.18
36516.16
36527.14
36538.14
36549.02
36559.86
36570.74
36581.70
36592.77
36603.75
36614.83
36625.84
36636.77
36647.66
36658.66
36669.65
36680.71
36691.79
36702.89
36714.00
36724.89
36735.81
36746.86
36757.87
36768.95
36780.13
36791.27
36802.27
36813.35
36824.29
36835.37
36846.50
36857.63
36868.75
36879.93
36891.07
36902.13
36913.12
36924.23
36935.30
36946.62
36957.79
36969.06
36980.19
36991.20
37002.30
37013.45
37024.53
37035.90
37047.13
37058.38
37069.55
37080.66
37091.76
37103.02
37114.20
37125.46
37136.79
37148.15
37159.39
37170.45
37181.71
37192.89
37204.14
37215.48
37226.80
37238.17
37249.52
37260.66
37271.83
37283.17
37294.45
37305.82
37317.27
37328.59
37339.93
37351.25
37362.44
37373.69
37385.13
37396.48
37407.96
37419.35
37430.77
37442.09
37453.36
37464.65
37476.11
37487.59
37499.05
37510.47
37522.01
37533.31
37544.66
37556.06
37567.38
37579.00
37590.50
37602.02
37613.45
37624.89
37636.21
37647.66
37659.16
37670.67
37682.27
37693.88
37705.39
37716.78
37728.18
37739.69
37751.18
37762.84
37774.38
37786.01
37797.56
37809.07
37820.54
37832.07
37843.67
37855.27
37866.97
37878.66
37890.25
37901.70
37913.21
37924.84
37936.45
37948.18
37959.82
37971.57
37983.24
37994.82
38006.23
38017.90
38029.60
38041.39
38053.11
38064.80
38076.52
38088.17
38099.75
38111.43
38123.14
38134.93
38146.77
38158.56
38170.29
38181.90
38193.54
38205.27
38216.96
38228.89
38240.71
38252.49
38264.36
38275.95
38287.72
38299.46
38311.31
38323.14
38335.03
38346.93
38358.78
38370.53
38382.26
38394.11
38405.84
38417.78
38429.77
38441.72
38453.60
38465.36
38477.18
38489.06
38500.87
38512.91
38524.87
38536.89
38548.79
38560.50
38572.36
38584.42
38596.29
38608.34
38620.25
38632.43
38644.40
38656.23
38668.13
38680.10
38692.06
38704.18
38716.14
38728.29
38740.31
38752.27
38764.17
38776.18
38788.22
38800.34
38812.47
38824.62
38836.69
38848.68
38860.64
38872.64
38884.70
38896.86
38909.02
38921.20
38933.38
38945.34
38957.27
38969.47
38981.62
38993.88
39006.09
39018.29
39030.44
39042.53
39054.65
39066.76
39078.95
39091.21
39103.43
39115.76
39127.96
39140.10
39152.14
39164.41
39176.52
39188.89
39201.25
39213.57
39225.84
39238.07
39250.15
39262.43
39274.71
39287.11
39299.41
39311.88
39324.21
39336.37
39348.55
39360.83
39373.16
39385.63
39398.02
39410.45
39422.85
39435.07
39447.35
39459.70
39472.07
39484.50
39497.01
39509.52
39521.89
39534.15
39546.49
39558.89
39571.33
39583.77
39596.35
39608.85
39621.38
39633.72
39646.09
39658.57
39671.02
39683.59
39696.12
39708.78
39721.27
39733.65
39746.05
39758.60
39771.09
39783.63
39796.36
39808.97
39821.54
39833.98
39846.43
39859.01
39871.57
39884.32
39896.91
39909.66
39922.22
39934.67
39947.29
39959.87
39972.47
39985.21
39997.94
40010.69
40023.38
40035.90
40048.52
40061.15
40073.80
40086.61
40099.30
40112.14
40124.84
40137.50
40150.08
40162.76
40175.49
40188.28
40201.15
40214.02
40226.73
40239.39
40252.13
40264.89
40277.62
40290.54
40303.35
40316.34
40329.09
40341.81
40354.62
40367.45
40380.22
40393.20
40406.12
40418.99
40431.89
40444.73
40457.48
40470.36
40483.16
40496.16
40509.27
40522.24
40535.10
40547.97
40560.86
40573.78
40586.55
40599.77
40612.73
40625.76
40638.79
40651.65
40664.57
40677.55
40690.51
40703.62
40716.66
40729.73
40742.84
40755.79
40768.66
40781.77
40794.84
40807.90
40821.03
40834.27
40847.30
40860.33
40873.33
40886.38
40899.45
40912.69
40925.93
40939.13
40952.29
40965.35
40978.40
40991.50
41004.61
41017.91
41031.15
41044.44
41057.69
41070.66
41083.82
41097.05
41110.17
41123.49
41136.86
41150.19
41163.47
41176.66
41189.72
41203.06
41216.25
41229.69
41243.02
41256.41
41269.77
41282.92
41296.19
41309.45
41322.82
41336.24
41349.65
41363.03
41376.46
41389.71
41403.03
41416.37
41429.73
41443.13
41456.64
41470.24
41483.63
41496.93
41510.23
41523.66
41537.10
41550.61
41564.21
41577.79
41591.20
41604.63
41617.91
41631.47
41644.93
41658.58
41672.13
41685.78
41699.34
41712.68
41726.21
41739.73
41753.23
41766.93
41780.59
41794.33
41807.82
41821.40
41834.93
41848.45
41862.09
41875.78
41889.50
41903.27
41916.87
41930.50
41943.97
41957.64
41971.32
41985.08
41998.88
42012.68
42026.38
42040.01
42053.56
42067.34
42080.98
42094.86
42108.69
42122.54
42136.30
42150.00
42163.61
42177.44
42191.22
42205.10
42218.94
42232.88
42246.74
42260.43
42274.19
42288.04
42301.86
42315.86
42329.76
42343.81
42357.63
42371.41
42385.18
42399.12
42412.98
42427.12
42441.07
42455.10
42469.02
42482.89
42496.85
42510.73
42524.71
42538.76
42552.77
42566.95
42580.91
42594.85
42608.77
42622.80
42636.82
42650.92
42664.96
42679.24
42693.31
42707.28
42721.30
42735.30
42749.41
42763.66
42777.79
42791.96
42806.17
42820.19
42834.28
42848.36
42862.48
42876.79
42891.01
42905.31
42919.53
42933.59
42947.68
42961.86
42976.05
42990.46
43004.79
43019.11
43033.32
43047.50
43061.63
43075.89
43090.21
43104.59
43119.01
43133.43
43147.68
43161.96
43176.09
43190.47
43204.76
43219.28
43233.76
43248.21
43262.63
43276.89
43291.15
43305.47
43319.97
43334.48
43349.05
43363.55
43377.97
43392.33
43406.68
43421.07
43435.48
43450.20
43464.70
43479.34
43493.80
43508.22
43522.64
43537.14
43551.73
43566.32
43580.98
43595.70
43610.21
43624.78
43639.22
43653.75
43668.30
43683.13
43697.77
43712.57
43727.14
43741.81
43756.30
43770.91
43785.54
43800.38
43815.14
43829.91
43844.63
43859.28
43873.87
43888.54
43903.23
43918.07
43932.99
43947.77
43962.59
43977.23
43991.86
44006.75
44021.41
44036.40
44051.30
44066.24
44081.09
44095.80
44110.52
44125.32
44140.26
44155.21
44170.16
44185.17
44200.09
44214.88
44229.66
44244.57
44259.52
44274.54
44289.62
44304.63
44319.72
44334.59
44349.40
44364.45
44379.37
44394.47
44409.64
44424.77
44439.82
44454.80
44469.62
44484.69
44499.80
44515.04
44530.18
44545.36
44560.52
44575.50
44590.43
44605.50
44620.66
44635.93
44651.19
44666.41
44681.65
44696.70
44711.69
44726.98
44742.12
44757.51
44772.76
44788.06
44803.45
44818.55
44833.70
44848.91
44864.24
44879.53
44894.94
44910.45
44925.77
44940.91
44956.16
44971.46
44986.84
45002.36
45017.71
45033.22
45048.68
45063.90
45079.18
45094.54
45109.95
45125.54
45141.07
45156.63
45172.09
45187.43
45202.73
45218.23
45233.66
45249.34
45264.89
45280.59
45296.11
45311.54
45326.93
45342.39
45357.94
45373.66
45389.35
45405.10
45420.61
45436.10
45451.63
45467.11
45482.88
45498.59
45514.38
45530.05
45545.71
45561.38
45576.86
45592.60
45608.23
45624.15
45639.98
45655.83
45671.59
45687.22
45702.86
45718.51
45734.37
45750.29
45766.06
45782.10
45797.88
45813.63
45829.28
45845.07
45861.00
45877.02
45892.95
45908.91
45924.89
45940.64
45956.45
45972.29
45988.18
46004.30
46020.34
46036.43
46052.41
46068.23
46084.01
46100.09
46116.02
46132.16
46148.30
46164.47
46180.53
46196.44
46212.41
46228.45
46244.48
46260.76
46276.99
46293.07
46309.31
46325.31
46341.35
46357.49
46373.60
46389.83
46406.07
46422.44
46438.67
46454.79
46470.85
46487.02
46503.16
46519.66
46536.05
46552.35
46568.68
46584.71
46600.96
46617.23
46633.54
46649.88
46666.41
46682.91
46699.30
46715.51
46731.76
46748.05
46764.45
46780.96
46797.52
46814.01
46830.51
46846.79
46863.13
46879.50
46896.03
46912.64
46929.21
46945.83
46962.46
46978.77
46995.21
47011.59
47028.27
47044.94
47061.59
47078.23
47094.86
47111.40
47127.81
47144.43
47161.07
47177.82
47194.61
47211.37
47228.02
47244.48
47261.10
47277.78
47294.59
47311.39
47328.17
47344.98
47361.77
47378.40
47395.13
47411.92
47428.66
47445.55
47462.39
47479.38
47496.30
47513.05
47529.77
47546.56
47563.46
47580.44
47597.39
47614.48
47631.39
47648.27
47664.94
47681.94
47698.85
47715.95
47733.02
47750.15
47767.04
47784.07
47800.91
47817.89
47834.90
47852.14
47869.26
47886.50
47903.57
47920.54
47937.49
47954.56
47971.68
47988.98
48006.26
48023.50
48040.71
48057.67
48074.82
48091.91
48109.09
48126.46
48143.81
48161.13
48178.45
48195.67
48212.81
48229.98
48247.24
48264.73
48282.22
48299.61
48316.91
48334.18
48351.32
48368.84
48386.13
48403.63
48421.15
48438.61
48456.14
48473.46
48490.77
48508.12
48525.57
48543.21
48560.70
48578.48
48595.95
48613.20
48630.73
48648.20
48665.73
48683.53
48701.21
48718.98
48736.48
48753.98
48771.43
48789.13
48806.61
48824.58
48842.31
48860.10
48877.86
48895.38
48912.91
48930.61
48948.39
48966.27
48984.17
49001.98
49019.80
49037.54
49055.21
49072.97
49090.75
49108.75
49126.67
49144.74
49162.56
49180.24
49197.99
49215.86
49233.82
49251.87
49269.89
49287.99
49305.95
49323.85
49341.62
49359.64
49377.61
49395.79
49413.96
49432.09
49449.99
49468.16
49486.13
49504.15
49522.27
49540.60
49558.79
49576.86
49595.14
49613.17
49631.25
49649.39
49667.54
49685.85
49704.24
49722.63
49740.84
49759.05
49777.15
49795.46
49813.64
49832.07
49850.44
49868.95
49887.38
49905.50
49923.82
49942.21
49960.55
49979.07
49997.59
50016.14
50034.64
50052.86
50071.30
50089.69
50108.16
50126.80
50145.49
50164.13
50182.69
50201.02
50219.52
50238.07
50256.68
50275.36
50294.05
50312.89
50331.50
50350.02
50368.54
50387.20
50405.85
50424.64
50443.43
50462.32
50481.14
50499.67
50518.35
50537.09
50555.82
50574.69
50593.68
50612.70
50631.49
50650.21
50668.90
50687.77
50706.66
50725.73
50744.74
50763.78
50782.77
50801.56
50820.36
50839.41
50858.27
50877.52
50896.63
50915.81
50934.91
50953.78
50972.68
50991.72
51010.81
51030.06
51049.19
51068.55
51087.72
51106.69
51125.78
51144.88
51164.09
51183.50
51202.81
51222.23
51241.44
51260.62
51279.63
51298.88
51318.30
51337.72
51357.20
51376.64
51396.00
51415.32
51434.57
51453.81
51473.30
51492.85
51512.35
51531.98
51551.48
51570.76
51590.14
51609.57
51629.02
51648.84
51668.50
51688.13
51707.77
51727.14
51746.68
51766.24
51785.84
51805.57
51825.41
51845.19
51864.89
51884.46
51904.01
51923.64
51943.42
51963.34
51983.31
52003.11
52023.08
52042.67
52062.44
52082.20
52102.05
52121.99
52142.04
52162.05
52181.97
52201.83
52221.59
52241.42
52261.47
52281.50
52301.75
52321.87
52341.88
52361.70
52381.55
52401.65
52421.67
52441.95
52462.18
52482.34
52502.61
52522.62
52542.59
52562.85
52582.91
52603.38
52623.70
52644.02
52664.37
52684.42
52704.51
52724.82
52745.13
52765.66
52786.11
52806.63
52826.98
52847.16
52867.49
52887.87
52908.30
52928.83
52949.41
52970.11
52990.57
53010.96
53031.30
53051.83
53072.27
53093.03
53113.73
53134.50
53155.07
53175.47
53196.07
53216.72
53237.27
53258.14
53278.99
53299.84
53320.59
53341.16
53361.78
53382.57
53403.34
53424.29
53445.25
53466.29
53487.11
53507.75
53528.57
53549.32
53570.29
53591.32
53612.44
53633.47
53654.45
53675.35
53696.24
53717.18
53738.24
53759.34
53780.69
53801.93
53823.00
53843.84
53864.85
53885.96
53906.98
53928.50
53949.88
53971.15
53992.52
54013.54
54034.70
54055.85
54077.13
54098.59
54120.02
54141.57
54162.98
54184.18
54205.30
54226.73
54248.22
54269.71
54291.29
54312.92
54334.46
54355.70
54377.17
54398.63
54420.07
54441.81
54463.57
54485.26
54506.89
54528.39
54549.93
54571.52
54593.11
54615.05
54636.85
54658.82
54680.59
54702.14
54723.73
54745.41
54767.27
54789.29
54811.29
54833.23
54855.20
54876.86
54898.52
54920.56
54942.40
54964.55
54986.66
55008.71
55030.87
55052.71
55074.59
55096.65
55118.63
55141.00
55163.21
55185.50
55207.61
55229.75
55251.66
55273.88
55296.04
55318.45
55340.82
55363.21
55385.57
55407.66
55429.88
55452.10
55474.39
55497.10
55519.63
55542.20
55564.59
55586.86
55609.07
55631.57
55653.99
55676.80
55699.43
55722.18
55744.79
55767.22
55789.54
55812.24
55834.85
55857.61
55880.37
55903.34
55926.07
55948.67
55971.15
55993.92
56016.64
56039.68
56062.59
56085.70
56108.50
56131.18
56153.91
56176.75
56199.66
56222.77
56245.91
56269.06
56292.11
56314.98
56337.76
56360.85
56383.75
56407.09
56430.36
56453.68
56476.79
56499.97
56522.84
56546.05
56569.26
56592.77
56616.06
56639.61
56662.80
56685.96
56709.27
56732.52
56755.65
56779.45
56803.09
56826.68
56850.03
56873.40
56896.65
56920.19
56943.64
56967.38
56991.09
57014.83
57038.50
57062.02
57085.43
57108.95
57132.73
57156.75
57180.51
57204.55
57228.19
57251.83
57275.45
57299.38
57323.14
57347.09
57371.18
57395.38
57419.29
57443.13
57466.74
57490.68
57514.70
57538.95
57563.16
57587.44
57611.50
57635.42
57659.39
57683.46
57707.65
57731.98
57756.38
57780.86
57805.12
57829.05
57853.30
57877.64
57901.79
57926.41
57950.85
57975.60
57999.97
58024.25
58048.45
58072.91
58097.38
58122.07
58146.72
58171.49
58196.09
58220.38
58244.92
58269.46
58294.23
58319.18
58343.87
58368.95
58393.61
58418.34
58442.72
58467.76
58492.38
58517.59
58542.50
58567.47
58592.65
58617.39
58642.14
58666.93
58692.18
58717.21
58742.54
58767.57
58792.96
58817.83
58842.83
58867.99
58892.94
58918.45
58943.91
58969.37
58994.57
59019.83
59044.80
59070.21
59095.43
59121.11
59146.71
59172.50
59197.87
59223.16
59248.53
59273.89
59299.46
59325.15
59350.95
59376.86
59402.41
59427.89
59453.48
59479.07
59504.75
59530.63
59556.72
59582.70
59608.38
59634.16
59659.78
59685.77
59711.51
59737.81
59763.91
59790.15
59816.06
59841.97
59867.88
59893.89
59920.09
59946.37
59972.64
59999.07
60025.21
60051.28
60077.27
60103.55
60129.77
60156.33
60182.88
60209.43
60235.78
60262.11
60288.32
60314.71
60341.22
60367.96
60394.70
60421.41
60448.05
60474.45
60500.83
60527.65
60554.16
60581.13
60608.00
60635.00
60661.82
60688.39
60715.10
60741.87
60768.79
60795.95
60822.95
60850.23
60877.15
60904.01
60930.73
60957.58
60984.98
61012.28
61039.70
61067.07
61094.19
61121.30
61148.34
61175.37
61202.71
61230.21
61257.83
61285.37
61312.85
61340.06
61367.21
61394.79
61422.28
61449.96
61477.67
61505.47
61533.18
61560.50
61588.10
61615.59
61643.36
61671.40
61699.24
61727.47
61755.28
61782.77
61810.60
61838.40
61866.36
61894.44
61922.67
61950.93
61979.03
62006.84
62034.73
62062.85
62090.91
62119.43
62147.60
62176.15
62204.31
62232.61
62260.61
62289.13
62317.46
62346.00
62374.68
62403.19
62431.82
62460.16
62488.49
62516.96
62545.50
62574.45
62603.03
62632.16
62660.85
62689.34
62717.83
62746.83
62775.45
62804.73
62833.71
62862.79
62891.88
62920.75
62949.47
62978.50
63007.55
63036.82
63066.14
63095.57
63124.78
63153.72
63182.88
63211.94
63241.29
63270.91
63300.46
63330.05
63359.47
63388.76
63418.00
63447.44
63476.79
63506.74
63536.67
63566.50
63596.23
63625.80
63655.28
63685.03
63714.79
63744.84
63774.86
63805.10
63835.00
63864.79
63894.50
63924.30
63954.40
63984.78
64015.18
64045.56
64075.87
64105.67
64135.93
64165.98
64196.23
64226.95
64257.43
64288.11
64318.58
64348.80
64379.10
64409.70
64440.26
64471.01
64501.86
64532.86
64563.51
64594.10
64624.67
64655.36
64686.24
64717.30
64748.52
64779.62
64810.77
64841.43
64872.32
64903.29
64934.48
64965.85
64997.23
65028.66
65060.14
65091.28
65122.14
65153.50
65184.97
65216.60
65248.24
65279.78
65311.57
65342.72
65374.31
65405.94
65437.55
65469.57
65501.55
65533.53
65565.45
65597.00
65628.73
65660.59
65692.62
65724.88
65757.17
65789.24
65821.52
65853.55
65885.30
65917.47
65949.67
65982.28
66014.94
66047.63
66079.87
66112.22
66144.44
66177.04
66209.53
66242.25
66275.21
66308.13
66340.79
66373.54
66405.98
66438.73
66471.44
66504.52
66537.86
66571.09
66604.16
66636.98
66669.79
66702.91
66736.09
66769.63
66803.22
66836.81
66869.94
66903.16
66936.38
66969.77
67003.32
67037.04
67070.84
67104.80
67138.36
67171.70
67205.22
67238.99
67272.79
67306.99
67341.12
67375.26
67409.34
67443.03
67477.02
67511.06
67545.06
67579.66
67614.06
67648.59
67683.07
67717.02
67751.23
67785.42
67820.10
67854.96
67889.59
67924.59
67959.22
67993.87
68028.40
68063.19
68097.95
68133.20
68168.06
68203.52
68238.59
68273.45
68308.36
68343.36
68378.49
68414.02
68449.46
68485.15
68520.61
68555.77
68590.88
68626.48
68662.09
68697.94
68733.75
68769.73
68805.57
68841.18
68876.73
68912.71
68948.49
68984.71
69020.99
69057.27
69093.54
69129.37
69165.36
69201.55
69237.95
69274.40
69311.26
69348.01
69384.52
69420.92
69457.20
69493.87
69530.55
69567.74
69604.52
69641.70
69678.70
69715.18
69752.07
69789.22
69826.07
69863.46
69901.10
69938.71
69976.20
70013.10
70050.20
70087.65
70125.20
70163.06
70200.86
70238.91
70276.63
70314.26
70351.63
70389.47
70427.23
70465.80
70504.06
70542.22
70580.65
70618.58
70656.59
70694.78
70733.32
70771.77
70810.64
70849.44
70888.24
70926.53
70964.83
71003.60
71042.40
71081.64
71120.67
71159.84
71199.02
71238.01
71276.85
71316.03
71355.18
71394.81
71434.41
71474.26
71513.77
71553.07
71592.18
71631.89
71671.63
71711.79
71751.88
71792.23
71832.15
71871.95
71911.38
71951.74
71991.88
72032.62
72073.28
72114.08
72154.43
72194.61
72234.78
72275.48
72316.08
72357.29
72398.23
72439.53
72480.58
72521.44
72562.01
72603.17
72644.12
72685.95
72727.48
72769.25
72810.59
72851.63
72893.11
72934.79
72976.45
73018.51
73060.73
73103.03
73144.95
73186.91
73228.67
73270.69
73312.97
73355.67
73398.28
73441.02
73483.69
73525.97
73568.24
73611.12
73653.77
73697.06
73740.06
73783.59
73826.67
73869.43
73912.70
73955.85
73999.20
74043.07
74086.77
74130.41
74174.34
74217.77
74261.14
74305.02
74348.79
74393.41
74437.75
74482.23
74526.70
74570.49
74614.71
74658.88
74703.30
74748.39
74793.59
74838.55
74883.53
74928.20
74972.93
75017.94
75062.93
75108.80
75154.40
75200.11
75245.77
75290.96
75336.13
75381.88
75427.38
75473.76
75520.09
75566.57
75612.91
75658.58
75704.77
75751.13
75797.49
75844.12
75891.30
75938.38
75985.47
76031.92
76078.48
76125.48
76172.71
76220.26
76267.88
76315.25
76363.10
76410.70
76457.92
76505.68
76553.44
76602.06
76650.27
76698.55
76747.07
76794.67
76842.98
76891.66
76940.08
76989.30
77038.47
77087.70
77136.76
77185.49
77234.23
77283.11
77332.59
77382.51
77432.61
77482.46
77532.34
77581.69
77631.48
77681.38
77731.55
77782.27
77832.92
77883.65
77934.44
77984.23
78035.09
78085.59
78136.70
78188.30
78239.57
78291.38
78342.94
78394.09
78445.24
78496.80
78548.70
78601.00
78653.44
78705.95
78758.43
78810.40
78862.41
78915.20
78967.66
79020.91
79074.49
79127.63
79180.88
79233.95
79286.91
79340.07
79393.60
79448.11
79502.13
79556.70
79610.96
79664.59
79718.73
79773.23
79827.66
79882.55
79937.51
79993.24
80048.56
80103.41
80158.09
80213.63
80269.20
80325.62
80381.68
80438.12
80494.29
80550.00
80606.03
80662.43
80718.95
80776.32
80833.67
80891.24
80948.26
81005.24
81062.30
81119.94
81177.44
81235.91
81294.37
81352.83
81411.28
81469.53
81527.63
81585.94
81644.79
81704.63
81763.97
81823.85
81883.38
81942.45
82001.81
82061.75
82121.98
82182.73
82243.61
82304.77
82365.47
82425.70
82486.59
82547.27
82608.96
82670.98
82732.92
82795.48
82856.91
82919.31
82981.09
83043.63
83106.05
83169.22
83232.91
83296.37
83359.92
83423.05
83486.24
83550.00
83614.33
83678.94
83743.73
83808.81
83873.68
83938.21
84003.09
84068.46
84133.66
84200.21
84266.38
84333.14
84399.23
84465.69
84531.40
84598.64
84665.69
84733.97
84801.51
84870.12
84938.29
85005.57
85073.64
85141.89
85210.49
85280.30
85349.85
85419.99
85489.55
85558.98
85628.70
85698.80
85769.15
85840.56
85911.94
85983.92
86055.63
86126.66
86198.26
86270.33
86342.75
86415.49
86489.35
86562.74
86636.70
86709.36
86783.21
86857.18
86931.26
87006.94
87082.03
87157.97
87233.84
87308.97
87384.56
87460.97
87537.40
87614.77
87692.32
87770.37
87848.29
87925.88
88003.48
88082.10
88160.63
88240.43
88320.59
88400.94
88481.12
88561.48
88641.56
88722.47
88803.48
88886.02
88968.62
89051.74
89134.51
89217.26
89300.27
89383.82
89467.82
89553.14
89638.06
89724.22
89809.80
89895.69
89981.08
90067.79
90154.41
90243.09
90331.19
90420.63
90509.02
90597.42
90686.41
90776.20
90866.38
90957.91
91049.30
91142.34
91234.43
91326.30
91418.27
91511.68
91605.17
91700.38
91795.87
91892.32
91988.14
92083.69
92179.91
92277.19
92374.59
92474.44
92573.63
92674.07
92774.12
92874.07
92974.45
93076.27
93178.05
93281.85
93386.02
93491.17
93595.98
93700.87
93806.10
93912.06
94019.59
94128.68
94237.76
94348.15
94458.23
94568.09
94677.92
94790.66
94903.52
95017.63
95133.57
95249.68
95365.27
95481.66
95599.09
95717.38
95836.73
95958.25
96079.98
96203.38
96327.29
96450.61
96574.63
96700.93
96827.88
96956.97
97087.21
97218.30
97351.03
97482.82
97615.30
97750.90
97886.67
98025.59
98165.80
98307.14
98449.05
98590.95
98735.03
98881.31
99028.53
99178.73
99330.26
99484.52
99639.42
99794.58
99951.34
100111.93
100273.42
100438.87
100605.67
100776.46
100947.62
101119.63
101294.80
101473.27
101654.10
101840.05
102028.34
102221.05
102414.46
102611.56
102811.52
103016.25
103225.86
103441.03
103660.22
103885.61
104115.02
104348.49
104586.25
104835.01
105087.41
105354.97
105627.48
105911.27
106206.17
106509.62
106827.68
107163.81
107516.96
107899.89
108308.22
108757.45
109255.86
109827.76
110523.49
111507.64
