880.34
1092.11
1291.32
1476.08
1644.07
1803.45
1945.68
2083.56
2216.11
2346.07
3261.16
3360.09
3457.49
3549.63
3639.82
3724.53
3806.87
3887.30
3964.75
4039.10
4114.90
4187.85
4259.89
4329.47
4398.37
4465.22
4531.29
4595.67
4660.65
4724.27
4787.99
4851.08
4914.22
4977.15
5039.70
5101.71
5163.80
5225.45
5286.22
5347.25
5407.20
5466.54
5526.20
5584.88
5643.90
5702.73
5761.52
5819.35
5876.64
5933.46
5989.10
6044.20
6098.29
6152.14
6204.86
6257.40
6309.44
6360.70
6411.60
6462.10
6512.08
6562.19
6611.79
6661.18
6710.46
6759.30
6807.61
6855.77
6903.80
6951.29
6999.06
7046.26
7093.69
7140.98
7187.60
7234.21
7280.85
7326.82
7372.96
7418.64
7464.61
7510.42
7555.83
7601.10
7646.46
7692.02
7737.47
7782.48
7827.82
7873.14
7918.20
7963.23
8008.12
8053.09
8098.29
8142.69
8187.64
8232.18
8276.33
8320.48
8364.78
8408.46
8452.68
8496.37
8540.61
8584.48
8628.34
8671.66
8715.24
8758.94
8802.60
8845.67
8889.06
8932.44
8975.34
9017.85
9060.82
9103.20
9145.63
9187.98
9229.90
9272.07
9313.85
9355.30
9396.88
9438.44
9479.66
9520.77
9562.08
9603.11
9644.04
9684.74
9725.55
9766.21
9807.04
9847.39
9888.17
9928.52
9968.97
10008.92
10049.19
10089.03
10128.84
10168.54
10208.38
10248.03
10287.58
10326.95
10366.58
10405.98
10445.92
10485.40
10524.96
10564.51
10604.16
10643.39
10682.72
10721.82
10760.79
10799.68
10838.43
10877.07
10915.63
10953.96
10992.50
11030.75
11068.95
11107.01
11144.85
11182.76
11220.34
11257.63
11295.07
11332.36
11369.49
11406.47
11443.55
11480.27
11516.96
11553.38
11590.02
11626.29
11662.83
11699.17
11735.61
11771.84
11807.96
11843.55
11879.74
11915.59
11951.41
11987.08
12022.96
12058.88
12094.36
12129.90
12165.29
12200.47
12235.73
12270.57
12305.95
12340.90
12375.63
12410.42
12445.29
12479.59
12514.20
12548.58
12583.13
12617.49
12651.65
12685.73
12719.75
12753.63
12787.89
12821.82
12855.80
12889.67
12923.18
12956.77
12990.34
13023.63
13056.93
13089.89
13122.97
13155.78
13188.75
13221.15
13254.19
13286.77
13319.17
13351.86
13384.51
13417.04
13449.48
13481.57
13513.85
13545.78
13577.93
13609.75
13641.80
13673.52
13704.91
13736.46
13767.92
13799.20
13830.52
13861.49
13892.66
13923.71
13954.28
13985.06
14015.72
14046.37
14076.82
14107.17
14137.68
14168.27
14198.70
14228.97
14259.33
14289.59
14319.88
14349.65
14380.03
14410.20
14440.09
14469.95
14499.89
14529.74
14559.70
14589.42
14619.30
14649.25
14678.85
14708.48
14738.30
14767.93
14797.63
14827.11
14856.77
14886.46
14915.91
14945.24
14974.69
15003.96
15033.28
15062.50
15091.58
15120.97
15150.05
15178.76
15207.79
15236.42
15265.15
15293.99
15322.61
15351.21
15379.56
15407.81
15436.31
15464.25
15492.63
15520.69
15548.82
15576.84
15604.85
15632.49
15660.44
15688.15
15715.88
15743.33
15770.75
15798.34
15825.60
15852.79
15879.98
15906.99
15933.99
15960.95
15987.89
16014.70
16041.52
16068.02
16094.58
16121.21
16147.78
16174.13
16200.71
16227.04
16253.37
16279.66
16305.89
16332.32
16358.56
16384.20
16410.86
16437.08
16463.32
16489.52
16515.61
16541.81
16568.05
16594.10
16620.20
16646.53
16672.69
16698.65
16724.52
16750.45
16776.08
16801.80
16827.39
16852.83
16878.16
16903.19
16928.31
16953.35
16978.33
17003.16
17027.90
17052.55
17076.98
17101.21
17125.57
17149.81
17173.84
17197.98
17221.97
17245.92
17269.86
17293.51
17317.21
17340.79
17364.37
17387.56
17411.05
17434.45
17457.49
17480.58
17503.62
17526.31
17549.00
17571.69
17594.21
17616.62
17639.14
17661.19
17683.37
17705.51
17727.49
17749.28
17771.07
17792.72
17814.37
17835.87
17857.32
17878.66
17899.93
17921.13
17942.35
17963.55
17984.46
18005.28
18026.19
18046.89
18067.62
18088.20
18108.78
18129.18
18149.54
18169.81
18190.02
18210.06
18230.18
18250.12
18270.20
18290.04
18309.80
18329.51
18349.26
18368.80
18388.44
18407.98
18427.54
18446.99
18466.44
18485.77
18505.14
18524.33
18543.65
18562.88
18582.09
18601.09
18620.30
18639.26
18658.18
18677.07
18695.88
18714.73
18733.55
18752.24
18770.88
18789.24
18807.85
18826.19
18844.57
18862.78
18881.33
18899.45
18917.63
18935.68
18953.57
18971.49
18989.40
19007.15
19025.05
19042.87
19060.61
19078.31
19095.92
19113.56
19131.23
19148.68
19166.34
19183.86
19201.44
19218.75
19236.29
19253.57
19271.09
19288.38
19305.74
19323.09
19340.28
19357.42
19374.65
19391.86
19408.95
19426.02
19443.21
19460.23
19477.26
19494.14
19511.11
19528.04
19544.91
19561.75
19578.70
19595.60
19612.36
19629.18
19646.09
19662.81
19679.67
19696.39
19713.20
19730.00
19746.76
19763.43
19780.16
19796.84
19813.52
19830.28
19847.06
19863.71
19880.36
19897.03
19913.68
19930.38
19947.02
19963.80
19980.39
19997.16
20013.79
20030.45
20047.14
20063.75
20080.50
20097.03
20113.77
20130.40
20147.12
20163.72
20180.38
20197.02
20213.71
20230.27
20246.89
20263.58
20280.10
20296.67
20313.20
20329.78
20346.40
20362.88
20379.51
20396.08
20412.72
20429.14
20445.77
20462.27
20478.80
20495.39
20511.93
20528.54
20545.04
20561.55
20578.10
20594.60
20611.23
20627.71
20644.37
20660.99
20677.46
20693.99
20710.60
20727.09
20743.74
20760.27
20776.90
20793.45
20809.98
20826.54
20843.07
20859.62
20876.10
20892.68
20909.27
20925.83
20942.33
20958.83
20975.41
20991.86
21008.46
21024.94
21041.48
21057.96
21074.58
21090.98
21107.57
21124.04
21140.49
21156.99
21173.47
21190.02
21206.52
21222.88
21239.42
21255.86
21272.38
21288.75
21305.34
21321.89
21338.34
21354.88
21371.44
21387.81
21404.47
21420.86
21437.44
21453.91
21470.54
21487.04
21503.55
21520.07
21536.66
21553.21
21569.70
21586.24
21602.69
21619.14
21635.74
21652.22
21668.74
21685.22
21701.79
21718.26
21734.82
21751.25
21767.88
21784.34
21800.88
21817.42
21834.10
21850.68
21867.21
21883.71
21900.26
21916.82
21933.34
21949.99
21966.59
21983.17
21999.72
22016.20
22032.86
22049.36
22066.03
22082.55
22099.17
22115.78
22132.30
22148.81
22165.30
22181.90
22198.43
22214.92
22231.46
22247.97
22264.56
22280.94
22297.57
22313.98
22330.60
22347.07
22363.63
22380.16
22396.63
22413.06
22429.70
22446.13
22462.65
22479.12
22495.81
22512.31
22528.85
22545.32
22562.02
22578.54
22595.12
22611.68
22628.20
22644.90
22661.39
22677.97
22694.49
22711.15
22727.79
22744.38
22760.99
22777.57
22794.27
22810.80
22827.47
22844.09
22860.73
22877.43
22894.06
22910.74
22927.40
22944.04
22960.71
22977.33
22994.03
23010.64
23027.46
23044.16
23060.88
23077.58
23094.29
23110.94
23127.71
23144.34
23161.13
23177.88
23194.62
23211.15
23228.10
23244.66
23261.53
23278.10
23294.89
23311.69
23328.36
23345.05
23361.78
23378.49
23395.23
23411.89
23428.68
23445.40
23462.24
23478.88
23495.58
23512.39
23529.14
23545.86
23562.63
23579.46
23596.14
23612.90
23629.62
23646.31
23663.09
23679.85
23696.71
23713.47
23730.28
23747.01
23763.71
23780.47
23797.28
23813.95
23830.77
23847.55
23864.34
23880.96
23897.71
23914.49
23931.24
23947.91
23964.71
23981.35
23998.02
24014.68
24031.27
24047.91
24064.54
24081.13
24097.66
24114.32
24130.94
24147.35
24163.99
24180.45
24197.08
24213.53
24230.18
24246.81
24263.30
24279.85
24296.40
24312.91
24329.54
24346.04
24362.61
24379.20
24395.76
24412.17
24428.81
24445.30
24461.88
24478.34
24494.99
24511.64
24528.10
24544.62
24561.23
24577.74
24594.39
24610.96
24627.54
24644.17
24660.77
24677.39
24694.04
24710.52
24727.23
24743.90
24760.60
24777.34
24793.97
24810.56
24827.24
24843.91
24860.64
24877.32
24894.02
24910.83
24927.52
24944.19
24960.89
24977.65
24994.34
25011.02
25027.83
25044.76
25061.50
25078.26
25094.98
25111.81
25128.65
25145.38
25162.26
25179.10
25195.95
25212.63
25229.49
25246.29
25263.15
25279.98
25296.89
25313.84
25330.67
25347.47
25364.36
25381.16
25398.05
25414.90
25431.91
25448.82
25465.66
25482.55
25499.41
25516.37
25533.39
25550.26
25567.25
25584.16
25601.13
25617.96
25635.02
25651.94
25668.96
25685.94
25702.95
25719.90
25736.91
25753.88
25770.90
25787.88
25804.95
25821.89
25838.79
25855.97
25872.96
25890.01
25906.96
25923.97
25941.08
25958.01
25975.16
25992.18
26009.20
26026.04
26043.19
26060.08
26077.13
26094.15
26111.21
26128.25
26145.20
26162.22
26179.20
26196.19
26213.19
26230.27
26247.34
26264.38
26281.40
26298.37
26315.40
26332.38
26349.50
26366.48
26383.57
26400.66
26417.74
26434.80
26451.91
26468.94
26486.00
26503.10
26520.22
26537.40
26554.42
26571.48
26588.66
26605.78
26622.89
26640.06
26657.06
26674.40
26691.57
26708.68
26725.89
26743.03
26760.22
26777.43
26794.58
26811.80
26829.04
26846.18
26863.40
26880.62
26897.78
26915.07
26932.30
26949.56
26966.75
26983.84
27001.06
27018.24
27035.46
27052.68
27069.76
27087.04
27104.35
27121.47
27138.76
27155.87
27173.08
27190.28
27207.54
27224.82
27241.95
27259.19
27276.39
27293.53
27310.85
27328.02
27345.20
27362.49
27379.68
27396.87
27414.14
27431.39
27448.62
27465.89
27483.20
27500.54
27517.73
27534.96
27552.31
27569.49
27586.86
27604.22
27621.58
27638.96
27656.23
27673.49
27690.89
27708.25
27725.65
27742.98
27760.41
27777.71
27795.14
27812.41
27829.79
27847.12
27864.54
27881.76
27899.26
27916.63
27933.92
27951.21
27968.65
27985.96
28003.34
28020.73
28038.11
28055.49
28072.91
28090.16
28107.58
28124.93
28142.34
28159.62
28177.09
28194.50
28211.91
28229.35
28246.67
28264.04
28281.50
28298.89
28316.25
28333.74
28351.26
28368.55
28386.00
28403.43
28420.91
28438.29
28455.74
28473.21
28490.59
28507.97
28525.35
28542.77
28560.20
28577.56
28594.88
28612.30
28629.67
28646.92
28664.24
28681.35
28698.61
28715.73
28732.91
28749.95
28766.99
28784.04
28801.20
28818.25
28835.34
28852.32
28869.46
28886.65
28903.75
28920.86
28938.02
28955.14
28972.30
28989.52
29006.70
29023.92
29041.08
29058.29
29075.48
29092.70
29109.84
29127.13
29144.50
29161.66
29179.02
29196.20
29213.45
29230.72
29247.98
29265.32
29282.62
29300.06
29317.33
29334.54
29351.94
29369.28
29386.74
29403.88
29421.46
29438.87
29456.13
29473.63
29491.08
29508.36
29525.86
29543.26
29560.82
29578.32
29595.76
29613.16
29630.66
29648.09
29665.59
29683.16
29700.60
29718.22
29735.77
29753.20
29770.77
29788.32
29805.89
29823.46
29841.12
29858.71
29876.26
29893.71
29911.45
29929.11
29946.68
29964.26
29981.96
29999.60
30017.35
30034.90
30052.67
30070.26
30088.04
30105.60
30123.47
30141.14
30158.84
30176.50
30194.41
30212.11
30229.89
30247.68
30265.52
30283.39
30301.20
30318.87
30336.76
30354.55
30372.33
30390.22
30408.01
30426.00
30443.86
30461.65
30479.60
30497.40
30515.35
30533.18
30551.19
30569.16
30587.09
30604.96
30622.92
30640.85
30658.93
30676.86
30694.90
30712.84
30730.80
30748.86
30766.92
30784.84
30802.91
30820.99
30839.11
30857.25
30875.29
30893.34
30911.44
30929.60
30947.68
30965.78
30983.95
31002.12
31020.30
31038.41
31056.54
31074.68
31092.95
31111.03
31129.35
31147.64
31165.75
31183.94
31202.22
31220.35
31238.68
31256.93
31275.25
31293.53
31311.91
31330.15
31348.45
31366.73
31385.09
31403.36
31421.79
31440.13
31458.60
31476.83
31495.24
31513.62
31532.08
31550.53
31568.94
31587.41
31605.75
31624.20
31642.74
31661.17
31679.66
31698.09
31716.62
31735.22
31753.66
31772.09
31790.64
31809.20
31827.78
31846.29
31864.86
31883.52
31902.07
31920.67
31939.21
31957.83
31976.54
31995.06
32013.76
32032.46
32051.10
32069.70
32088.44
32107.08
32125.82
32144.54
32163.27
32182.08
32200.84
32219.44
32238.22
32256.84
32275.86
32294.59
32313.27
32332.24
32351.01
32369.87
32388.63
32407.47
32426.34
32445.14
32464.17
32482.95
32501.88
32520.74
32539.62
32558.52
32577.43
32596.31
32615.44
32634.34
32653.35
32672.24
32691.25
32710.18
32729.31
32748.19
32767.35
32786.31
32805.42
32824.46
32843.54
32862.64
32881.74
32900.85
32919.88
32939.02
32958.18
32977.22
32996.50
33015.55
33034.65
33053.86
33073.07
33092.41
33111.53
33130.72
33149.87
33169.15
33188.33
33207.63
33226.98
33246.32
33265.45
33284.73
33304.10
33323.46
33342.76
33362.00
33381.44
33400.80
33420.20
33439.49
33458.81
33478.32
33497.74
33517.10
33536.63
33556.07
33575.60
33594.92
33614.42
33633.89
33653.37
33672.86
33692.42
33711.97
33731.39
33750.94
33770.52
33790.04
33809.65
33829.16
33848.82
33868.45
33888.08
33907.68
33927.22
33946.84
33966.60
33986.17
34005.98
34025.64
34045.36
34064.93
34084.74
34104.50
34124.20
34143.84
34163.68
34183.52
34203.36
34223.05
34242.88
34262.70
34282.60
34302.45
34322.29
34342.14
34361.96
34381.70
34401.70
34421.64
34441.52
34461.39
34481.37
34501.40
34521.36
34541.24
34561.20
34581.16
34601.18
34621.05
34641.20
34661.31
34681.27
34701.23
34721.41
34741.43
34761.63
34781.69
34801.82
34822.01
34842.03
34862.17
34882.39
34902.44
34922.63
34942.84
34962.98
34983.27
35003.48
35023.68
35043.98
35064.14
35084.41
35104.62
35124.94
35145.33
35165.66
35185.88
35206.22
35226.43
35246.84
35267.24
35287.61
35308.06
35328.50
35348.82
35369.29
35389.56
35410.15
35430.31
35451.07
35471.64
35492.05
35512.49
35533.04
35553.53
35574.05
35594.61
35615.13
35635.75
35656.39
35676.84
35697.51
35717.97
35738.67
35759.29
35779.97
35800.74
35821.38
35841.93
35862.65
35883.39
35904.16
35924.79
35945.68
35966.41
35987.11
36007.89
36028.72
36049.36
36070.31
36091.13
36112.01
36132.92
36153.63
36174.50
36195.46
36216.12
36237.23
36258.01
36279.10
36300.05
36320.99
36341.85
36362.90
36383.84
36404.86
36425.86
36446.77
36467.97
36488.93
36510.01
36531.08
36552.13
36573.33
36594.34
36615.55
36636.75
36657.83
36679.00
36700.15
36721.29
36742.49
36763.71
36784.88
36806.24
36827.48
36848.69
36869.98
36891.27
36912.62
36933.84
36955.26
36976.57
36997.79
37019.15
37040.60
37061.95
37083.36
37104.73
37126.21
37147.64
37169.05
37190.44
37211.91
37233.38
37254.88
37276.39
37298.02
37319.50
37341.07
37362.59
37384.21
37405.74
37427.40
37448.93
37470.57
37492.29
37513.91
37535.48
37557.25
37578.86
37600.59
37622.20
37643.97
37665.79
37687.50
37709.19
37731.07
37752.77
37774.58
37796.38
37818.27
37840.17
37862.00
37883.79
37905.76
37927.60
37949.54
37971.42
37993.43
38015.26
38037.36
38059.25
38081.22
38103.21
38125.20
38147.17
38169.34
38191.46
38213.46
38235.48
38257.63
38279.70
38301.79
38323.85
38346.04
38368.36
38390.43
38412.59
38434.79
38457.00
38479.24
38501.43
38523.73
38546.11
38568.31
38590.59
38612.88
38635.12
38657.54
38679.78
38702.34
38724.70
38747.13
38769.47
38791.94
38814.25
38836.74
38859.07
38881.74
38904.19
38926.54
38949.05
38971.75
38994.23
39016.84
39039.33
39061.95
39084.66
39107.26
39129.79
39152.45
39175.01
39197.81
39220.39
39243.16
39265.88
39288.65
39311.41
39334.19
39356.91
39379.71
39402.38
39425.29
39448.15
39471.09
39493.73
39516.66
39539.50
39562.46
39585.27
39608.31
39631.30
39654.21
39677.17
39700.24
39723.06
39746.19
39769.15
39792.24
39815.24
39838.40
39861.41
39884.59
39907.71
39930.87
39954.05
39977.23
40000.49
40023.62
40046.75
40070.02
40093.20
40116.48
40139.70
40163.09
40186.35
40209.64
40232.93
40256.30
40279.62
40303.01
40326.23
40349.82
40373.37
40396.75
40420.17
40443.55
40467.06
40490.53
40514.10
40537.66
40561.22
40584.83
40608.27
40631.86
40655.52
40679.10
40702.70
40726.49
40750.10
40773.84
40797.46
40821.13
40844.85
40868.62
40892.30
40916.16
40939.98
40963.88
40987.59
41011.46
41035.25
41059.19
41083.01
41106.91
41130.96
41154.94
41178.72
41202.79
41226.71
41250.71
41274.74
41298.83
41322.87
41346.94
41370.96
41395.03
41419.17
41443.28
41467.39
41491.58
41515.86
41540.05
41564.05
41588.28
41612.59
41636.87
41661.12
41685.46
41709.85
41734.14
41758.41
41782.88
41807.14
41831.59
41856.02
41880.43
41905.05
41929.42
41953.86
41978.40
42002.83
42027.30
42051.84
42076.53
42101.05
42125.63
42150.16
42174.82
42199.45
42224.15
42248.81
42273.59
42298.30
42323.00
42347.59
42372.52
42397.23
42422.18
42446.91
42471.76
42496.73
42521.54
42546.36
42571.30
42596.15
42621.16
42646.15
42671.08
42696.17
42721.20
42745.99
42771.11
42796.07
42821.24
42846.27
42871.51
42896.66
42921.81
42946.82
42972.04
42997.21
43022.54
43047.69
43073.17
43098.46
43123.76
43149.01
43174.29
43199.65
43225.11
43250.40
43275.84
43301.33
43326.79
43352.10
43377.60
43403.07
43428.66
43454.02
43479.74
43505.34
43530.96
43556.43
43582.13
43607.73
43633.38
43659.06
43684.83
43710.64
43736.33
43762.06
43787.78
43813.54
43839.43
43865.18
43891.18
43917.04
43942.80
43968.80
43994.76
44020.50
44046.51
44072.50
44098.60
44124.69
44150.63
44176.54
44202.80
44228.77
44254.95
44281.07
44307.19
44333.39
44359.66
44385.87
44412.12
44438.41
44464.74
44490.91
44517.28
44543.73
44570.02
44596.29
44622.79
44649.14
44675.57
44701.93
44728.48
44755.03
44781.51
44807.88
44834.60
44861.05
44887.73
44914.34
44941.08
44967.71
44994.38
45021.03
45047.71
45074.47
45101.24
45127.97
45154.87
45181.77
45208.57
45235.33
45262.29
45289.00
45315.89
45342.98
45369.84
45396.95
45424.02
45450.93
45477.95
45504.93
45532.07
45559.28
45586.35
45613.68
45640.46
45667.95
45695.12
45722.29
45749.64
45776.89
45804.31
45831.71
45859.06
45886.18
45913.70
45941.02
45968.34
45995.84
46023.41
46050.88
46078.47
46105.95
46133.53
46161.02
46188.71
46216.28
46243.97
46271.72
46299.43
46326.97
46354.82
46382.53
46410.40
46438.11
46465.89
46493.98
46521.73
46549.42
46577.54
46605.37
46633.39
46661.23
46689.35
46717.51
46745.44
46773.38
46801.56
46829.70
46857.93
46886.03
46914.06
46942.54
46970.81
46998.90
47027.23
47055.59
47083.90
47112.13
47140.54
47169.11
47197.49
47225.79
47254.41
47282.75
47311.18
47339.73
47368.45
47397.07
47425.61
47454.16
47482.98
47511.53
47540.32
47568.91
47598.01
47626.68
47655.57
47684.30
47713.17
47742.04
47770.81
47799.73
47828.72
47857.71
47886.79
47915.64
47944.66
47973.77
48002.95
48031.95
48061.27
48090.46
48119.60
48148.83
48177.98
48207.25
48236.62
48265.91
48295.30
48324.80
48354.08
48383.54
48412.96
48442.44
48471.91
48501.35
48530.93
48560.64
48590.22
48619.62
48649.25
48679.02
48708.77
48738.41
48768.23
48798.06
48828.02
48857.71
48887.59
48917.42
48947.39
48977.34
49007.32
49037.40
49067.45
49097.21
49127.44
49157.34
49187.59
49217.67
49247.88
49278.18
49308.41
49338.54
49368.81
49399.09
49429.50
49459.82
49490.27
49520.85
49551.18
49581.71
49612.22
49642.67
49673.32
49703.91
49734.66
49765.20
49795.88
49826.51
49857.28
49887.84
49918.85
49949.56
49980.24
50011.40
50042.15
50072.92
50104.18
50135.03
50166.11
50197.05
50228.22
50259.43
50290.62
50321.60
50352.89
50383.95
50415.33
50446.45
50477.88
50509.15
50540.50
50571.81
50603.31
50634.69
50666.25
50697.63
50729.30
50760.98
50792.62
50824.00
50855.76
50887.38
50919.11
50950.77
50982.59
51014.51
51046.44
51078.04
51110.01
51141.95
51173.90
51205.73
51237.95
51270.10
51302.26
51334.21
51366.45
51398.45
51430.89
51463.01
51495.34
51527.79
51560.03
51592.34
51624.71
51656.96
51689.67
51721.96
51754.59
51787.14
51819.68
51852.17
51885.02
51917.52
51950.31
51982.99
52016.03
52048.96
52081.66
52114.41
52147.45
52180.31
52213.36
52246.33
52279.52
52312.50
52345.69
52378.61
52411.90
52445.09
52478.31
52511.51
52544.91
52578.40
52611.80
52644.93
52678.62
52712.05
52745.49
52779.01
52812.73
52846.42
52880.03
52913.75
52947.39
52981.06
53014.82
53048.46
53082.69
53116.70
53150.49
53184.24
53218.34
53252.41
53286.65
53320.61
53354.83
53389.18
53423.41
53457.45
53491.77
53526.04
53560.23
53594.83
53629.41
53663.89
53698.07
53732.79
53767.45
53801.93
53836.80
53871.22
53906.20
53941.11
53975.91
54010.57
54045.55
54080.36
54115.48
54150.20
54185.46
54220.65
54255.77
54290.67
54325.95
54361.02
54396.50
54431.55
54467.15
54502.46
54537.98
54573.32
54608.96
54644.36
54680.00
54715.57
54751.36
54787.03
54822.86
54858.47
54894.41
54930.07
54966.14
55001.86
55038.00
55073.98
55110.11
55145.99
55182.31
55218.23
55254.72
55290.85
55327.23
55363.68
55400.03
55436.39
55472.96
55509.24
55545.79
55582.27
55618.83
55655.85
55692.65
55729.17
55766.03
55802.83
55839.68
55876.69
55913.78
55950.75
55987.88
56024.94
56062.07
56099.22
56136.46
56173.71
56211.22
56248.50
56285.98
56323.16
56360.92
56398.32
56435.93
56473.48
56511.37
56549.28
56586.95
56624.50
56662.54
56700.30
56738.36
56776.32
56814.38
56852.47
56890.68
56928.70
56966.98
57005.25
57043.59
57082.12
57120.35
57159.13
57197.64
57235.95
57274.75
57313.32
57352.05
57390.75
57429.57
57468.47
57507.53
57546.23
57585.32
57624.30
57663.38
57702.60
57741.75
57781.18
57820.38
57859.63
57899.04
57938.50
57977.96
58017.59
58057.28
58096.95
58136.59
58176.22
58215.97
58255.87
58295.83
58335.57
58375.89
58415.90
58455.86
58496.11
58536.39
58576.50
58616.96
58657.28
58697.85
58738.34
58778.87
58819.16
58859.83
58900.62
58941.37
58982.15
59023.11
59064.14
59105.17
59145.98
59187.29
59228.14
59269.57
59310.62
59352.02
59393.44
59434.91
59476.13
59517.88
59559.21
59600.79
59642.57
59684.48
59726.48
59768.41
59809.98
59852.09
59894.09
59936.26
59978.33
60020.64
60063.07
60105.30
60147.52
60190.20
60232.63
60274.99
60317.58
60360.70
60403.56
60446.35
60489.01
60532.12
60575.03
60617.90
60661.04
60704.46
60747.78
60790.84
60834.26
60877.81
60921.28
60964.82
61008.52
61052.16
61096.17
61139.66
61183.80
61227.77
61271.62
61315.77
61359.88
61404.25
61448.62
61492.89
61536.95
61581.55
61626.41
61671.04
61715.62
61760.48
61805.46
61850.26
61895.14
61940.04
61985.19
62030.24
62075.60
62121.04
62166.34
62211.74
62257.24
62302.93
62348.62
62394.26
62440.13
62485.98
62532.10
62578.10
62623.88
62670.31
62716.36
62762.57
62808.95
62855.72
62902.33
62948.86
62995.49
63042.34
63089.25
63136.22
63182.89
63230.00
63277.48
63324.72
63371.73
63419.18
63466.66
63514.14
63561.74
63609.60
63657.61
63705.41
63753.04
63801.24
63849.16
63897.51
63945.65
63993.79
64042.63
64090.73
64139.41
64188.35
64236.96
64285.84
64334.62
64383.77
64432.93
64482.12
64530.98
64580.61
64629.98
64679.49
64729.05
64778.82
64828.93
64878.71
64928.57
64978.47
65028.46
65078.97
65129.11
65179.60
65230.14
65280.64
65331.29
65382.14
65432.85
65484.07
65535.01
65586.23
65637.59
65688.90
65739.62
65791.61
65843.20
65895.05
65946.66
65998.74
66050.93
66103.14
66154.97
66207.30
66259.46
66312.37
66364.81
66417.66
66470.63
66523.40
66576.03
66629.42
66682.35
66735.98
66789.35
66843.13
66896.76
66950.33
67004.22
67058.33
67112.05
67166.27
67220.43
67274.96
67329.45
67384.02
67438.80
67493.66
67548.29
67603.84
67658.72
67714.05
67769.60
67825.07
67880.35
67936.19
67991.64
68048.03
68103.95
68160.38
68216.80
68273.09
68329.80
68386.34
68443.07
68500.05
68557.02
68614.40
68671.90
68729.39
68786.66
68844.26
68902.13
68960.06
69017.77
69076.13
69134.61
69193.29
69251.49
69310.30
69369.19
69428.18
69487.17
69546.57
69606.02
69665.27
69724.72
69784.70
69844.36
69904.79
69964.92
70025.23
70085.91
70146.36
70207.02
70268.29
70329.04
70390.18
70451.35
70513.10
70574.34
70636.70
70698.38
70760.70
70822.95
70885.31
70947.73
71010.66
71073.21
71136.34
71199.39
71262.93
71326.38
71390.09
71453.56
71517.80
71581.92
71646.29
71710.62
71775.16
71839.88
71905.22
71970.30
72035.61
72101.27
72167.09
72232.48
72298.32
72364.63
72431.12
72497.28
72564.55
72631.55
72698.91
72765.45
72833.20
72900.70
72968.59
73036.78
73105.03
73173.63
73242.41
73310.77
73379.96
73449.17
73518.44
73587.88
73657.80
73727.81
73798.54
73868.52
73939.20
74009.90
74081.00
74152.19
74223.77
74295.55
74367.36
74439.38
74511.95
74584.30
74657.26
74729.90
74803.66
74877.27
74950.99
75024.25
75098.71
75173.31
75247.94
75322.85
75398.02
75473.55
75549.27
75624.84
75701.48
75777.60
75854.38
75931.27
76008.65
76086.09
76163.77
76241.69
76319.95
76398.38
76477.27
76556.52
76635.93
76715.39
76795.55
76875.39
76956.18
77036.93
77118.20
77199.37
77281.07
77363.47
77445.55
77527.65
77611.17
77694.41
77778.06
77861.88
77946.46
78031.02
78115.97
78200.95
78286.74
78372.60
78458.98
78545.47
78632.42
78720.00
78807.69
78895.07
78984.12
79072.77
79162.01
79251.25
79341.61
79432.10
79522.61
79613.65
79705.84
79797.55
79889.56
79982.12
80076.16
80169.99
80264.29
80358.37
80453.80
80548.74
80644.76
80741.23
80838.68
80936.24
81034.15
81131.87
81231.15
81330.31
81429.81
81530.76
81631.57
81732.73
81835.31
81937.12
82040.49
82144.22
82248.40
82353.24
82458.18
82564.82
82671.46
82778.43
82886.05
82994.79
83103.44
83213.54
83324.11
83435.95
83547.66
83659.77
83772.73
83886.84
84001.70
84116.77
84233.63
84351.02
84468.42
84586.77
84707.00
84827.06
84948.21
85069.59
85192.75
85317.04
85442.16
85567.51
85694.58
85821.86
85950.38
86080.27
86210.39
86343.71
86476.05
86610.63
86746.30
86882.14
87020.05
87158.20
87299.33
87441.05
87583.53
87727.58
87873.87
88020.53
88170.24
88319.77
88471.80
88626.08
88781.77
88937.87
89096.25
89257.85
89421.13
89584.32
89752.09
89921.76
90093.18
90265.85
90442.59
90620.62
90801.29
90984.16
91172.21
91361.24
91554.95
91750.63
91951.28
92153.66
92361.16
92571.80
92787.05
93008.28
93233.45
93463.31
93700.41
93941.82
94190.41
94446.27
94708.19
94983.38
95265.77
95557.36
95865.34
96184.35
96517.98
96870.49
97244.82
97648.03
98085.66
98563.39
99110.74
99743.38
100545.97
101945.99
