295036.44
295326.56
295516.25
295691.66
295855.56
296005.25
296145.19
296267.44
296385.09
296493.94
315281.34
315289.31
315297.44
315305.53
315313.72
315321.91
315330.06
315338.25
315346.31
315354.34
315362.50
315370.63
315378.81
315387.03
315395.25
315403.41
315411.50
315419.59
315427.72
315435.91
315444.16
315452.34
315460.59
315468.81
315476.97
315485.03
315493.25
315501.41
315509.66
315517.88
315526.22
315534.41
315542.59
315550.72
315558.91
315567.09
315575.44
315583.72
315591.97
315600.28
315608.44
315616.53
315624.91
315633.09
315641.41
315649.66
315658.03
315666.28
315674.47
315682.72
315690.97
315699.25
315707.63
315715.97
315724.22
315732.53
315740.84
315749.00
315757.38
315765.63
315773.97
315782.41
315790.78
315799.09
315807.38
315815.59
315823.91
315832.25
315840.69
315849.03
315857.47
315865.75
315874.13
315882.38
315890.75
315899.06
315907.53
315915.94
315924.38
315932.81
315941.09
315949.41
315957.75
315966.16
315974.59
315983.03
315991.50
315999.94
316008.25
316016.63
316024.97
316033.44
316041.91
316050.41
316058.94
316067.28
316075.72
316084.06
316092.50
316100.94
316109.44
316117.94
316126.47
316134.97
316143.31
316151.78
316160.22
316168.69
316177.25
316185.75
316194.34
316202.84
316211.25
316219.69
316228.19
316236.63
316245.22
316253.81
316262.41
316270.91
316279.41
316287.84
316296.34
316304.91
316313.47
316322.09
316330.69
316339.28
316347.78
316356.25
316364.84
316373.38
316381.94
316390.59
316399.25
316407.81
316416.34
316424.91
316433.47
316442.06
316450.69
316459.38
316468.03
316476.69
316485.22
316493.78
316502.38
316510.94
316519.66
316528.28
316537.00
316545.69
316554.25
316562.81
316571.47
316580.09
316588.88
316597.56
316606.25
316614.97
316623.56
316632.19
316640.81
316649.47
316658.25
316666.97
316675.78
316684.44
316693.06
316701.72
316710.41
316719.09
316727.91
316736.69
316745.44
316754.22
316762.81
316771.44
316780.25
316789.00
316797.75
316806.59
316815.44
316824.16
316832.84
316841.50
316850.31
316859.03
316867.88
316876.72
316885.53
316894.34
316903.06
316911.84
316920.59
316929.38
316938.28
316947.13
316956.00
316964.88
316973.59
316982.31
316991.16
317000.00
317008.91
317017.78
317026.72
317035.53
317044.31
317053.16
317061.91
317070.81
317079.78
317088.72
317097.63
317106.50
317115.25
317124.16
317133.06
317141.84
317150.84
317159.84
317168.81
317177.72
317186.56
317195.41
317204.31
317213.25
317222.25
317231.19
317240.16
317249.16
317258.06
317266.91
317275.88
317284.78
317293.78
317302.78
317311.84
317320.81
317329.72
317338.69
317347.66
317356.56
317365.59
317374.69
317383.78
317392.81
317401.72
317410.56
317419.66
317428.59
317437.72
317446.78
317455.91
317465.00
317473.88
317482.91
317491.94
317501.00
317510.09
317519.19
317528.31
317537.41
317546.41
317555.41
317564.44
317573.53
317582.69
317591.84
317601.00
317610.13
317619.19
317628.19
317637.25
317646.41
317655.59
317664.75
317673.91
317683.06
317692.09
317701.19
317710.34
317719.44
317728.72
317737.78
317747.06
317756.25
317765.34
317774.47
317783.63
317792.78
317802.06
317811.28
317820.44
317829.69
317838.81
317847.94
317857.16
317866.31
317875.63
317884.91
317894.13
317903.47
317912.53
317921.72
317930.94
317940.19
317949.53
317958.78
317968.09
317977.38
317986.59
317995.78
318005.03
318014.28
318023.63
318032.97
318042.34
318051.63
318060.91
318070.06
318079.31
318088.63
318098.03
318107.41
318116.78
318126.13
318135.41
318144.59
318153.91
318163.22
318172.69
318182.09
318191.53
318200.84
318210.19
318219.44
318228.78
318238.16
318247.59
318257.06
318266.50
318275.91
318285.09
318294.53
318303.94
318313.31
318322.75
318332.22
318341.75
318351.16
318360.50
318369.81
318379.22
318388.72
318398.22
318407.75
318417.28
318426.72
318436.09
318445.44
318454.97
318464.34
318473.94
318483.47
318493.03
318502.53
318511.94
318521.41
318530.84
318540.34
318549.91
318559.50
318569.06
318578.59
318588.00
318597.47
318607.00
318616.53
318626.16
318635.72
318645.38
318654.97
318664.44
318673.91
318683.44
318693.06
318702.66
318712.25
318721.97
318731.56
318741.09
318750.59
318760.16
318769.78
318779.47
318789.13
318798.84
318808.47
318818.03
318827.56
318837.19
318846.84
318856.50
318866.22
318875.97
318885.66
318895.22
318904.84
318914.50
318924.09
318933.84
318943.63
318953.38
318963.03
318972.69
318982.19
318992.03
319001.72
319011.53
319021.28
319031.00
319040.75
319050.44
319060.09
319069.81
319079.59
319089.38
319099.22
319109.03
319118.78
319128.47
319138.19
319147.97
319157.66
319167.53
319177.41
319187.25
319197.03
319206.81
319216.50
319226.28
319236.09
319245.94
319255.84
319265.75
319275.63
319285.38
319295.06
319304.94
319314.78
319324.72
319334.59
319344.53
319354.44
319364.19
319374.03
319383.88
319393.75
319403.78
319413.63
319423.56
319433.56
319443.31
319453.22
319463.03
319473.06
319483.00
319493.00
319503.03
319512.97
319522.78
319532.72
319542.63
319552.53
319562.63
319572.59
319582.66
319592.69
319602.59
319612.44
319622.41
319632.41
319642.47
319652.53
319662.63
319672.63
319682.56
319692.50
319702.47
319712.47
319722.63
319732.72
319742.84
319752.91
319762.84
319772.88
319782.88
319792.94
319803.03
319813.22
319823.38
319833.44
319843.47
319853.44
319863.53
319873.59
319883.81
319893.97
319904.06
319914.31
319924.28
319934.34
319944.44
319954.59
319964.84
319974.97
319985.22
319995.38
320005.47
320015.50
320025.66
320035.88
320046.13
320056.34
320066.59
320076.81
320086.88
320097.00
320107.22
320117.41
320127.66
320137.91
320148.19
320158.50
320168.63
320178.81
320189.03
320199.25
320209.59
320219.91
320230.19
320240.53
320250.69
320260.91
320271.13
320281.38
320291.81
320302.16
320312.50
320322.78
320333.03
320343.22
320353.56
320363.78
320374.25
320384.63
320395.03
320405.34
320415.72
320425.91
320436.28
320446.63
320457.03
320467.47
320477.91
320488.31
320498.59
320508.94
320519.25
320529.63
320540.16
320550.53
320561.09
320571.47
320581.78
320592.19
320602.47
320613.03
320623.50
320634.03
320644.56
320655.03
320665.41
320675.75
320686.22
320696.69
320707.25
320717.72
320728.31
320738.81
320749.22
320759.69
320770.09
320780.69
320791.19
320801.75
320812.34
320822.97
320833.41
320843.88
320854.31
320864.97
320875.56
320886.19
320896.78
320907.41
320917.91
320928.31
320938.97
320949.53
320960.19
320970.81
320981.50
320992.16
321002.69
321013.25
321023.88
321034.44
321045.13
321055.84
321066.56
321077.22
321087.81
321098.38
321108.97
321119.66
321130.38
321141.13
321151.84
321162.53
321173.19
321183.78
321194.47
321205.09
321215.91
321226.75
321237.53
321248.25
321258.91
321269.50
321280.28
321291.00
321301.84
321312.69
321323.44
321334.25
321344.91
321355.66
321366.38
321377.16
321388.00
321398.88
321409.78
321420.56
321431.31
321442.03
321452.88
321463.69
321474.63
321485.44
321496.41
321507.25
321518.06
321528.81
321539.66
321550.56
321561.47
321572.38
321583.31
321594.25
321605.13
321615.84
321626.72
321637.66
321648.63
321659.66
321670.69
321681.63
321692.44
321703.25
321714.25
321725.22
321736.22
321747.19
321758.28
321769.16
321780.09
321791.00
321801.97
321812.94
321824.06
321835.09
321846.22
321857.16
321868.19
321879.03
321890.09
321901.13
321912.25
321923.31
321934.44
321945.56
321956.53
321967.47
321978.53
321989.53
322000.78
322011.94
322023.06
322034.22
322045.19
322056.16
322067.28
322078.41
322089.59
322100.84
322112.06
322123.19
322134.28
322145.31
322156.47
322167.59
322178.84
322190.13
322201.34
322212.50
322223.66
322234.78
322245.97
322257.09
322268.41
322279.69
322291.00
322302.28
322313.34
322324.53
322335.72
322346.91
322358.38
322369.59
322381.00
322392.25
322403.44
322414.63
322425.91
322437.19
322448.50
322459.84
322471.22
322482.59
322493.81
322505.06
322516.34
322527.63
322539.06
322550.50
322561.97
322573.34
322584.63
322595.91
322607.25
322618.66
322630.09
322641.53
322653.00
322664.44
322675.72
322687.06
322698.44
322709.81
322721.31
322732.91
322744.41
322755.84
322767.25
322778.53
322790.09
322801.47
322813.03
322824.56
322836.16
322847.66
322858.94
322870.44
322881.91
322893.41
322905.00
322916.59
322928.22
322939.81
322951.28
322962.66
322974.22
322985.72
322997.41
323009.03
323020.72
323032.25
323043.75
323055.25
323066.81
323078.34
323090.09
323101.78
323113.44
323125.06
323136.59
323148.22
323159.81
323171.44
323183.09
323194.84
323206.66
323218.31
323229.91
323241.44
323253.16
323264.88
323276.56
323288.28
323300.16
323311.88
323323.53
323335.03
323346.84
323358.53
323370.47
323382.25
323394.09
323405.84
323417.47
323429.19
323441.00
323452.75
323464.63
323476.44
323488.34
323500.13
323511.84
323523.59
323535.41
323547.19
323559.13
323571.06
323582.97
323594.81
323606.56
323618.38
323630.16
323642.13
323654.13
323666.03
323677.94
323689.84
323701.69
323713.50
323725.38
323737.31
323749.28
323761.34
323773.34
323785.31
323797.09
323809.00
323821.00
323832.88
323845.00
323857.03
323869.03
323881.13
323893.03
323904.94
323916.94
323928.91
323941.03
323953.19
323965.25
323977.28
323989.28
324001.25
324013.19
324025.31
324037.47
324049.66
324061.81
324073.88
324085.84
324097.84
324109.97
324122.06
324134.28
324146.50
324158.72
324170.81
324182.88
324194.94
324207.06
324219.25
324231.53
324243.75
324255.94
324268.19
324280.25
324292.38
324304.56
324316.84
324329.09
324341.38
324353.66
324365.94
324378.09
324390.28
324402.41
324414.72
324427.06
324439.38
324451.78
324464.03
324476.22
324488.47
324500.75
324513.03
324525.47
324537.84
324550.25
324562.56
324574.75
324587.00
324599.41
324611.78
324624.19
324636.69
324649.13
324661.50
324673.78
324686.16
324698.53
324710.88
324723.44
324735.91
324748.44
324760.91
324773.25
324785.59
324798.03
324810.47
324822.97
324835.56
324848.06
324860.59
324873.03
324885.44
324897.91
324910.38
324922.91
324935.66
324948.22
324960.75
324973.13
324985.66
324998.16
325010.66
325023.38
325035.97
325048.63
325061.31
325073.81
325086.28
325098.91
325111.38
325124.19
325136.84
325149.56
325162.25
325174.84
325187.41
325199.97
325212.53
325225.41
325238.19
325250.97
325263.66
325276.22
325288.81
325301.56
325314.22
325327.06
325339.91
325352.78
325365.38
325378.19
325390.75
325403.47
325416.19
325429.16
325441.91
325454.91
325467.59
325480.34
325493.06
325505.84
325518.66
325531.59
325544.44
325557.34
325570.34
325583.03
325595.88
325608.75
325621.56
325634.53
325647.47
325660.47
325673.31
325686.16
325699.00
325711.91
325724.81
325737.78
325750.81
325763.88
325776.81
325789.69
325802.59
325815.56
325828.47
325841.59
325854.69
325867.75
325880.78
325893.69
325906.63
325919.63
325932.59
325945.84
325958.94
325972.06
325985.25
325998.16
326011.09
326024.16
326037.25
326050.50
326063.66
326076.91
326089.91
326103.03
326116.06
326129.19
326142.31
326155.59
326168.81
326182.09
326195.22
326208.28
326221.41
326234.63
326247.78
326260.94
326274.31
326287.69
326300.91
326314.06
326327.22
326340.41
326353.66
326367.03
326380.38
326393.72
326407.06
326420.25
326433.44
326446.75
326460.03
326473.44
326486.84
326500.28
326513.63
326526.84
326540.06
326553.47
326566.81
326580.34
326593.78
326607.19
326620.59
326634.03
326647.25
326660.69
326674.06
326687.69
326701.19
326714.72
326728.16
326741.53
326754.84
326768.31
326781.81
326795.41
326808.97
326822.56
326836.06
326849.56
326862.91
326876.41
326889.97
326903.63
326917.25
326930.84
326944.44
326957.94
326971.41
326984.97
326998.56
327012.28
327025.94
327039.72
327053.38
327066.84
327080.44
327093.97
327107.72
327121.50
327135.13
327149.00
327162.69
327176.16
327189.84
327203.53
327217.25
327231.06
327244.97
327258.72
327272.44
327286.19
327299.78
327313.44
327327.28
327341.19
327355.00
327369.00
327382.75
327396.38
327410.13
327423.88
327437.78
327451.69
327465.66
327479.56
327493.50
327507.28
327521.00
327534.88
327548.75
327562.75
327576.81
327590.75
327604.75
327618.53
327632.31
327646.25
327660.19
327674.31
327688.38
327702.41
327716.38
327730.28
327744.22
327758.16
327772.13
327786.25
327800.41
327814.53
327828.59
327842.50
327856.38
327870.53
327884.63
327898.81
327912.91
327927.13
327941.31
327955.31
327969.31
327983.44
327997.50
328011.84
328025.88
328040.34
328054.53
328068.56
328082.69
328096.78
328111.00
328125.31
328139.63
328153.94
328168.22
328182.25
328196.38
328210.63
328224.94
328239.22
328253.59
328268.03
328282.34
328296.47
328310.75
328325.06
328339.28
328353.75
328368.16
328382.69
328397.03
328411.22
328425.59
328439.88
328454.22
328468.78
328483.22
328497.78
328512.25
328526.53
328540.91
328555.28
328569.75
328584.22
328598.88
328613.47
328627.97
328642.34
328656.72
328671.19
328685.72
328700.38
328714.91
328729.56
328744.16
328758.53
328773.09
328787.66
328802.19
328816.88
328831.41
328846.25
328860.88
328875.41
328889.94
328904.53
328919.19
328933.91
328948.78
328963.50
328978.16
328992.75
329007.38
329021.94
329036.75
329051.56
329066.41
329081.22
329096.00
329110.66
329125.31
329140.03
329154.78
329169.69
329184.56
329199.56
329214.41
329229.06
329243.78
329258.59
329273.38
329288.38
329303.22
329318.31
329333.22
329348.06
329362.81
329377.69
329392.53
329407.63
329422.63
329437.69
329452.72
329467.53
329482.25
329497.31
329512.22
329527.41
329542.44
329557.63
329572.69
329587.50
329602.44
329617.44
329632.56
329647.72
329662.91
329678.09
329693.16
329708.13
329723.09
329738.25
329753.19
329768.53
329783.84
329799.03
329814.28
329829.28
329844.34
329859.59
329874.75
329890.13
329905.41
329920.63
329935.91
329951.03
329966.16
329981.44
329996.59
330012.03
330027.38
330042.78
330058.16
330073.28
330088.56
330103.81
330119.03
330134.59
330150.06
330165.53
330180.91
330196.09
330211.50
330226.72
330242.13
330257.72
330273.22
330288.78
330304.28
330319.63
330334.84
330350.28
330365.72
330381.38
330397.00
330412.69
330428.19
330443.63
330459.00
330474.47
330490.06
330505.78
330521.44
330537.19
330552.75
330568.22
330583.69
330599.28
330614.88
330630.63
330646.38
330662.13
330677.81
330693.31
330708.94
330724.72
330740.28
330756.06
330771.94
330787.81
330803.47
330819.03
330834.75
330850.41
330866.22
330882.16
330898.09
330913.88
330929.72
330945.44
330961.22
330976.84
330992.69
331008.84
331024.81
331040.75
331056.69
331072.44
331088.16
331104.16
331120.03
331136.13
331152.09
331168.25
331184.13
331200.06
331215.88
331231.88
331247.81
331263.97
331280.00
331296.16
331312.25
331328.19
331344.13
331360.13
331376.19
331392.41
331408.59
331424.78
331440.94
331456.88
331472.91
331488.97
331505.19
331521.53
331537.72
331554.06
331570.31
331586.38
331602.44
331618.66
331634.75
331651.25
331667.56
331683.81
331700.28
331716.41
331732.56
331748.81
331765.16
331781.59
331797.97
331814.50
331830.84
331847.00
331863.31
331879.63
331896.06
331912.50
331929.03
331945.59
331962.09
331978.44
331994.59
332011.13
332027.50
332044.16
332060.75
332077.31
332093.78
332110.25
332126.69
332143.19
332159.66
332176.34
332193.03
332209.75
332226.31
332242.81
332259.31
332275.84
332292.47
332309.28
332326.03
332342.72
332359.56
332376.03
332392.69
332409.31
332425.97
332442.84
332459.69
332476.56
332493.34
332509.94
332526.56
332543.31
332560.09
332577.09
332593.94
332610.94
332627.81
332644.50
332661.19
332678.06
332694.91
332711.94
332728.91
332745.91
332762.94
332779.75
332796.50
332813.41
332830.38
332847.44
332864.47
332881.66
332898.72
332915.63
332932.47
332949.41
332966.50
332983.72
333000.88
333018.13
333035.19
333052.19
333069.16
333086.25
333103.25
333120.63
333137.78
333155.09
333172.41
333189.34
333206.47
333223.59
333240.84
333258.22
333275.41
333292.91
333310.19
333327.25
333344.47
333361.69
333379.00
333396.41
333413.91
333431.41
333448.72
333465.97
333483.16
333500.38
333517.91
333535.41
333552.88
333570.47
333587.97
333605.25
333622.66
333639.97
333657.47
333675.25
333692.81
333710.53
333727.88
333745.41
333762.84
333780.34
333797.84
333815.63
333833.28
333851.00
333868.63
333886.19
333903.66
333921.31
333938.78
333956.75
333974.41
333992.22
334010.13
334027.59
334045.22
334062.88
334080.72
334098.53
334116.47
334134.38
334152.25
334169.84
334187.50
334205.13
334223.13
334241.19
334259.13
334277.19
334295.06
334312.91
334330.69
334348.56
334366.44
334384.56
334402.63
334420.75
334438.69
334456.50
334474.50
334492.41
334510.50
334528.56
334546.78
334565.06
334583.06
334600.97
334619.00
334637.06
334655.22
334673.50
334691.72
334710.13
334728.25
334746.34
334764.34
334782.56
334800.78
334819.09
334837.50
334855.91
334874.25
334892.38
334910.59
334928.81
334947.16
334965.56
334984.06
335002.59
335020.88
335039.19
335057.41
335075.84
335094.22
335112.75
335131.38
335149.91
335168.44
335186.78
335205.13
335223.66
335242.09
335260.81
335279.44
335298.06
335316.72
335335.13
335353.59
335372.09
335390.69
335409.53
335428.25
335447.09
335465.66
335484.31
335502.88
335521.44
335540.22
335559.19
335578.03
335596.81
335615.72
335634.41
335653.03
335671.69
335690.69
335709.50
335728.47
335747.56
335766.44
335785.16
335803.91
335822.81
335841.72
335860.81
335879.81
335898.97
335917.94
335936.81
335955.69
335974.66
335993.66
336012.78
336032.13
336051.31
336070.38
336089.28
336108.22
336127.22
336146.47
336165.66
336185.16
336204.25
336223.66
336242.66
336261.72
336281.00
336300.28
336319.66
336338.97
336358.41
336377.72
336396.84
336416.09
336435.41
336454.63
336474.19
336493.72
336513.25
336532.69
336551.94
336571.19
336590.72
336610.09
336629.72
336649.34
336668.97
336688.53
336707.91
336727.31
336746.84
336766.38
336786.16
336805.78
336825.50
336845.28
336864.78
336884.31
336903.88
336923.56
336943.41
336963.28
336983.19
337002.91
337022.56
337042.13
337061.81
337081.63
337101.69
337121.50
337141.66
337161.44
337181.19
337200.75
337220.75
337240.69
337260.72
337280.78
337301.00
337320.88
337340.72
337360.56
337380.50
337400.53
337420.88
337440.97
337461.22
337481.28
337501.28
337521.09
337541.28
337561.44
337581.72
337602.13
337622.41
337642.63
337662.56
337682.69
337702.91
337723.19
337743.56
337764.00
337784.47
337804.91
337825.03
337845.22
337865.53
337885.91
337906.38
337926.88
337947.63
337968.09
337988.44
338008.72
338029.19
338049.59
338070.28
338090.97
338111.72
338132.28
338152.72
338173.03
338193.72
338214.25
338235.06
338255.72
338276.75
338297.38
338317.88
338338.47
338359.25
338379.97
338400.91
338421.72
338442.69
338463.53
338484.19
338504.94
338525.63
338546.41
338567.69
338588.69
338609.78
338630.72
338651.28
338672.31
338693.19
338714.25
338735.44
338756.56
338777.84
338798.81
338819.75
338840.53
338861.69
338882.91
338904.22
338925.50
338946.78
338968.09
338989.09
339010.19
339031.25
339052.56
339073.97
339095.41
339116.69
339138.16
339159.38
339180.47
339201.75
339223.25
339244.81
339266.38
339287.97
339309.44
339330.75
339352.09
339373.50
339395.00
339416.72
339438.47
339460.09
339481.78
339503.16
339524.56
339546.19
339567.91
339589.72
339611.53
339633.34
339655.09
339676.69
339698.28
339719.97
339741.75
339763.63
339785.69
339807.69
339829.47
339851.22
339872.94
339894.91
339916.81
339938.78
339960.88
339983.03
340005.22
340027.03
340048.97
340070.75
340092.94
340115.16
340137.38
340159.72
340181.88
340203.78
340225.91
340247.91
340270.19
340292.59
340314.91
340337.34
340359.69
340381.72
340403.88
340426.16
340448.56
340471.06
340493.66
340516.16
340538.59
340560.94
340583.09
340605.59
340628.19
340650.84
340673.53
340696.25
340718.88
340741.25
340763.63
340786.19
340808.94
340831.75
340854.53
340877.41
340900.16
340922.63
340945.34
340967.97
340990.91
341013.72
341036.75
341059.75
341082.63
341105.31
341128.06
341150.94
341173.91
341197.03
341220.06
341243.47
341266.44
341289.19
341312.25
341335.22
341358.31
341381.56
341404.69
341428.28
341451.53
341474.50
341497.50
341520.56
341543.91
341567.41
341590.84
341614.34
341637.66
341660.94
341684.13
341707.50
341730.78
341754.47
341777.97
341801.75
341825.16
341848.50
341871.78
341895.50
341918.94
341942.72
341966.56
341990.38
342014.03
342037.56
342061.06
342084.81
342108.44
342132.44
342156.25
342180.38
342204.19
342227.84
342251.59
342275.38
342299.13
342323.41
342347.50
342371.56
342395.53
342419.44
342443.31
342467.28
342491.38
342515.69
342539.97
342564.22
342588.44
342612.47
342636.53
342660.69
342684.91
342709.41
342733.75
342758.28
342782.63
342806.81
342830.94
342855.31
342879.78
342904.25
342928.97
342953.59
342978.19
343002.53
343026.88
343051.19
343075.91
343100.81
343125.47
343150.19
343174.97
343199.53
343224.22
343248.81
343273.59
343298.50
343323.59
343348.63
343373.41
343398.09
343422.94
343447.69
343472.63
343497.72
343522.94
343548.16
343573.13
343598.13
343622.97
343648.00
343673.03
343698.41
343723.81
343749.19
343774.41
343799.50
343824.53
343849.78
343875.06
343900.69
343926.09
343951.69
343977.19
344002.44
344027.69
344053.06
344078.53
344104.31
344129.88
344155.78
344181.28
344206.75
344232.16
344257.75
344283.41
344309.19
344335.38
344361.19
344387.00
344412.69
344438.22
344464.13
344489.97
344516.19
344542.09
344568.25
344594.38
344620.28
344645.97
344672.06
344698.09
344724.34
344750.66
344777.09
344803.06
344829.22
344855.13
344881.38
344907.63
344934.09
344960.69
344987.09
345013.50
345039.78
345065.94
345092.31
345118.66
345145.56
345172.28
345198.91
345225.63
345252.03
345278.47
345305.03
345331.78
345358.69
345385.53
345412.50
345439.19
345465.75
345492.44
345519.28
345546.16
345573.22
345600.25
345627.59
345654.47
345681.25
345708.25
345735.22
345762.25
345789.63
345816.97
345844.47
345871.66
345898.53
345925.72
345953.00
345980.28
346007.69
346035.28
346062.97
346090.34
346117.56
346144.88
346172.28
346199.84
346227.59
346255.31
346283.16
346310.78
346338.31
346365.84
346393.47
346421.28
346449.22
346477.16
346505.34
346533.09
346560.94
346588.41
346616.44
346644.50
346672.78
346700.91
346729.25
346757.25
346785.22
346813.09
346841.03
346869.25
346897.78
346926.28
346954.81
346983.25
347011.47
347039.53
347067.94
347096.34
347124.91
347153.63
347182.59
347211.09
347239.56
347267.66
347296.41
347325.16
347354.09
347382.97
347411.97
347440.78
347469.41
347498.03
347527.03
347555.69
347584.91
347614.19
347643.25
347672.44
347701.25
347730.22
347759.28
347788.44
347817.84
347847.28
347876.91
347906.28
347935.41
347964.47
347993.94
348023.16
348052.84
348082.44
348112.38
348141.66
348171.28
348200.72
348230.22
348259.78
348289.75
348319.81
348349.84
348379.72
348409.34
348438.88
348468.88
348498.78
348529.03
348559.16
348589.41
348619.50
348649.31
348679.16
348709.34
348739.56
348770.09
348800.41
348831.06
348861.34
348891.53
348921.72
348952.09
348982.63
349013.31
349044.00
349074.88
349105.53
349135.91
349166.38
349196.97
349227.84
349258.78
349289.88
349320.94
349351.81
349382.41
349413.22
349444.22
349475.09
349506.47
349537.78
349569.22
349600.38
349631.41
349662.34
349693.69
349724.94
349756.41
349787.91
349819.72
349851.19
349882.41
349913.78
349945.13
349976.72
350008.50
350040.50
350072.22
350104.31
350135.75
350167.31
350199.00
350230.94
350263.38
350295.47
350327.66
350359.88
350391.69
350423.63
350455.50
350487.88
350520.31
350552.84
350585.25
350617.72
350649.84
350681.88
350714.41
350746.84
350779.75
350812.41
350845.25
350877.97
350910.22
350942.81
350975.69
351008.56
351041.69
351074.81
351107.97
351141.00
351173.75
351206.53
351239.50
351272.69
351306.13
351339.53
351373.13
351406.38
351439.50
351472.50
351505.97
351539.44
351573.19
351606.75
351640.75
351674.63
351707.94
351741.41
351774.97
351808.72
351842.94
351877.00
351911.03
351945.06
351978.84
352012.63
352046.47
352080.81
352115.38
352149.47
352184.09
352218.72
352252.63
352286.88
352321.25
352355.75
352390.53
352425.22
352460.19
352494.94
352529.38
352563.78
352598.44
352633.13
352668.56
352703.69
352738.94
352773.84
352808.88
352843.75
352878.94
352914.09
352949.47
352985.16
353020.59
353056.19
353091.22
353126.56
353161.88
353197.59
353233.50
353269.31
353305.22
353341.16
353376.34
353412.25
353448.28
353484.13
353520.44
353556.69
353593.25
353629.47
353665.22
353701.28
353737.53
353773.84
353810.50
353847.13
353883.91
353920.50
353956.97
353993.47
354030.06
354066.75
354103.91
354140.78
354178.28
354215.38
354251.97
354288.84
354325.72
354362.91
354400.53
354437.84
354475.38
354512.94
354550.16
354587.31
354624.63
354662.47
354700.31
354738.41
354776.44
354814.34
354851.84
354889.25
354927.31
354965.53
355003.72
355042.03
355080.50
355118.94
355157.00
355194.91
355233.25
355271.63
355310.44
355349.41
355388.41
355427.19
355465.53
355504.09
355542.88
355581.75
355621.06
355660.22
355699.66
355738.81
355777.75
355816.81
355856.16
355895.28
355935.06
355974.88
356014.78
356054.56
356093.81
356133.41
356173.00
356212.84
356253.13
356293.44
356333.72
356373.81
356413.84
356453.69
356493.97
356534.38
356574.97
356615.78
356656.69
356697.38
356737.75
356778.22
356818.59
356859.69
356901.00
356942.31
356983.47
357024.56
357065.59
357106.69
357147.81
357188.94
357230.94
357272.72
357314.63
357356.47
357397.75
357439.19
357481.06
357522.91
357565.13
357607.59
357650.06
357692.25
357734.22
357776.16
357818.56
357860.84
357903.88
357946.81
357989.91
358032.78
358075.13
358117.81
358160.69
358203.59
358247.19
358290.50
358334.22
358377.47
358420.84
358463.94
358507.00
358551.00
358595.09
358639.25
358683.41
358727.22
358771.19
358814.84
358858.88
358903.13
358947.69
358992.50
359037.38
359081.72
359126.13
359170.66
359215.44
359260.28
359305.56
359350.97
359396.25
359441.63
359486.50
359531.47
359577.03
359622.41
359668.31
359714.38
359760.22
359806.28
359851.91
359897.56
359943.59
359989.94
360036.72
360082.94
360130.06
360176.47
360222.69
360269.19
360316.00
360362.56
360410.25
360457.41
360505.13
360552.34
360599.41
360646.34
360693.78
360741.44
360789.41
360837.47
360885.78
360933.81
360981.34
361029.34
361077.25
361125.63
361174.69
361223.66
361272.69
361321.25
361369.88
361418.41
361467.38
361516.28
361565.78
361615.47
361665.41
361714.94
361764.25
361813.50
361863.38
361913.19
361963.69
362014.13
362064.56
362115.00
362165.06
362215.19
362265.50
362316.38
362367.69
362418.97
362470.53
362521.69
362572.63
362623.66
362674.88
362726.56
362778.59
362830.63
362883.09
362935.16
362987.03
363038.91
363091.22
363143.25
363196.59
363249.75
363302.94
363356.09
363408.72
363461.34
363514.66
363568.03
363622.16
363676.00
363730.28
363784.34
363837.97
363891.53
363945.88
364000.31
364055.06
364110.09
364164.97
364220.16
364274.91
364329.63
364385.13
364440.09
364496.53
364552.69
364608.69
364664.63
364720.19
364776.13
364832.38
364888.81
364945.94
365003.16
365060.47
365117.59
365174.03
365231.06
365288.09
365345.97
365404.34
365462.47
365520.78
365579.19
365637.22
365695.16
365753.69
365812.34
365871.81
365931.50
365990.75
366050.41
366109.28
366168.75
366228.47
366288.44
366349.22
366409.81
366470.84
366531.53
366591.81
366652.22
366713.31
366774.50
366836.75
366898.53
366960.94
367023.03
367084.44
367146.41
367208.88
367271.25
367334.81
367397.72
367461.50
367525.19
367588.34
367651.44
367715.16
367779.50
367844.03
367908.63
367973.72
368038.63
368103.28
368168.03
368233.63
368298.81
368365.06
368431.31
368498.28
368564.84
368630.72
368697.00
368763.88
368831.25
368899.56
368967.41
369035.47
369103.53
369171.53
369239.25
369307.59
369376.53
369446.50
369516.13
369586.34
369656.19
369725.31
369794.81
369865.75
369936.38
370007.91
370079.47
370151.63
370223.50
370294.75
370366.38
370438.31
370510.75
370584.59
370657.94
370731.97
370806.22
370879.44
370952.63
371027.47
371101.91
371177.44
371253.00
371329.56
371404.84
371481.06
371556.72
371633.09
371709.94
371787.66
371865.88
371944.31
372022.59
372100.34
372178.53
372257.41
372336.56
372416.78
372496.88
372578.34
372659.03
372739.50
372819.81
372901.19
372983.19
373065.84
373148.75
373232.47
373316.03
373398.94
373482.63
373566.66
373651.22
373736.94
373823.22
373909.28
373996.22
374082.16
374168.34
374255.91
374343.38
374432.38
374521.50
374611.59
374700.97
374790.31
374880.06
374970.34
375061.31
375153.50
375246.50
375339.28
375433.09
375525.91
375618.59
375712.88
375807.09
375904.09
376000.69
376097.53
376194.44
376291.28
376388.69
376486.41
376586.13
376685.94
376787.06
376888.78
376989.84
377090.97
377192.84
377295.81
377399.66
377504.09
377609.41
377716.47
377823.09
377928.78
378035.47
378143.38
378252.50
378363.19
378474.25
378586.53
378698.31
378809.78
378922.41
379036.25
379151.44
379267.59
379385.28
379503.69
379622.03
379740.38
379860.03
379980.00
380102.09
380225.78
380351.53
380476.94
380603.06
380729.41
380856.72
380986.16
381116.19
381248.97
381382.09
381516.88
381652.34
381788.03
381924.72
382063.50
382203.16
382346.50
382490.91
382636.25
382782.75
382929.69
383078.41
383229.53
383381.28
383537.88
383695.41
383855.44
384016.03
384177.63
384341.00
384506.69
384676.22
384849.53
385025.03
385202.78
385380.94
385563.69
385748.03
385936.28
386127.94
386324.91
386523.63
386728.47
386936.44
387145.25
387359.66
387581.16
387806.69
388040.19
388278.78
388524.88
388777.53
389035.00
389302.59
389578.56
389865.81
390167.53
390482.50
390815.03
391164.97
391532.72
391927.88
392357.50
392830.81
393369.97
394004.91
394847.59
