9646.28
10063.06
10333.32
10560.40
10770.39
10979.83
11201.90
11422.03
11640.42
11854.77
27796.45
27802.51
27808.52
27814.51
27820.39
27826.33
27832.24
27838.26
27844.25
27850.29
27856.34
27862.31
27868.24
27874.15
27880.14
27886.14
27892.17
27898.19
27904.20
27910.26
27916.19
27922.14
27928.13
27934.03
27940.12
27946.19
27952.28
27958.26
27964.21
27970.19
27976.16
27982.19
27988.19
27994.29
28000.38
28006.43
28012.39
28018.33
28024.33
28030.36
28036.42
28042.46
28048.56
28054.60
28060.60
28066.56
28072.56
28078.63
28084.69
28090.80
28096.89
28102.96
28108.92
28114.94
28120.95
28127.02
28133.08
28139.20
28145.34
28151.34
28157.39
28163.36
28169.43
28175.48
28181.61
28187.69
28193.84
28199.91
28205.93
28211.92
28217.99
28224.10
28230.22
28236.32
28242.46
28248.55
28254.59
28260.63
28266.66
28272.77
28278.90
28285.03
28291.20
28297.29
28303.35
28309.40
28315.45
28321.55
28327.71
28333.85
28340.03
28346.17
28352.19
28358.26
28364.34
28370.44
28376.64
28382.79
28388.98
28395.09
28401.18
28407.24
28413.36
28419.47
28425.64
28431.81
28438.04
28444.18
28450.24
28456.31
28462.43
28468.56
28474.75
28480.94
28487.17
28493.32
28499.43
28505.47
28511.64
28517.77
28524.00
28530.16
28536.41
28542.56
28548.67
28554.82
28560.94
28567.10
28573.29
28579.54
28585.77
28591.96
28598.06
28604.22
28610.33
28616.53
28622.76
28629.00
28635.23
28641.44
28647.52
28653.69
28659.84
28666.04
28672.28
28678.50
28684.79
28690.97
28697.11
28703.27
28709.47
28715.69
28721.90
28728.18
28734.42
28740.70
28746.82
28753.00
28759.21
28765.44
28771.70
28777.95
28784.26
28790.50
28796.67
28802.84
28809.06
28815.29
28821.56
28827.80
28834.13
28840.38
28846.57
28852.75
28858.96
28865.24
28871.51
28877.81
28884.13
28890.39
28896.57
28902.75
28909.01
28915.31
28921.59
28927.90
28934.21
28940.52
28946.71
28952.93
28959.16
28965.46
28971.78
28978.08
28984.44
28990.73
28996.93
29003.17
29009.44
29015.71
29022.03
29028.42
29034.76
29041.05
29047.28
29053.55
29059.79
29066.11
29072.45
29078.79
29085.20
29091.49
29097.76
29103.99
29110.27
29116.58
29122.99
29129.25
29135.74
29142.02
29148.29
29154.59
29160.87
29167.20
29173.58
29179.96
29186.38
29192.72
29198.97
29205.23
29211.54
29217.93
29224.32
29230.72
29237.14
29243.45
29249.75
29256.07
29262.39
29268.77
29275.14
29281.56
29287.97
29294.36
29300.61
29306.96
29313.32
29319.69
29326.05
29332.44
29338.93
29345.32
29351.66
29357.96
29364.31
29370.68
29377.15
29383.54
29390.02
29396.43
29402.74
29409.10
29415.49
29421.87
29428.29
29434.76
29441.20
29447.63
29453.97
29460.32
29466.72
29473.11
29479.60
29486.02
29492.53
29498.91
29505.31
29511.63
29518.04
29524.49
29530.98
29537.42
29543.90
29550.39
29556.73
29563.10
29569.53
29575.97
29582.45
29588.94
29595.44
29601.90
29608.31
29614.70
29621.15
29627.58
29634.09
29640.59
29647.10
29653.59
29660.00
29666.40
29672.82
29679.33
29685.82
29692.28
29698.88
29705.34
29711.77
29718.17
29724.64
29731.11
29737.68
29744.17
29750.74
29757.21
29763.63
29770.09
29776.53
29783.06
29789.60
29796.14
29802.69
29809.21
29815.65
29822.10
29828.55
29835.11
29841.69
29848.22
29854.78
29861.32
29867.77
29874.24
29880.74
29887.26
29893.83
29900.40
29907.03
29913.57
29920.00
29926.51
29932.97
29939.55
29946.12
29952.72
29959.31
29965.88
29972.35
29978.82
29985.36
29991.92
29998.51
30005.10
30011.78
30018.33
30024.81
30031.34
30037.83
30044.43
30051.04
30057.64
30064.29
30070.91
30077.39
30083.91
30090.45
30097.04
30103.69
30110.27
30116.96
30123.60
30130.11
30136.62
30143.20
30149.80
30156.42
30163.08
30169.74
30176.37
30182.88
30189.46
30196.00
30202.67
30209.31
30215.94
30222.66
30229.32
30235.85
30242.40
30248.99
30255.60
30262.31
30268.99
30275.68
30282.32
30288.91
30295.49
30302.11
30308.73
30315.37
30322.10
30328.80
30335.47
30342.07
30348.66
30355.25
30361.96
30368.63
30375.33
30382.06
30388.77
30395.32
30401.91
30408.59
30415.23
30421.97
30428.64
30435.42
30442.14
30448.75
30455.37
30462.01
30468.68
30475.45
30482.16
30488.90
30495.64
30502.24
30508.91
30515.56
30522.26
30528.95
30535.76
30542.48
30549.24
30555.88
30562.53
30569.21
30575.94
30582.68
30589.46
30596.24
30602.98
30609.62
30616.29
30622.99
30629.75
30636.47
30643.21
30650.10
30656.82
30663.51
30670.18
30676.90
30683.65
30690.42
30697.18
30704.06
30710.78
30717.46
30724.19
30730.91
30737.72
30744.46
30751.27
30758.12
30764.90
30771.62
30778.35
30785.05
30791.80
30798.67
30805.48
30812.33
30819.12
30825.86
30832.55
30839.34
30846.12
30852.94
30859.80
30866.62
30873.44
30880.19
30886.92
30893.71
30900.52
30907.40
30914.23
30921.11
30927.94
30934.70
30941.43
30948.23
30955.07
30961.91
30968.78
30975.71
30982.56
30989.28
30996.04
31002.86
31009.68
31016.59
31023.47
31030.40
31037.23
31043.98
31050.80
31057.62
31064.51
31071.34
31078.27
31085.22
31092.09
31098.87
31105.66
31112.46
31119.38
31126.28
31133.20
31140.12
31147.05
31153.84
31160.65
31167.51
31174.39
31181.24
31188.24
31195.22
31202.09
31208.88
31215.71
31222.60
31229.54
31236.43
31243.40
31250.36
31257.27
31264.09
31271.00
31277.83
31284.74
31291.75
31298.66
31305.68
31312.63
31319.45
31326.34
31333.21
31340.16
31347.12
31354.11
31361.10
31368.08
31374.95
31381.85
31388.68
31395.67
31402.63
31409.66
31416.65
31423.65
31430.52
31437.45
31444.33
31451.29
31458.33
31465.30
31472.38
31479.34
31486.27
31493.14
31500.11
31507.06
31514.09
31521.16
31528.13
31535.16
31542.09
31549.00
31556.00
31563.00
31569.99
31577.08
31584.18
31591.17
31598.07
31605.03
31611.97
31619.00
31626.04
31633.10
31640.20
31647.25
31654.21
31661.16
31668.08
31675.17
31682.23
31689.33
31696.37
31703.44
31710.39
31717.37
31724.38
31731.42
31738.51
31745.56
31752.76
31759.80
31766.74
31773.77
31780.79
31787.81
31794.93
31802.09
31809.19
31816.26
31823.25
31830.25
31837.30
31844.38
31851.50
31858.60
31865.75
31872.85
31879.85
31886.92
31893.92
31900.98
31908.12
31915.29
31922.48
31929.54
31936.57
31943.65
31950.71
31957.79
31964.94
31972.10
31979.30
31986.41
31993.48
32000.55
32007.56
32014.73
32021.84
32029.09
32036.31
32043.42
32050.44
32057.56
32064.66
32071.77
32078.97
32086.16
32093.36
32100.53
32107.61
32114.72
32121.81
32128.95
32136.14
32143.36
32150.65
32157.80
32164.82
32171.99
32179.10
32186.30
32193.54
32200.74
32207.97
32215.20
32222.28
32229.35
32236.55
32243.73
32250.97
32258.22
32265.47
32272.70
32279.78
32286.97
32294.12
32301.33
32308.58
32315.87
32323.14
32330.35
32337.51
32344.64
32351.82
32359.06
32366.30
32373.55
32380.88
32388.14
32395.28
32402.47
32409.63
32416.88
32424.19
32431.43
32438.78
32446.02
32453.20
32460.39
32467.64
32474.85
32482.20
32489.45
32496.81
32504.08
32511.25
32518.48
32525.70
32532.97
32540.28
32547.62
32554.95
32562.25
32569.45
32576.70
32583.93
32591.21
32598.59
32605.89
32613.24
32620.60
32627.82
32635.03
32642.26
32649.62
32656.92
32664.29
32671.65
32679.04
32686.29
32693.51
32700.79
32708.08
32715.48
32722.85
32730.31
32737.64
32744.85
32752.14
32759.43
32766.77
32774.19
32781.59
32789.00
32796.35
32803.60
32810.91
32818.23
32825.62
32832.99
32840.41
32847.84
32855.22
32862.48
32869.84
32877.20
32884.48
32891.95
32899.32
32906.82
32914.25
32921.55
32928.86
32936.20
32943.61
32951.04
32958.48
32965.94
32973.34
32980.66
32988.05
32995.42
33002.78
33010.23
33017.72
33025.22
33032.61
33040.01
33047.35
33054.73
33062.17
33069.64
33077.12
33084.61
33092.10
33099.44
33106.77
33114.20
33121.66
33129.09
33136.63
33144.18
33151.64
33158.97
33166.39
33173.77
33181.26
33188.79
33196.28
33203.84
33211.34
33218.68
33226.10
33233.55
33241.00
33248.52
33256.08
33263.66
33271.14
33278.60
33285.99
33293.45
33300.98
33308.47
33316.07
33323.63
33331.16
33338.54
33346.02
33353.39
33360.98
33368.56
33376.11
33383.71
33391.28
33398.71
33406.18
33413.64
33421.20
33428.79
33436.35
33443.97
33451.53
33458.97
33466.45
33473.99
33481.54
33489.17
33496.77
33504.36
33511.94
33519.42
33526.95
33534.47
33542.02
33549.64
33557.28
33564.90
33572.51
33580.00
33587.50
33595.03
33602.66
33610.27
33617.97
33625.57
33633.22
33640.70
33648.26
33655.82
33663.40
33671.09
33678.74
33686.40
33694.02
33701.57
33709.15
33716.71
33724.30
33732.02
33739.70
33747.41
33755.04
33762.60
33770.17
33777.73
33785.41
33793.10
33800.77
33808.51
33816.14
33823.74
33831.30
33838.93
33846.57
33854.30
33861.99
33869.73
33877.41
33884.96
33892.61
33900.26
33907.97
33915.66
33923.40
33931.16
33938.86
33946.45
33954.11
33961.74
33969.46
33977.20
33985.00
33992.71
34000.45
34008.04
34015.71
34023.38
34031.09
34038.85
34046.63
34054.43
34062.18
34069.79
34077.46
34085.17
34092.86
34100.70
34108.46
34116.26
34124.05
34131.73
34139.35
34147.09
34154.87
34162.66
34170.50
34178.32
34186.05
34193.71
34201.46
34209.13
34216.93
34224.70
34232.60
34240.43
34248.24
34255.94
34263.66
34271.41
34279.18
34287.02
34294.89
34302.78
34310.52
34318.26
34326.02
34333.77
34341.59
34349.47
34357.29
34365.19
34373.02
34380.73
34388.52
34396.32
34404.12
34412.02
34419.89
34427.78
34435.63
34443.39
34451.18
34458.95
34466.81
34474.65
34482.62
34490.57
34498.43
34506.21
34513.97
34521.79
34529.62
34537.55
34545.51
34553.46
34561.35
34569.11
34576.98
34584.80
34592.69
34600.64
34608.52
34616.50
34624.43
34632.21
34640.07
34647.95
34655.83
34663.79
34671.80
34679.71
34687.68
34695.52
34703.36
34711.23
34719.13
34727.14
34735.02
34743.15
34751.06
34758.95
34766.78
34774.69
34782.68
34790.64
34798.64
34806.66
34814.63
34822.50
34830.37
34838.33
34846.30
34854.24
34862.34
34870.32
34878.32
34886.18
34894.15
34902.04
34910.02
34918.05
34926.13
34934.19
34942.23
34950.12
34958.04
34965.96
34973.98
34982.04
34990.13
34998.21
35006.21
35014.12
35022.10
35030.04
35038.12
35046.17
35054.27
35062.25
35070.38
35078.35
35086.31
35094.29
35102.35
35110.39
35118.53
35126.68
35134.73
35142.69
35150.67
35158.69
35166.75
35174.84
35182.97
35191.14
35199.23
35207.18
35215.22
35223.25
35231.30
35239.45
35247.61
35255.75
35263.91
35271.84
35279.85
35287.97
35296.05
35304.22
35312.38
35320.53
35328.66
35336.74
35344.78
35352.85
35360.98
35369.13
35377.36
35385.54
35393.70
35401.67
35409.80
35417.90
35426.00
35434.22
35442.45
35450.63
35458.82
35466.92
35474.99
35483.07
35491.25
35499.48
35507.69
35515.96
35524.14
35532.22
35540.31
35548.45
35556.63
35564.86
35573.14
35581.43
35589.57
35597.70
35605.87
35614.01
35622.20
35630.48
35638.67
35647.05
35655.24
35663.35
35671.51
35679.69
35687.90
35696.19
35704.48
35712.76
35721.04
35729.17
35737.36
35745.48
35753.77
35762.05
35770.38
35778.70
35786.95
35795.14
35803.27
35811.55
35819.84
35828.14
35836.47
35844.83
35853.11
35861.28
35869.50
35877.75
35886.04
35894.41
35902.70
35911.08
35919.40
35927.62
35935.81
35944.12
35952.43
35960.78
35969.14
35977.52
35985.85
35994.10
36002.33
36010.63
36018.96
36027.33
36035.77
36044.16
36052.50
36060.77
36069.04
36077.35
36085.66
36094.04
36102.40
36110.89
36119.32
36127.58
36135.87
36144.19
36152.57
36160.96
36169.45
36177.86
36186.31
36194.59
36202.88
36211.25
36219.62
36228.02
36236.52
36245.02
36253.37
36261.75
36270.06
36278.44
36286.87
36295.31
36303.79
36312.28
36320.69
36329.06
36337.41
36345.73
36354.22
36362.73
36371.22
36379.76
36388.22
36396.54
36404.88
36413.35
36421.79
36430.28
36438.81
36447.37
36455.84
36464.24
36472.62
36481.05
36489.55
36498.09
36506.59
36515.17
36523.70
36532.07
36540.47
36548.90
36557.48
36566.01
36574.53
36583.20
36591.67
36600.08
36608.55
36617.02
36625.53
36634.10
36642.70
36651.34
36659.86
36668.31
36676.76
36685.29
36693.82
36702.43
36711.02
36719.64
36728.22
36736.70
36745.19
36753.72
36762.30
36770.91
36779.53
36788.14
36796.79
36805.27
36813.73
36822.28
36830.89
36839.50
36848.14
36856.89
36865.49
36873.94
36882.49
36891.05
36899.66
36908.35
36917.04
36925.70
36934.41
36942.90
36951.46
36960.06
36968.68
36977.34
36986.03
36994.73
37003.46
37011.95
37020.54
37029.09
37037.81
37046.54
37055.23
37063.93
37072.67
37081.21
37089.83
37098.40
37107.13
37115.85
37124.59
37133.38
37142.14
37150.71
37159.31
37167.98
37176.63
37185.41
37194.16
37202.98
37211.72
37220.30
37228.95
37237.58
37246.36
37255.10
37263.88
37272.75
37281.46
37290.15
37298.84
37307.49
37316.23
37325.05
37333.79
37342.71
37351.53
37360.18
37368.82
37377.57
37386.28
37395.12
37404.00
37412.88
37421.63
37430.31
37439.05
37447.79
37456.57
37465.43
37474.30
37483.18
37491.98
37500.69
37509.41
37518.21
37527.03
37535.88
37544.77
37553.66
37562.51
37571.27
37579.99
37588.77
37597.61
37606.55
37615.43
37624.35
37633.23
37642.00
37650.74
37659.54
37668.41
37677.29
37686.25
37695.19
37704.13
37712.91
37721.66
37730.50
37739.43
37748.38
37757.32
37766.29
37775.19
37784.02
37792.82
37801.63
37810.57
37819.53
37828.49
37837.56
37846.51
37855.29
37864.15
37873.05
37881.93
37890.92
37899.96
37908.98
37917.95
37926.80
37935.63
37944.52
37953.54
37962.54
37971.50
37980.59
37989.61
37998.52
38007.40
38016.30
38025.26
38034.32
38043.31
38052.48
38061.43
38070.38
38079.30
38088.21
38097.24
38106.23
38115.34
38124.46
38133.47
38142.38
38151.34
38160.36
38169.38
38178.43
38187.57
38196.66
38205.70
38214.61
38223.63
38232.61
38241.70
38250.82
38259.87
38269.06
38278.12
38287.05
38296.02
38305.13
38314.16
38323.31
38332.43
38341.64
38350.72
38359.78
38368.69
38377.84
38386.88
38396.04
38405.22
38414.45
38423.56
38432.59
38441.62
38450.66
38459.81
38468.98
38478.14
38487.40
38496.57
38505.59
38514.62
38523.81
38532.93
38542.08
38551.34
38560.63
38569.77
38578.82
38587.91
38597.05
38606.21
38615.46
38624.74
38633.98
38643.16
38652.26
38661.33
38670.56
38679.74
38689.02
38698.25
38707.54
38716.75
38725.84
38735.00
38744.21
38753.41
38762.64
38771.98
38781.33
38790.56
38799.68
38808.90
38818.06
38827.30
38836.61
38845.96
38855.28
38864.51
38873.73
38882.89
38892.12
38901.36
38910.73
38920.04
38929.43
38938.71
38947.93
38957.14
38966.34
38975.67
38984.98
38994.41
39003.80
39013.10
39022.34
39031.56
39040.77
39050.16
39059.52
39068.97
39078.38
39087.71
39096.96
39106.23
39115.50
39124.89
39134.25
39143.64
39153.18
39162.52
39171.80
39181.02
39190.41
39199.74
39209.19
39218.68
39228.16
39237.54
39246.83
39256.18
39265.52
39274.91
39284.29
39293.82
39303.34
39312.77
39322.05
39331.38
39340.79
39350.21
39359.68
39369.18
39378.72
39388.17
39397.50
39406.84
39416.27
39425.65
39435.23
39444.75
39454.30
39463.79
39473.14
39482.50
39491.95
39501.45
39510.98
39520.56
39530.14
39539.60
39548.98
39558.33
39567.82
39577.36
39586.95
39596.49
39606.10
39615.63
39625.05
39634.49
39643.98
39653.53
39663.10
39672.66
39682.34
39691.91
39701.30
39710.77
39720.28
39729.88
39739.47
39749.09
39758.73
39768.31
39777.78
39787.29
39796.79
39806.40
39816.06
39825.68
39835.40
39844.98
39854.50
39864.02
39873.59
39883.19
39892.85
39902.52
39912.27
39921.90
39931.43
39940.95
39950.56
39960.19
39969.81
39979.59
39989.31
39998.97
40008.49
40018.05
40027.70
40037.37
40047.03
40056.86
40066.50
40076.30
40085.81
40095.45
40105.09
40114.79
40124.53
40134.30
40144.05
40153.79
40163.33
40173.03
40182.68
40192.31
40202.16
40211.95
40221.74
40231.55
40241.16
40250.81
40260.44
40270.24
40280.05
40289.81
40299.64
40309.44
40319.07
40328.82
40338.52
40348.27
40358.14
40367.99
40377.85
40387.61
40397.34
40407.04
40416.79
40426.55
40436.41
40446.29
40456.24
40465.99
40475.75
40485.45
40495.27
40505.06
40514.96
40524.91
40534.84
40544.64
40554.37
40564.18
40573.94
40583.86
40593.72
40603.62
40613.59
40623.53
40633.30
40643.02
40652.89
40662.73
40672.72
40682.70
40692.63
40702.59
40712.27
40722.18
40732.04
40741.95
40751.94
40761.84
40771.90
40781.83
40791.68
40801.49
40811.39
40821.31
40831.30
40841.31
40851.38
40861.34
40871.18
40881.05
40890.98
40900.93
40910.93
40920.97
40931.03
40941.07
40950.93
40960.84
40970.78
40980.71
40990.75
41000.87
41010.99
41021.03
41030.88
41040.86
41050.84
41060.76
41070.95
41081.03
41091.06
41101.23
41111.16
41121.13
41131.11
41141.04
41151.28
41161.38
41171.58
41181.62
41191.57
41201.59
41211.57
41221.64
41231.82
41241.95
41252.16
41262.25
41272.27
41282.30
41292.32
41302.45
41312.60
41322.76
41333.03
41343.13
41353.21
41363.23
41373.28
41383.45
41393.58
41403.83
41414.13
41424.23
41434.32
41444.35
41454.50
41464.67
41474.85
41485.13
41495.37
41505.61
41515.69
41525.79
41535.89
41546.11
41556.36
41566.66
41576.94
41587.15
41597.33
41607.43
41617.55
41627.80
41638.09
41648.36
41658.73
41669.00
41679.14
41689.23
41699.50
41709.77
41720.05
41730.34
41740.73
41751.05
41761.20
41771.39
41781.67
41791.89
41802.27
41812.63
41823.06
41833.37
41843.56
41853.77
41864.00
41874.37
41884.72
41895.14
41905.56
41915.86
41926.12
41936.36
41946.67
41956.96
41967.39
41977.73
41988.33
41998.71
42008.93
42019.19
42029.52
42039.95
42050.34
42060.80
42071.25
42081.66
42091.98
42102.21
42112.61
42123.02
42133.51
42143.96
42154.53
42164.94
42175.19
42185.60
42195.95
42206.39
42216.88
42227.44
42237.98
42248.46
42258.75
42269.07
42279.55
42290.02
42300.52
42311.11
42321.68
42332.20
42342.63
42352.96
42363.41
42373.88
42384.44
42395.05
42405.66
42416.19
42426.64
42437.07
42447.45
42458.05
42468.64
42479.22
42489.86
42500.48
42510.89
42521.34
42531.81
42542.38
42553.07
42563.60
42574.38
42584.96
42595.45
42605.91
42616.44
42627.02
42637.72
42648.34
42659.05
42669.73
42680.21
42690.72
42701.30
42711.93
42722.64
42733.32
42744.02
42754.68
42765.14
42775.79
42786.35
42797.04
42807.73
42818.51
42829.27
42839.97
42850.50
42861.10
42871.71
42882.38
42893.15
42903.94
42914.75
42925.46
42936.06
42946.62
42957.34
42968.09
42978.87
42989.64
43000.47
43011.22
43021.90
43032.49
43043.12
43053.94
43064.77
43075.63
43086.50
43097.29
43107.90
43118.63
43129.20
43140.09
43150.93
43161.80
43172.76
43183.57
43194.28
43204.95
43215.71
43226.55
43237.34
43248.33
43259.27
43270.08
43280.82
43291.53
43302.32
43313.19
43324.11
43335.04
43345.98
43356.89
43367.69
43378.39
43389.24
43400.09
43411.06
43422.05
43433.02
43444.00
43454.70
43465.52
43476.41
43487.32
43498.31
43509.30
43520.37
43531.29
43542.07
43552.89
43563.84
43574.76
43585.82
43596.86
43607.83
43618.90
43629.73
43640.60
43651.52
43662.50
43673.54
43684.58
43695.72
43706.75
43717.67
43728.59
43739.50
43750.48
43761.61
43772.70
43783.86
43794.90
43805.80
43816.77
43827.76
43838.77
43849.95
43860.98
43872.23
43883.32
43894.25
43905.19
43916.23
43927.34
43938.45
43949.66
43960.84
43971.96
43982.98
43993.95
44004.94
44016.15
44027.30
44038.50
44049.67
44060.87
44071.95
44082.99
44094.02
44105.13
44116.39
44127.65
44138.90
44150.12
44161.18
44172.25
44183.38
44194.54
44205.80
44217.07
44228.38
44239.64
44250.65
44261.82
44272.98
44284.13
44295.47
44306.79
44318.09
44329.39
44340.45
44351.65
44362.82
44374.06
44385.48
44396.76
44408.14
44419.48
44430.50
44441.77
44452.99
44464.26
44475.66
44487.04
44498.43
44509.75
44520.97
44532.17
44543.44
44554.79
44566.09
44577.51
44588.96
44600.39
44611.62
44622.85
44634.17
44645.52
44656.93
44668.36
44679.84
44691.21
44702.46
44713.75
44725.11
44736.50
44747.97
44759.48
44771.01
44782.40
44793.66
44804.98
44816.43
44827.84
44839.33
44850.87
44862.37
44873.90
44885.20
44896.48
44907.98
44919.41
44930.97
44942.54
44954.14
44965.55
44976.96
44988.38
44999.81
45011.32
45022.91
45034.49
45046.05
45057.66
45069.02
45080.51
45091.95
45103.51
45115.12
45126.61
45138.41
45150.01
45161.48
45172.89
45184.38
45196.00
45207.64
45219.26
45231.01
45242.59
45254.07
45265.60
45277.16
45288.76
45300.40
45312.11
45323.84
45335.44
45347.04
45358.51
45370.15
45381.73
45393.56
45405.22
45416.99
45428.78
45440.25
45451.86
45463.37
45475.14
45486.90
45498.70
45510.48
45522.20
45533.79
45545.43
45557.10
45568.84
45580.59
45592.41
45604.26
45616.06
45627.69
45639.33
45650.94
45662.73
45674.65
45686.41
45698.40
45710.18
45721.81
45733.49
45745.28
45757.00
45768.82
45780.79
45792.73
45804.57
45816.29
45827.99
45839.74
45851.61
45863.50
45875.43
45887.46
45899.23
45910.96
45922.78
45934.59
45946.46
45958.37
45970.34
45982.34
45994.30
46005.98
46017.85
46029.61
46041.59
46053.52
46065.61
46077.60
46089.55
46101.41
46113.25
46125.03
46137.04
46149.06
46161.11
46173.21
46185.20
46197.02
46208.88
46220.86
46232.88
46244.93
46256.99
46269.14
46281.17
46293.08
46304.99
46316.93
46328.94
46341.11
46353.21
46365.39
46377.43
46389.34
46401.25
46413.32
46425.41
46437.52
46449.69
46461.90
46474.04
46485.95
46497.98
46510.05
46522.06
46534.32
46546.55
46558.73
46570.95
46582.90
46594.93
46606.99
46619.16
46631.40
46643.62
46655.78
46668.11
46680.10
46692.11
46704.30
46716.52
46728.71
46741.05
46753.41
46765.60
46777.70
46789.71
46801.95
46814.20
46826.47
46838.83
46851.14
46863.43
46875.54
46887.65
46899.93
46912.21
46924.57
46936.90
46949.32
46961.57
46973.79
46986.00
46998.23
47010.59
47022.95
47035.35
47047.76
47060.09
47072.32
47084.57
47096.82
47109.19
47121.59
47134.09
47146.52
47158.87
47171.23
47183.43
47195.82
47208.17
47220.53
47233.10
47245.63
47258.07
47270.37
47282.66
47295.08
47307.43
47319.99
47332.54
47345.07
47357.49
47369.84
47382.22
47394.64
47407.12
47419.66
47432.23
47444.81
47457.38
47469.71
47482.17
47494.57
47507.06
47519.66
47532.29
47545.01
47557.57
47569.95
47582.38
47594.87
47607.41
47620.02
47632.72
47645.44
47658.06
47670.38
47682.81
47695.50
47708.06
47720.78
47733.51
47746.21
47758.82
47771.26
47783.86
47796.44
47809.02
47821.77
47834.53
47847.33
47860.00
47872.50
47885.10
47897.66
47910.36
47923.15
47935.95
47948.78
47961.46
47974.05
47986.60
47999.36
48012.05
48024.87
48037.68
48050.55
48063.30
48075.93
48088.61
48101.31
48114.05
48126.88
48139.76
48152.71
48165.48
48178.20
48190.92
48203.62
48216.46
48229.37
48242.30
48255.28
48268.03
48280.77
48293.53
48306.30
48319.20
48332.12
48345.10
48358.11
48370.99
48383.75
48396.52
48409.31
48422.30
48435.25
48448.18
48461.32
48474.25
48487.04
48499.85
48512.71
48525.62
48538.70
48551.72
48564.88
48577.85
48590.68
48603.53
48616.46
48629.45
48642.48
48655.64
48668.79
48681.83
48694.67
48707.54
48720.61
48733.48
48746.68
48759.84
48773.04
48786.11
48799.05
48812.03
48825.06
48838.11
48851.27
48864.48
48877.64
48890.86
48903.81
48916.84
48929.83
48943.00
48956.18
48969.45
48982.76
48995.87
49008.91
49021.95
49035.07
49048.27
49061.46
49074.71
49088.11
49101.26
49114.37
49127.50
49140.63
49153.74
49167.13
49180.38
49193.80
49207.14
49220.15
49233.25
49246.53
49259.73
49273.09
49286.51
49299.87
49313.23
49326.36
49339.53
49352.83
49366.17
49379.52
49392.91
49406.41
49419.81
49433.02
49446.21
49459.48
49472.89
49486.20
49499.80
49513.27
49526.73
49539.98
49553.19
49566.54
49579.93
49593.46
49606.95
49620.51
49634.01
49647.25
49660.61
49673.91
49687.38
49701.02
49714.50
49728.16
49741.66
49755.09
49768.43
49781.77
49795.32
49808.82
49822.48
49836.17
49849.68
49863.01
49876.53
49889.96
49903.51
49917.21
49930.78
49944.55
49958.14
49971.56
49984.98
49998.57
50012.12
50025.85
50039.53
50053.38
50066.89
50080.45
50093.96
50107.57
50121.25
50134.98
50148.74
50162.55
50176.23
50189.78
50203.34
50216.89
50230.64
50244.46
50258.24
50272.15
50285.78
50299.48
50313.04
50326.73
50340.43
50354.31
50368.17
50382.08
50395.91
50409.49
50423.16
50436.80
50450.64
50464.54
50478.45
50492.39
50506.28
50519.94
50533.60
50547.39
50561.29
50575.18
50589.16
50603.15
50617.09
50630.75
50644.57
50658.44
50672.26
50686.23
50700.30
50714.35
50728.35
50742.07
50755.96
50769.79
50783.75
50797.83
50811.84
50825.96
50839.91
50853.79
50867.62
50881.56
50895.56
50909.71
50923.80
50937.98
50952.02
50965.91
50979.83
50993.80
51007.80
51022.00
51036.15
51050.35
51064.45
51078.33
51092.38
51106.33
51120.45
51134.69
51148.86
51163.09
51177.40
51191.28
51205.38
51219.35
51233.59
51247.77
51262.08
51276.39
51290.63
51304.72
51318.76
51332.89
51347.14
51361.38
51375.69
51390.13
51404.39
51418.43
51432.63
51446.73
51461.10
51475.41
51489.77
51504.19
51518.59
51532.51
51546.82
51561.06
51575.36
51589.77
51604.23
51618.65
51633.11
51647.32
51661.53
51675.82
51690.19
51704.64
51719.10
51733.67
51748.11
51762.36
51776.64
51791.00
51805.40
51819.89
51834.44
51849.11
51863.51
51877.79
51892.19
51906.54
51920.98
51935.57
51950.23
51964.89
51979.41
51993.70
52008.14
52022.61
52037.18
52051.82
52066.46
52081.15
52095.76
52110.20
52124.67
52138.99
52153.73
52168.43
52183.12
52197.88
52212.54
52227.00
52241.52
52256.09
52270.69
52285.29
52300.24
52315.01
52329.63
52344.24
52358.78
52373.40
52388.12
52402.94
52417.73
52432.56
52447.38
52461.96
52476.49
52491.22
52506.02
52520.82
52535.75
52550.68
52565.49
52580.13
52594.79
52609.58
52624.25
52639.29
52654.21
52669.17
52683.98
52698.79
52713.49
52728.24
52743.14
52758.12
52773.09
52788.25
52803.16
52817.86
52832.60
52847.55
52862.43
52877.45
52892.46
52907.68
52922.59
52937.38
52952.31
52967.15
52982.18
52997.24
53012.35
53027.52
53042.56
53057.38
53072.34
53087.22
53102.33
53117.41
53132.68
53147.82
53163.03
53177.86
53192.92
53207.97
53223.01
53238.23
53253.46
53268.82
53283.86
53298.93
53313.99
53329.02
53344.25
53359.45
53374.82
53390.11
53405.33
53420.39
53435.43
53450.62
53465.70
53481.15
53496.48
53511.88
53527.21
53542.40
53557.50
53572.68
53588.03
53603.25
53618.75
53634.13
53649.50
53664.64
53679.86
53695.11
53710.53
53725.94
53741.48
53757.04
53772.34
53787.60
53802.84
53818.17
53833.60
53848.99
53864.57
53880.20
53895.78
53911.04
53926.37
53941.80
53957.23
53972.82
53988.37
54004.03
54019.64
54034.96
54050.27
54065.69
54081.33
54096.95
54112.59
54128.38
54143.88
54159.33
54174.77
54190.28
54205.86
54221.61
54237.35
54253.03
54268.69
54284.17
54299.74
54315.22
54330.99
54346.70
54362.54
54378.30
54394.10
54409.62
54425.23
54440.85
54456.54
54472.44
54488.13
54504.17
54519.91
54535.55
54551.22
54566.83
54582.70
54598.64
54614.52
54630.44
54646.27
54662.03
54677.76
54693.47
54709.30
54725.30
54741.28
54757.34
54773.18
54788.91
54804.70
54820.47
54836.47
54852.47
54868.61
54884.54
54900.64
54916.43
54932.29
54948.10
54964.17
54980.17
54996.38
55012.54
55028.54
55044.43
55060.27
55076.17
55092.27
55108.40
55124.62
55140.82
55157.08
55172.86
55188.82
55204.88
55221.05
55237.34
55253.57
55269.91
55286.09
55301.93
55318.07
55334.20
55350.41
55366.58
55382.98
55399.36
55415.63
55431.64
55447.79
55463.93
55480.21
55496.39
55512.95
55529.34
55545.67
55561.73
55577.96
55594.13
55610.54
55626.91
55643.49
55659.93
55676.29
55692.46
55708.76
55724.99
55741.36
55757.97
55774.46
55791.07
55807.47
55823.78
55840.11
55856.43
55872.94
55889.46
55906.09
55922.78
55939.34
55955.63
55972.07
55988.41
56005.02
56021.68
56038.23
56054.99
56071.59
56088.03
56104.46
56121.02
56137.60
56154.28
56171.06
56187.85
56204.46
56220.97
56237.48
56254.10
56270.73
56287.49
56304.28
56321.18
56338.00
56354.53
56371.01
56387.75
56404.53
56421.28
56438.19
56455.22
56471.99
56488.60
56505.32
56522.02
56538.70
56555.79
56572.63
56589.77
56606.70
56623.34
56640.09
56656.90
56673.83
56690.80
56707.86
56724.91
56741.91
56758.69
56775.47
56792.40
56809.30
56826.39
56843.40
56860.64
56877.73
56894.54
56911.41
56928.36
56945.34
56962.57
56979.76
56996.95
57014.11
57031.02
57047.80
57064.95
57082.11
57099.30
57116.54
57133.93
57151.13
57168.05
57185.16
57202.26
57219.45
57236.79
57254.14
57271.50
57288.75
57305.83
57322.94
57340.05
57357.40
57374.79
57392.23
57409.67
57427.01
57444.13
57461.31
57478.58
57495.93
57513.40
57530.84
57548.47
57565.79
57583.07
57600.32
57617.63
57635.16
57652.62
57670.27
57687.85
57705.46
57722.66
57739.86
57757.45
57774.84
57792.51
57810.15
57827.93
57845.49
57862.93
57880.25
57897.85
57915.36
57933.09
57950.87
57968.61
57986.32
58003.73
58021.22
58038.79
58056.34
58074.19
58092.04
58109.89
58127.67
58145.18
58162.65
58180.41
58198.18
58215.95
58233.89
58251.84
58269.73
58287.34
58304.99
58322.64
58340.50
58358.43
58376.44
58394.46
58412.40
58430.03
58447.91
58465.68
58483.65
58501.64
58519.71
58537.84
58555.83
58573.65
58591.46
58609.33
58627.38
58645.35
58663.61
58681.72
58699.91
58717.70
58735.63
58753.66
58771.64
58789.82
58808.11
58826.50
58844.59
58862.57
58880.53
58898.52
58916.76
58935.01
58953.37
58971.76
58989.94
59007.91
59026.08
59044.23
59062.43
59080.89
59099.27
59117.80
59136.05
59154.21
59172.36
59190.65
59208.98
59227.39
59245.94
59264.38
59282.89
59301.10
59319.35
59337.63
59356.02
59374.68
59393.14
59411.78
59430.30
59448.59
59466.92
59485.29
59503.84
59522.51
59541.21
59559.93
59578.53
59596.87
59615.33
59633.75
59652.44
59671.13
59689.91
59708.75
59727.48
59745.93
59764.46
59783.01
59801.75
59820.53
59839.21
59858.30
59877.03
59895.62
59914.29
59932.88
59951.71
59970.61
59989.49
60008.59
60027.43
60046.05
60064.71
60083.50
60102.29
60121.41
60140.45
60159.53
60178.46
60197.29
60215.79
60234.85
60253.86
60272.96
60292.07
60311.23
60330.41
60349.21
60368.04
60386.98
60406.11
60425.29
60444.53
60463.85
60483.00
60501.88
60520.88
60539.86
60559.02
60578.30
60597.66
60616.97
60636.27
60655.35
60674.34
60693.50
60712.79
60732.14
60751.51
60771.03
60790.42
60809.44
60828.63
60847.86
60867.28
60886.74
60906.27
60925.78
60945.22
60964.51
60983.80
61003.08
61022.54
61042.15
61061.71
61081.43
61100.86
61120.21
61139.60
61159.03
61178.59
61198.29
61217.95
61237.76
61257.39
61276.78
61296.01
61315.74
61335.29
61355.14
61374.95
61394.88
61414.55
61434.10
61453.70
61473.22
61493.09
61512.93
61532.82
61552.82
61572.70
61592.21
61611.95
61631.70
61651.46
61671.44
61691.50
61711.40
61731.55
61751.18
61770.99
61790.82
61810.77
61830.86
61851.02
61871.21
61891.27
61911.02
61930.86
61950.70
61970.88
61991.01
62011.15
62031.54
62051.66
62071.57
62091.46
62111.59
62131.63
62152.01
62172.30
62192.74
62213.05
62233.01
62253.04
62273.20
62293.44
62313.95
62334.33
62354.86
62375.27
62395.33
62415.46
62435.73
62456.15
62476.54
62496.89
62517.74
62538.28
62558.46
62578.59
62599.07
62619.56
62640.18
62660.80
62681.48
62702.07
62722.35
62742.86
62763.23
62783.82
62804.60
62825.39
62846.14
62866.78
62887.20
62907.78
62928.43
62949.00
62969.85
62990.80
63011.70
63032.50
63052.88
63073.71
63094.33
63115.17
63136.11
63157.03
63178.20
63199.06
63219.66
63240.38
63261.10
63282.02
63303.17
63324.27
63345.30
63366.41
63387.14
63407.85
63428.88
63450.01
63471.12
63492.43
63513.69
63534.83
63555.59
63576.59
63597.64
63618.84
63640.15
63661.44
63682.86
63704.13
63724.97
63746.13
63767.27
63788.51
63809.88
63831.38
63852.89
63874.17
63895.30
63916.37
63937.79
63959.14
63980.61
64002.15
64023.83
64045.36
64066.50
64087.83
64109.10
64130.66
64152.39
64173.89
64195.77
64217.44
64238.80
64260.14
64281.69
64303.29
64325.06
64346.88
64368.72
64390.46
64411.80
64433.43
64455.03
64476.86
64498.65
64520.59
64542.61
64564.39
64585.94
64607.66
64629.50
64651.27
64673.30
64695.34
64717.54
64739.55
64761.18
64782.87
64804.74
64826.76
64849.00
64871.10
64893.43
64915.51
64937.28
64959.18
64981.14
65003.40
65025.54
65047.90
65070.21
65092.47
65114.49
65136.43
65158.60
65180.81
65203.17
65225.59
65248.13
65270.51
65292.49
65314.65
65336.88
65359.21
65381.80
65404.48
65427.12
65449.53
65471.73
65494.04
65516.39
65538.99
65561.63
65584.37
65607.05
65629.67
65652.06
65674.41
65696.94
65719.52
65742.32
65765.20
65788.08
65810.77
65833.24
65855.76
65878.46
65901.15
65924.15
65947.07
65970.20
65993.04
66015.52
66038.27
66060.97
66084.04
66107.10
66130.27
66153.38
66176.42
66199.04
66221.98
66244.86
66267.88
66291.11
66314.35
66337.73
66360.60
66383.65
66406.70
66429.77
66452.76
66476.12
66499.56
66522.95
66546.33
66569.28
66592.45
66615.61
66638.82
66662.33
66685.88
66709.56
66732.88
66756.11
66779.35
66802.70
66826.06
66849.88
66873.54
66897.24
66920.91
66943.96
66967.45
66991.05
67014.56
67038.40
67062.20
67086.04
67109.49
67133.20
67156.77
67180.39
67204.09
67228.04
67252.04
67275.99
67299.73
67323.48
67347.15
67371.03
67394.82
67418.96
67443.13
67467.13
67491.29
67514.98
67538.80
67562.73
67586.80
67610.84
67635.28
67659.44
67683.74
67707.67
67731.47
67755.70
67779.77
67804.22
67828.57
67853.20
67877.46
67901.59
67925.60
67949.73
67974.25
67998.70
68023.38
68048.10
68072.55
68096.65
68121.02
68145.38
68169.89
68194.60
68219.11
68244.13
68268.67
68293.10
68317.54
68342.03
68366.75
68391.54
68416.45
68441.44
68466.32
68490.77
68515.26
68539.99
68564.87
68589.84
68614.91
68640.02
68665.08
68689.67
68714.28
68739.34
68764.27
68789.52
68814.75
68840.02
68865.24
68889.92
68914.85
68939.87
68964.81
68990.39
69015.78
69041.20
69066.48
69091.60
69116.48
69141.75
69167.05
69192.55
69218.08
69243.82
69269.19
69294.43
69319.76
69344.93
69370.55
69396.12
69421.98
69447.76
69473.38
69498.64
69524.19
69549.57
69575.46
69601.22
69627.08
69653.02
69678.84
69704.33
69729.98
69755.69
69781.49
69807.48
69833.51
69859.80
69885.77
69911.26
69937.25
69963.09
69989.02
70015.30
70041.30
70067.88
70093.86
70119.97
70145.91
70171.94
70198.13
70224.49
70250.91
70277.47
70303.70
70329.80
70355.82
70382.09
70408.48
70435.02
70461.71
70488.41
70514.81
70541.19
70567.45
70593.95
70620.35
70647.12
70674.12
70700.96
70727.70
70754.03
70780.57
70807.14
70833.93
70860.79
70887.64
70914.92
70941.76
70968.41
70995.09
71021.79
71048.78
71075.91
71103.12
71130.48
71157.53
71184.23
71210.98
71238.05
71265.27
71292.63
71319.80
71347.47
71374.83
71401.63
71428.84
71455.82
71483.40
71510.82
71538.44
71566.12
71593.64
71620.68
71647.94
71675.41
71702.95
71730.63
71758.39
71786.34
71814.09
71841.44
71868.84
71896.34
71924.20
71952.05
71980.13
72008.01
72036.06
72063.61
72091.30
72119.15
72146.98
72175.16
72203.29
72231.63
72259.77
72287.54
72315.39
72343.41
72371.60
72399.84
72428.35
72456.88
72485.20
72513.26
72541.32
72569.55
72597.66
72626.39
72655.01
72683.64
72712.27
72740.52
72768.72
72796.99
72825.61
72854.56
72883.36
72912.32
72940.95
72969.45
72997.80
73026.55
73055.32
73084.33
73113.57
73142.69
73171.81
73200.21
73228.98
73257.77
73286.58
73316.10
73345.55
73374.93
73404.10
73432.91
73461.76
73490.91
73520.04
73549.60
73579.03
73608.53
73638.07
73667.22
73696.27
73725.76
73755.21
73784.87
73814.73
73844.63
73874.05
73903.53
73933.02
73962.53
73992.25
74022.23
74052.21
74082.18
74111.94
74141.58
74171.27
74200.97
74231.09
74261.15
74291.51
74321.76
74351.88
74381.63
74411.63
74441.52
74471.93
74502.31
74532.78
74563.34
74593.77
74623.89
74653.80
74684.22
74714.59
74745.13
74776.03
74806.76
74837.53
74867.62
74898.01
74928.70
74959.32
74990.27
75021.20
75052.28
75083.20
75113.82
75144.48
75175.21
75206.13
75237.27
75268.63
75299.91
75331.05
75361.97
75392.76
75423.70
75455.15
75486.58
75518.13
75549.69
75581.13
75612.12
75643.45
75674.56
75706.23
75737.88
75769.62
75801.14
75833.14
75864.67
75896.13
75927.62
75959.41
75991.02
76023.47
76055.38
76087.52
76118.86
76150.75
76182.53
76214.71
76246.95
76279.33
76311.63
76344.08
76375.97
76408.01
76440.10
76472.25
76504.98
76537.51
76570.41
76602.93
76634.95
76667.20
76699.69
76732.29
76765.22
76798.24
76831.12
76864.06
76896.34
76928.77
76961.46
76994.61
77027.80
77060.91
77094.38
77127.30
77160.18
77192.91
77225.97
77259.30
77292.56
77326.10
77359.96
77393.22
77426.32
77459.41
77492.62
77526.23
77560.08
77593.88
77627.91
77661.76
77695.04
77728.42
77762.05
77796.07
77830.13
77863.99
77898.63
77932.66
77966.13
77999.79
78033.82
78068.08
78102.34
78136.97
78171.54
78205.93
78239.98
78274.15
78308.41
78342.93
78377.61
78412.02
78447.01
78482.07
78516.34
78550.78
78585.45
78620.14
78655.29
78690.38
78725.59
78760.67
78795.41
78830.09
78865.06
78900.30
78935.56
78971.04
79006.94
79042.17
79077.33
79112.43
79147.65
79183.13
79218.80
79254.66
79290.66
79326.38
79361.63
79397.29
79432.67
79468.60
79504.84
79541.15
79577.36
79613.57
79649.29
79685.06
79721.06
79757.27
79793.77
79829.98
79867.02
79903.52
79939.54
79975.70
80012.19
80048.68
80085.63
80122.54
80159.63
80196.55
80233.05
80269.77
80306.43
80343.39
80380.69
80417.90
80455.62
80492.70
80529.59
80566.24
80603.38
80640.87
80678.34
80716.38
80754.00
80791.88
80829.06
80866.37
80904.06
80941.86
80979.91
81018.02
81056.22
81094.43
81131.98
81169.61
81207.63
81245.77
81284.17
81322.80
81361.58
81399.85
81437.98
81476.11
81514.60
81553.19
81591.96
81631.07
81670.32
81709.14
81747.63
81785.80
81824.84
81863.95
81903.36
81942.71
81982.27
82021.69
82060.45
82099.70
82138.91
82178.32
82218.20
82257.98
82297.63
82337.98
82377.24
82416.73
82456.30
82496.22
82536.43
82576.90
82617.33
82657.56
82697.52
82737.38
82777.52
82817.97
82858.73
82899.08
82940.41
82981.02
83021.52
83061.86
83102.45
83143.39
83184.54
83225.81
83267.20
83308.43
83349.23
83390.09
83431.38
83472.67
83514.27
83556.23
83598.12
83639.90
83681.01
83722.43
83764.01
83805.98
83848.12
83890.64
83933.03
83975.25
84016.98
84058.82
84100.97
84143.70
84186.27
84229.23
84272.20
84314.87
84356.95
84399.45
84442.26
84484.84
84528.36
84571.95
84615.45
84659.05
84701.75
84744.52
84787.91
84831.45
84875.26
84918.77
84963.05
85007.28
85050.70
85093.99
85137.93
85181.97
85226.38
85271.02
85315.68
85360.27
85404.26
85448.37
85492.87
85537.60
85582.58
85627.73
85673.05
85717.90
85762.64
85807.32
85852.13
85897.66
85943.23
85989.15
86035.00
86080.62
86125.91
86171.24
86216.62
86262.42
86308.81
86355.30
86402.19
86448.44
86494.34
86540.13
86586.44
86633.12
86679.66
86727.08
86773.91
86821.47
86867.81
86914.53
86961.15
87008.55
87056.23
87104.09
87152.13
87199.75
87246.98
87294.27
87341.83
87389.85
87438.07
87486.47
87535.31
87583.59
87631.29
87679.23
87727.80
87776.13
87825.48
87874.73
87924.12
87973.34
88021.96
88070.85
88119.87
88168.98
88219.02
88269.04
88319.19
88369.00
88418.45
88468.00
88517.77
88567.57
88618.59
88669.41
88720.58
88771.09
88821.22
88871.44
88922.36
88973.30
89024.63
89076.22
89128.13
89179.76
89230.55
89281.67
89333.27
89385.17
89437.12
89489.45
89542.40
89594.74
89646.68
89698.67
89750.99
89803.88
89856.66
89910.46
89963.89
90017.12
90069.95
90122.93
90176.08
90229.67
90283.68
90338.03
90392.67
90447.07
90500.78
90554.33
90608.52
90663.45
90718.30
90773.51
90828.85
90884.23
90938.45
90993.55
91048.75
91104.40
91160.51
91216.64
91273.20
91329.53
91385.09
91440.41
91497.17
91553.89
91610.84
91668.15
91725.81
91783.14
91839.80
91896.76
91954.05
92011.40
92069.90
92128.24
92187.23
92245.31
92303.01
92361.45
92419.42
92478.34
92537.86
92596.83
92657.51
92716.95
92775.84
92835.05
92894.79
92954.88
93015.63
93076.21
93137.39
93197.87
93258.23
93318.93
93379.45
93440.78
93502.49
93564.86
93627.05
93689.43
93750.66
93812.71
93874.77
93937.32
94000.35
94064.11
94127.53
94191.48
94254.07
94317.35
94380.85
94445.08
94509.57
94574.40
94639.76
94704.68
94768.88
94833.46
94898.24
94963.98
95030.14
95096.65
95163.13
95229.87
95295.33
95361.30
95428.04
95495.30
95563.05
95631.08
95698.80
95767.51
95835.08
95902.47
95970.78
96039.89
96108.96
96179.12
96248.98
96319.07
96388.06
96457.77
96527.59
96597.85
96669.01
96740.70
96812.95
96883.94
96955.33
97027.06
97098.74
97171.20
97244.38
97317.97
97391.87
97465.91
97538.23
97612.02
97685.75
97760.18
97835.41
97910.99
97986.79
98062.84
98137.12
98213.41
98289.31
98366.12
98443.33
98521.33
98599.76
98677.72
98755.23
98832.87
98910.64
98990.40
99070.16
99150.29
99230.88
99311.71
99391.45
99471.64
99552.63
99634.23
99716.14
99799.41
99883.14
99966.27
100048.77
100131.02
100215.41
100299.74
100384.91
100470.33
100557.12
100643.00
100728.53
100814.34
100900.69
100988.45
101076.56
101164.65
101254.67
101344.48
101432.80
101521.71
101611.86
101702.31
101794.41
101886.24
101979.17
102072.71
102164.45
102257.24
102350.43
102444.95
102540.59
102636.52
102733.74
102829.32
102925.84
103022.35
103120.24
103219.09
103318.38
103418.26
103520.30
103621.06
103721.37
103822.34
103925.01
104027.79
104131.30
104236.98
104343.60
104448.58
104555.21
104660.87
104767.87
104876.74
104985.23
105096.85
105208.18
105320.25
105431.20
105542.66
105656.16
105770.47
105885.56
106003.63
106121.33
106239.66
106357.24
106475.77
106595.55
106717.56
106839.79
106964.20
107090.16
107215.59
107341.35
107467.41
107595.68
107725.40
107855.93
107988.88
108124.31
108259.39
108394.07
108529.78
108667.80
108807.29
108949.59
109093.30
109239.64
109385.40
109530.52
109678.01
109828.91
109981.30
110135.95
110294.34
110454.62
110614.80
110774.37
110938.23
111103.07
111272.55
111444.80
111619.32
111799.14
111978.09
112158.28
112342.45
112528.74
112720.30
112917.80
113118.28
113321.92
113530.34
113739.45
113952.86
114173.67
114399.23
114629.91
114873.08
115118.99
115375.09
115633.59
115900.04
116178.77
116468.38
116774.14
117094.87
117434.83
117791.73
118168.43
118572.58
119008.98
119505.95
120089.71
120803.81
121938.27
