3713.10
4264.67
4530.72
4705.62
4858.72
5003.70
5129.71
5245.47
5355.44
5458.85
5557.97
5651.87
5741.58
5827.17
5905.63
5976.86
6040.77
6101.49
6158.84
6212.88
6264.55
6312.30
6359.01
6403.90
6447.42
6491.05
6532.86
6573.91
6613.85
6651.92
6689.48
6726.86
6763.17
6799.55
6835.46
6870.69
6905.23
6938.94
6972.37
7005.26
7037.93
7070.62
7102.51
7134.46
7165.84
7196.99
7227.48
7257.95
7288.16
7317.88
7347.29
7376.25
7404.37
7432.10
7459.59
7486.80
7513.77
7540.67
7567.21
7593.59
7619.42
7644.92
7670.24
7695.21
7720.23
7745.10
7769.61
7793.99
7817.99
7841.71
7865.22
7888.63
7911.87
7935.26
7958.25
7981.30
8003.92
8026.23
8048.28
8070.52
8092.47
8114.62
8136.57
8158.45
8180.19
8201.42
8222.56
8243.81
8264.98
8286.16
8307.26
8328.23
8348.97
8369.59
8389.87
8410.39
8430.84
8451.40
8471.86
8492.22
8512.35
8532.19
8552.17
8571.96
8591.80
8611.83
8631.66
8651.45
8671.00
8690.33
8709.46
8728.67
8747.79
8767.02
8786.06
8805.24
8824.16
8842.75
8861.40
8880.14
8898.69
8917.50
8936.12
8954.81
8973.29
8991.47
9009.72
9028.00
9046.12
9064.35
9082.48
9100.72
9118.73
9136.34
9154.15
9171.95
9189.78
9207.65
9225.45
9243.13
9260.76
9278.06
9295.30
9312.73
9330.01
9347.57
9364.89
9382.29
9399.56
9416.49
9433.56
9450.57
9467.69
9484.80
9501.80
9518.95
9535.96
9552.64
9569.34
9586.23
9602.91
9619.93
9636.75
9653.48
9670.30
9686.82
9703.32
9719.88
9736.49
9753.19
9769.89
9786.61
9803.13
9819.57
9835.94
9852.49
9868.89
9885.49
9902.00
9918.63
9935.02
9951.33
9967.48
9983.97
10000.39
10016.92
10033.39
10049.88
10066.32
10082.62
10098.89
10115.30
10131.68
10148.16
10164.65
10181.22
10197.60
10213.84
10230.08
10246.50
10262.79
10279.36
10295.78
10312.32
10328.64
10344.87
10361.09
10377.44
10393.72
10410.26
10426.71
10443.19
10459.56
10475.73
10491.95
10508.30
10524.52
10540.90
10557.38
10573.79
10590.10
10606.21
10622.36
10638.54
10654.68
10671.03
10687.26
10703.75
10719.99
10735.93
10751.92
10768.18
10784.26
10800.53
10816.88
10833.11
10849.33
10865.24
10881.24
10897.30
10913.27
10929.59
10945.71
10961.82
10977.87
10993.68
11009.54
11025.51
11041.37
11057.32
11073.39
11089.35
11105.14
11120.83
11136.47
11152.16
11167.89
11183.75
11199.49
11215.22
11230.92
11246.24
11261.74
11277.26
11292.71
11308.35
11323.99
11339.58
11355.00
11370.25
11385.62
11400.95
11416.35
11431.82
11447.32
11462.82
11478.17
11493.40
11508.58
11523.92
11539.20
11554.71
11570.00
11585.45
11600.73
11615.78
11630.86
11646.13
11661.31
11676.63
11691.89
11707.17
11722.34
11737.34
11752.36
11767.43
11782.60
11797.74
11812.91
11828.12
11843.22
11858.18
11873.08
11887.98
11902.94
11918.13
11933.25
11948.31
11963.32
11978.15
11992.96
12007.92
12022.80
12037.86
12052.84
12067.85
12082.83
12097.62
12112.41
12127.14
12142.16
12157.06
12172.10
12187.02
12201.88
12216.62
12231.31
12246.06
12260.95
12275.89
12290.67
12305.55
12320.40
12335.03
12349.73
12364.43
12379.12
12393.96
12408.70
12423.55
12438.31
12452.81
12467.43
12482.13
12496.71
12511.53
12526.36
12541.14
12555.76
12570.35
12584.84
12599.49
12614.08
12628.77
12643.42
12658.05
12672.66
12687.05
12701.44
12715.82
12730.34
12744.95
12759.47
12774.01
12788.49
12802.73
12817.04
12831.26
12845.75
12860.21
12874.65
12889.04
12903.49
12917.63
12931.97
12946.18
12960.51
12974.95
12989.23
13003.70
13017.97
13032.11
13046.22
13060.45
13074.60
13088.93
13103.16
13117.58
13131.82
13145.77
13159.87
13174.03
13188.19
13202.32
13216.65
13230.85
13245.03
13259.04
13272.98
13287.12
13301.25
13315.39
13329.66
13343.94
13358.08
13372.11
13386.04
13400.08
13414.13
13428.31
13442.41
13456.60
13470.67
13484.55
13498.41
13512.40
13526.35
13540.41
13554.38
13568.39
13582.35
13596.15
13609.92
13623.78
13637.67
13651.64
13665.53
13679.59
13693.50
13707.24
13720.97
13734.78
13748.70
13762.61
13776.60
13790.54
13804.42
13818.11
13831.87
13845.63
13859.32
13873.29
13887.11
13900.99
13914.79
13928.52
13942.14
13955.77
13969.51
13983.37
13997.21
14011.04
14024.76
14038.28
14051.90
14065.58
14079.22
14092.92
14106.64
14120.38
14133.95
14147.55
14161.03
14174.56
14188.14
14201.90
14215.61
14229.23
14242.83
14256.30
14269.85
14283.34
14296.96
14310.59
14324.25
14337.90
14351.48
14364.93
14378.43
14391.89
14405.38
14419.04
14432.60
14446.23
14459.77
14473.05
14486.47
14499.75
14513.33
14526.91
14540.40
14553.84
14567.32
14580.54
14593.93
14607.29
14620.68
14634.14
14647.55
14661.05
14674.43
14687.67
14700.99
14714.35
14727.64
14741.13
14754.60
14767.99
14781.36
14794.54
14807.70
14820.94
14834.35
14847.62
14861.09
14874.35
14887.69
14900.81
14913.91
14927.11
14940.19
14953.52
14966.71
14979.96
14993.04
15005.98
15018.96
15031.96
15044.91
15058.01
15071.08
15084.13
15097.12
15109.90
15122.71
15135.54
15148.55
15161.58
15174.57
15187.56
15200.42
15213.28
15226.04
15238.87
15251.74
15264.77
15277.73
15290.71
15303.49
15316.31
15329.06
15341.86
15354.62
15367.57
15380.47
15393.31
15406.13
15418.81
15431.39
15444.12
15456.79
15469.57
15482.44
15495.20
15507.87
15520.45
15532.96
15545.62
15558.21
15570.87
15583.57
15596.29
15608.79
15621.26
15633.74
15646.24
15658.80
15671.45
15684.04
15696.59
15709.11
15721.54
15733.99
15746.43
15758.91
15771.52
15784.07
15796.60
15809.08
15821.51
15833.89
15846.37
15858.81
15871.18
15883.76
15896.34
15908.67
15921.02
15933.37
15945.65
15958.04
15970.43
15982.88
15995.17
16007.57
16019.69
16031.83
16043.95
16056.07
16068.30
16080.41
16092.61
16104.67
16116.51
16128.37
16140.30
16152.18
16164.02
16175.95
16187.74
16199.40
16210.90
16222.40
16233.96
16245.41
16257.06
16268.55
16280.00
16291.42
16302.68
16313.84
16325.04
16336.24
16347.53
16358.71
16369.90
16380.96
16391.92
16402.87
16413.87
16424.81
16435.91
16446.88
16457.91
16468.89
16479.69
16490.52
16501.35
16512.17
16523.21
16534.17
16545.16
16556.05
16566.87
16577.66
16588.56
16599.49
16610.47
16621.50
16632.50
16643.50
16654.28
16665.15
16676.00
16686.88
16697.84
16708.68
16719.64
16730.49
16741.23
16752.03
16762.82
16773.60
16784.48
16795.30
16806.16
16816.97
16827.64
16838.28
16848.96
16859.62
16870.38
16881.10
16891.88
16902.50
16913.10
16923.58
16934.27
16944.84
16955.60
16966.28
16976.97
16987.63
16998.20
17008.79
17019.39
17030.07
17040.83
17051.61
17062.36
17073.10
17083.67
17094.26
17105.00
17115.68
17126.48
17137.21
17148.03
17158.70
17169.32
17179.98
17190.62
17201.34
17212.16
17222.90
17233.66
17244.42
17255.06
17265.68
17276.33
17287.06
17297.84
17308.61
17319.35
17329.94
17340.61
17351.15
17361.79
17372.46
17383.13
17393.81
17404.52
17415.13
17425.68
17436.11
17446.78
17457.36
17468.03
17478.62
17489.36
17499.88
17510.39
17520.83
17531.42
17541.85
17552.59
17563.13
17573.78
17584.35
17594.84
17605.36
17615.77
17626.31
17637.00
17647.58
17658.18
17668.82
17679.26
17689.68
17700.22
17710.74
17721.34
17731.87
17742.51
17753.01
17763.38
17773.88
17784.35
17794.91
17805.43
17816.02
17826.61
17837.05
17847.48
17857.87
17868.32
17878.80
17889.35
17899.90
17910.49
17920.94
17931.30
17941.66
17952.12
17962.53
17973.12
17983.61
17994.15
18004.58
18014.95
18025.30
18035.72
18046.12
18056.64
18067.11
18077.59
18088.10
18098.40
18108.72
18119.18
18129.54
18139.97
18150.49
18160.98
18171.37
18181.64
18192.00
18202.32
18212.64
18223.15
18233.60
18244.01
18254.40
18264.73
18274.98
18285.33
18295.73
18306.17
18316.53
18327.01
18337.44
18347.69
18357.94
18368.33
18378.62
18389.10
18399.46
18409.88
18420.15
18430.52
18440.66
18450.99
18461.24
18471.64
18482.01
18492.36
18502.69
18512.87
18523.09
18533.32
18543.58
18553.94
18564.23
18574.56
18584.81
18594.98
18605.23
18615.41
18625.72
18636.02
18646.29
18656.70
18666.98
18677.13
18687.29
18697.55
18707.75
18718.14
18728.48
18738.74
18749.06
18759.23
18769.37
18779.58
18789.79
18800.14
18810.37
18820.70
18830.94
18841.04
18851.21
18861.42
18871.58
18881.86
18892.14
18902.51
18912.74
18922.86
18933.02
18943.22
18953.39
18963.68
18973.92
18984.24
18994.38
19004.48
19014.55
19024.66
19034.73
19044.98
19055.10
19065.26
19075.34
19085.32
19095.30
19105.31
19115.34
19125.42
19135.52
19145.58
19155.60
19165.51
19175.37
19185.30
19195.29
19205.35
19215.30
19225.41
19235.37
19245.21
19255.04
19264.91
19274.88
19284.80
19294.76
19304.75
19314.65
19324.42
19334.21
19344.01
19353.85
19363.76
19373.61
19383.52
19393.28
19403.02
19412.71
19422.43
19432.17
19442.00
19451.75
19461.57
19471.30
19480.95
19490.63
19500.23
19510.00
19519.75
19529.51
19539.27
19548.97
19558.60
19568.14
19577.79
19587.40
19597.17
19606.81
19616.57
19626.20
19635.67
19645.23
19654.85
19664.46
19674.11
19683.73
19693.38
19702.93
19712.45
19721.98
19731.48
19741.06
19750.67
19760.28
19769.92
19779.45
19788.91
19798.37
19807.92
19817.42
19827.05
19836.66
19846.21
19855.77
19865.20
19874.63
19884.14
19893.62
19903.25
19912.74
19922.34
19931.92
19941.26
19950.74
19960.17
19969.67
19979.23
19988.74
19998.25
20007.71
20017.08
20026.44
20035.89
20045.27
20054.73
20064.20
20073.74
20083.16
20092.55
20101.81
20111.23
20120.66
20130.14
20139.59
20149.12
20158.49
20167.79
20177.16
20186.57
20196.00
20205.47
20214.98
20224.45
20233.88
20243.25
20252.51
20261.97
20271.39
20280.84
20290.38
20299.86
20309.31
20318.64
20328.02
20337.42
20346.77
20356.21
20365.66
20375.24
20384.67
20394.02
20403.30
20412.78
20422.23
20431.71
20441.19
20450.68
20460.17
20469.58
20478.93
20488.36
20497.76
20507.36
20516.89
20526.36
20535.89
20545.30
20554.72
20564.08
20573.63
20583.20
20592.78
20602.33
20611.84
20621.30
20630.68
20640.19
20649.68
20659.29
20668.89
20678.45
20687.96
20697.42
20706.91
20716.40
20725.92
20735.53
20745.13
20754.71
20764.26
20773.76
20783.24
20792.74
20802.38
20811.97
20821.59
20831.22
20840.85
20850.32
20859.85
20869.45
20879.01
20888.70
20898.36
20908.07
20917.63
20927.13
20936.76
20946.36
20955.99
20965.69
20975.39
20985.08
20994.70
21004.28
21013.88
21023.52
21033.19
21042.98
21052.69
21062.39
21072.11
21081.68
21091.35
21101.02
21110.71
21120.49
21130.23
21140.02
21149.79
21159.41
21169.06
21178.81
21188.47
21198.28
21208.08
21217.93
21227.69
21237.36
21247.05
21256.75
21266.53
21276.32
21286.16
21296.03
21305.78
21315.52
21325.22
21334.96
21344.74
21354.65
21364.45
21374.33
21384.08
21393.90
21403.62
21413.39
21423.19
21433.10
21442.93
21452.82
21462.61
21472.40
21482.12
21491.96
21501.73
21511.69
21521.53
21531.41
21541.32
21551.02
21560.81
21570.65
21580.49
21590.37
21600.27
21610.16
21620.02
21629.83
21639.54
21649.44
21659.20
21669.16
21679.03
21689.01
21698.84
21708.68
21718.46
21728.28
21738.14
21748.10
21757.99
21767.97
21777.86
21787.68
21797.49
21807.28
21817.24
21827.17
21837.11
21847.09
21856.98
21866.82
21876.66
21886.52
21896.45
21906.40
21916.37
21926.33
21936.33
21946.12
21956.00
21965.91
21975.84
21985.83
21995.85
22005.93
22015.88
22025.70
22035.60
22045.52
22055.48
22065.53
22075.54
22085.60
22095.60
22105.54
22115.46
22125.42
22135.38
22145.39
22155.50
22165.56
22175.66
22185.54
22195.46
22205.48
22215.48
22225.60
22235.65
22245.83
22255.85
22265.80
22275.76
22285.84
22295.85
22306.00
22316.12
22326.19
22336.29
22346.33
22356.28
22366.39
22376.46
22386.57
22396.77
22406.94
22417.05
22427.05
22437.05
22447.16
22457.27
22467.46
22477.60
22487.86
22497.98
22507.90
22518.04
22528.12
22538.26
22548.51
22558.66
22568.91
22579.08
22589.22
22599.29
22609.41
22619.60
22629.78
22640.06
22650.33
22660.55
22670.71
22680.78
22690.98
22701.14
22711.49
22721.70
22732.06
22742.34
22752.44
22762.61
22772.90
22783.06
22793.38
22803.80
22814.11
22824.35
22834.60
22844.77
22855.03
22865.31
22875.67
22886.08
22896.46
22906.75
22916.98
22927.20
22937.55
22947.83
22958.26
22968.65
22979.13
22989.48
22999.75
23010.02
23020.37
23030.72
23041.22
23051.63
23062.09
23072.51
23082.83
23093.09
23103.53
23113.91
23124.47
23134.94
23145.44
23155.87
23166.25
23176.59
23186.99
23197.51
23207.96
23218.56
23229.14
23239.59
23250.02
23260.45
23270.84
23281.35
23291.91
23302.47
23313.02
23323.59
23334.02
23344.41
23354.87
23365.39
23376.01
23386.59
23397.23
23407.80
23418.28
23428.70
23439.25
23449.77
23460.38
23471.02
23481.66
23492.26
23502.72
23513.22
23523.82
23534.30
23545.01
23555.60
23566.28
23576.89
23587.43
23597.86
23608.45
23619.06
23629.74
23640.37
23650.93
23661.65
23672.18
23682.63
23693.26
23703.80
23714.42
23725.11
23735.82
23746.43
23756.96
23767.47
23778.03
23788.66
23799.28
23809.95
23820.67
23831.18
23841.72
23852.25
23862.83
23873.37
23884.06
23894.65
23905.37
23916.01
23926.51
23936.98
23947.54
23958.08
23968.81
23979.45
23990.13
24000.72
24011.28
24021.74
24032.34
24042.91
24053.57
24064.22
24074.97
24085.54
24096.07
24106.63
24117.14
24127.74
24138.44
24149.13
24159.82
24170.44
24180.97
24191.44
24202.03
24212.60
24223.25
24233.94
24244.63
24255.28
24265.76
24276.28
24286.78
24297.43
24308.06
24318.76
24329.42
24340.03
24350.51
24360.96
24371.57
24382.15
24392.88
24403.51
24414.14
24424.77
24435.27
24445.76
24456.28
24466.86
24477.48
24488.11
24498.79
24509.41
24519.90
24530.39
24541.00
24551.55
24562.20
24572.86
24583.52
24594.07
24604.53
24615.08
24625.66
24636.17
24646.84
24657.57
24668.23
24678.82
24689.32
24699.84
24710.38
24721.04
24731.71
24742.42
24753.06
24763.72
24774.22
24784.74
24795.35
24805.92
24816.65
24827.29
24837.97
24848.62
24859.14
24869.60
24880.24
24890.78
24901.55
24912.14
24922.82
24933.44
24943.99
24954.47
24965.12
24975.71
24986.35
24997.10
25007.81
25018.44
25028.88
25039.55
25050.17
25060.73
25071.52
25082.26
25092.97
25103.58
25114.16
25124.74
25135.42
25146.07
25156.80
25167.56
25178.32
25188.96
25199.63
25210.17
25220.81
25231.44
25242.22
25252.90
25263.72
25274.38
25284.94
25295.54
25306.21
25316.85
25327.61
25338.34
25349.04
25359.73
25370.34
25380.97
25391.59
25402.28
25413.01
25423.82
25434.62
25445.27
25455.82
25466.48
25477.13
25487.76
25498.56
25509.33
25520.13
25530.70
25541.42
25552.02
25562.68
25573.42
25584.17
25594.93
25605.69
25616.44
25627.03
25637.67
25648.38
25659.05
25669.87
25680.62
25691.36
25702.09
25712.71
25723.32
25733.97
25744.62
25755.45
25766.16
25776.93
25787.70
25798.28
25808.88
25819.56
25830.23
25841.03
25851.76
25862.55
25873.22
25883.84
25894.49
25905.19
25915.83
25926.63
25937.37
25947.97
25958.82
25969.48
25980.04
25990.70
26001.41
26012.21
26022.94
26033.74
26044.46
26055.05
26065.67
26076.39
26087.01
26097.78
26108.59
26119.30
26130.06
26140.66
26151.25
26161.92
26172.68
26183.45
26194.19
26205.02
26215.72
26226.25
26236.98
26247.63
26258.30
26269.01
26279.79
26290.52
26301.22
26311.76
26322.40
26333.07
26343.66
26354.42
26365.21
26375.87
26386.60
26397.16
26407.74
26418.40
26429.06
26439.77
26450.44
26461.24
26471.87
26482.46
26493.04
26503.68
26514.28
26525.09
26535.75
26546.49
26557.15
26567.78
26578.31
26588.97
26599.58
26610.29
26621.04
26631.74
26642.40
26652.96
26663.53
26674.08
26684.75
26695.49
26706.12
26716.86
26727.53
26737.97
26748.58
26759.13
26769.75
26780.44
26791.07
26801.74
26812.32
26822.84
26833.35
26843.88
26854.44
26865.07
26875.72
26886.35
26896.95
26907.42
26917.88
26928.44
26938.94
26949.60
26960.24
26970.85
26981.38
26991.88
27002.32
27012.72
27023.31
27033.85
27044.44
27055.11
27065.60
27076.00
27086.49
27097.01
27107.45
27118.02
27128.60
27139.12
27149.63
27160.03
27170.41
27180.83
27191.31
27201.87
27212.34
27222.86
27233.37
27243.77
27254.15
27264.59
27274.94
27285.54
27296.07
27306.61
27317.06
27327.41
27337.86
27348.24
27358.75
27369.27
27379.77
27390.26
27400.81
27411.17
27421.54
27432.02
27442.40
27452.99
27463.54
27474.08
27484.57
27494.99
27505.41
27515.86
27526.33
27536.89
27547.44
27558.05
27568.51
27578.97
27589.34
27599.88
27610.36
27621.05
27631.61
27642.21
27652.70
27663.18
27673.61
27684.12
27694.69
27705.32
27715.93
27726.60
27737.13
27747.67
27758.13
27768.71
27779.29
27789.94
27800.64
27811.26
27821.88
27832.41
27842.89
27853.55
27864.11
27874.81
27885.50
27896.24
27906.89
27917.44
27928.01
27938.63
27949.23
27960.05
27970.77
27981.52
27992.23
28002.76
28013.37
28024.10
28034.74
28045.48
28056.28
28067.04
28077.77
28088.47
28099.06
28109.75
28120.52
28131.27
28142.11
28152.94
28163.63
28174.40
28185.01
28195.73
28206.50
28217.31
28228.16
28239.02
28249.80
28260.49
28271.16
28281.97
28292.71
28303.57
28314.42
28325.35
28336.12
28346.90
28357.60
28368.32
28379.21
28390.04
28400.92
28411.81
28422.70
28433.45
28444.19
28455.01
28465.79
28476.75
28487.66
28498.59
28509.46
28520.16
28530.94
28541.82
28552.59
28563.58
28574.50
28585.46
28596.22
28607.05
28617.83
28628.71
28639.58
28650.51
28661.45
28672.41
28683.32
28694.03
28704.82
28715.68
28726.63
28737.58
28748.51
28759.50
28770.40
28781.19
28791.98
28802.89
28813.74
28824.72
28835.74
28846.70
28857.58
28868.46
28879.32
28890.18
28901.12
28912.10
28923.11
28934.12
28945.05
28955.97
28966.78
28977.79
28988.74
28999.75
29010.84
29021.92
29032.92
29043.76
29054.66
29065.66
29076.65
29087.78
29098.81
29109.87
29120.93
29131.87
29142.76
29153.74
29164.82
29175.87
29187.04
29198.13
29209.20
29220.08
29231.07
29242.10
29253.14
29264.22
29275.36
29286.52
29297.55
29308.56
29319.58
29330.53
29341.63
29352.82
29364.02
29375.14
29386.28
29397.24
29408.29
29419.38
29430.55
29441.70
29452.85
29464.11
29475.22
29486.32
29497.38
29508.44
29519.62
29530.85
29542.09
29553.28
29564.50
29575.60
29586.67
29597.89
29609.04
29620.38
29631.63
29642.95
29654.17
29665.34
29676.47
29687.58
29698.85
29710.16
29721.46
29732.87
29744.09
29755.31
29766.38
29777.73
29789.01
29800.38
29811.75
29823.09
29834.42
29845.65
29856.87
29868.12
29879.43
29890.95
29902.29
29913.77
29925.13
29936.37
29947.67
29958.99
29970.36
29981.80
29993.27
30004.67
30016.15
30027.44
30038.76
30050.12
30061.50
30073.12
30084.59
30096.11
30107.56
30118.94
30130.30
30141.79
30153.21
30164.80
30176.31
30187.87
30199.39
30210.84
30222.28
30233.76
30245.18
30256.90
30268.52
30280.11
30291.63
30303.15
30314.58
30326.13
30337.73
30349.36
30361.07
30372.72
30384.33
30395.82
30407.34
30418.89
30430.51
30442.17
30453.99
30465.69
30477.30
30488.90
30500.50
30512.08
30523.73
30535.48
30547.25
30558.95
30570.68
30582.28
30593.89
30605.57
30617.20
30629.04
30640.80
30652.61
30664.37
30675.99
30687.68
30699.37
30711.09
30722.93
30734.78
30746.56
30758.36
30770.08
30781.75
30793.50
30805.32
30817.14
30829.08
30840.90
30852.72
30864.46
30876.17
30887.95
30899.82
30911.78
30923.68
30935.62
30947.48
30959.24
30971.00
30982.87
30994.66
31006.64
31018.61
31030.58
31042.42
31054.25
31066.00
31077.99
31089.74
31101.78
31113.75
31125.80
31137.72
31149.52
31161.37
31173.21
31185.12
31197.20
31209.14
31221.22
31233.08
31244.93
31256.83
31268.76
31280.69
31292.76
31304.82
31316.79
31328.85
31340.68
31352.55
31364.52
31376.43
31388.52
31400.63
31412.66
31424.71
31436.59
31448.51
31460.53
31472.47
31484.55
31496.71
31508.75
31520.74
31532.76
31544.57
31556.70
31568.66
31580.77
31592.88
31604.98
31617.11
31628.99
31640.88
31652.87
31664.92
31676.99
31689.08
31701.15
31713.21
31725.16
31737.08
31749.10
31761.11
31773.26
31785.37
31797.53
31809.59
31821.62
31833.61
31845.59
31857.72
31869.95
31882.06
31894.28
31906.43
31918.51
31930.53
31942.63
31954.77
31967.03
31979.25
31991.54
32003.74
32015.87
32027.94
32040.13
32052.30
32064.64
32076.97
32089.23
32101.49
32113.61
32125.81
32138.03
32150.26
32162.57
32175.03
32187.42
32199.71
32211.93
32224.09
32236.39
32248.70
32261.09
32273.53
32286.01
32298.36
32310.59
32322.88
32335.15
32347.62
32360.07
32372.53
32384.95
32397.44
32409.73
32422.04
32434.42
32446.87
32459.39
32471.93
32484.48
32496.92
32509.26
32521.60
32534.14
32546.58
32559.09
32571.70
32584.40
32596.87
32609.32
32621.73
32634.22
32646.74
32659.46
32672.09
32684.70
32697.26
32709.74
32722.20
32734.76
32747.37
32760.08
32772.76
32785.50
32798.15
32810.64
32823.22
32835.89
32848.49
32861.28
32874.02
32886.64
32899.51
32912.05
32924.63
32937.35
32949.96
32962.77
32975.57
32988.47
33001.16
33013.84
33026.41
33039.17
33051.96
33064.89
33077.71
33090.58
33103.38
33116.06
33128.82
33141.57
33154.35
33167.22
33180.19
33193.15
33206.02
33218.75
33231.53
33244.38
33257.25
33270.19
33283.17
33296.20
33309.10
33321.91
33334.71
33347.62
33360.59
33373.59
33386.70
33399.70
33412.76
33425.62
33438.45
33451.43
33464.45
33477.59
33490.59
33503.76
33516.75
33529.68
33542.63
33555.69
33568.73
33581.88
33595.02
33608.19
33621.31
33634.29
33647.29
33660.38
33673.54
33686.69
33699.94
33713.21
33726.32
33739.36
33752.35
33765.55
33778.70
33792.07
33805.27
33818.57
33831.76
33844.86
33857.95
33871.26
33884.45
33897.72
33911.11
33924.50
33937.75
33950.94
33964.11
33977.40
33990.74
34004.16
34017.51
34030.98
34044.25
34057.57
34070.71
34084.04
34097.46
34110.93
34124.45
34137.88
34151.30
34164.64
34177.84
34191.30
34204.75
34218.22
34231.79
34245.27
34258.76
34272.19
34285.55
34298.98
34312.47
34326.08
34339.68
34353.29
34366.84
34380.28
34393.69
34407.23
34420.73
34434.39
34448.05
34461.72
34475.32
34488.79
34502.34
34515.90
34529.51
34543.20
34556.98
34570.72
34584.31
34597.91
34611.46
34625.10
34638.76
34652.64
34666.32
34680.19
34693.88
34707.50
34721.18
34734.89
34748.62
34762.50
34776.32
34790.16
34804.00
34817.72
34831.39
34845.11
34858.95
34872.81
34886.71
34900.74
34914.63
34928.28
34942.01
34955.96
34969.71
34983.75
34997.72
35011.75
35025.66
35039.48
35053.28
35067.02
35081.09
35095.16
35109.21
35123.27
35137.31
35151.13
35164.94
35178.97
35192.99
35207.06
35221.19
35235.31
35249.35
35263.36
35277.24
35291.34
35305.39
35319.56
35333.70
35347.96
35362.11
35376.11
35390.13
35404.24
35418.34
35432.63
35446.85
35461.06
35475.29
35489.44
35503.48
35517.56
35531.81
35546.13
35560.45
35574.82
35589.07
35603.21
35617.35
35631.61
35645.86
35660.27
35674.58
35689.12
35703.34
35717.65
35731.69
35746.16
35760.46
35774.88
35789.34
35803.76
35818.14
35832.45
35846.76
35861.21
35875.63
35890.07
35904.64
35919.16
35933.63
35948.02
35962.35
35976.84
35991.25
36005.87
36020.54
36035.07
36049.63
36064.10
36078.47
36092.99
36107.57
36122.24
36136.84
36151.51
36166.12
36180.65
36195.16
36209.82
36224.45
36239.17
36253.82
36268.64
36283.34
36297.88
36312.42
36327.04
36341.79
36356.64
36371.34
36386.27
36400.97
36415.63
36430.30
36445.05
36459.79
36474.60
36489.59
36504.51
36519.25
36533.95
36548.69
36563.44
36578.30
36593.33
36608.30
36623.24
36638.11
36652.87
36667.72
36682.65
36697.48
36712.55
36727.55
36742.64
36757.67
36772.47
36787.33
36802.29
36817.26
36832.36
36847.46
36862.63
36877.73
36892.54
36907.48
36922.60
36937.61
36952.87
36967.97
36983.14
36998.33
37013.29
37028.33
37043.42
37058.61
37073.82
37089.04
37104.39
37119.62
37134.62
37149.78
37164.93
37180.18
37195.48
37210.82
37226.15
37241.41
37256.54
37271.70
37286.94
37302.34
37317.77
37333.16
37348.63
37363.98
37379.23
37394.37
37409.70
37425.17
37440.61
37456.19
37471.68
37487.06
37502.34
37517.71
37533.10
37548.54
37564.14
37579.71
37595.20
37610.70
37626.16
37641.54
37657.01
37672.62
37688.18
37703.78
37719.52
37735.11
37750.59
37766.05
37781.65
37797.11
37812.91
37828.64
37844.41
37860.11
37875.70
37891.21
37906.84
37922.52
37938.30
37954.15
37970.02
37985.76
38001.41
38017.06
38032.73
38048.44
38064.38
38080.28
38096.23
38112.01
38127.75
38143.48
38159.32
38175.04
38191.11
38207.13
38223.02
38239.00
38254.73
38270.43
38286.38
38302.34
38318.46
38334.43
38350.40
38366.44
38382.36
38398.21
38414.23
38430.26
38446.36
38462.52
38478.62
38494.67
38510.64
38526.65
38542.78
38558.78
38575.02
38591.22
38607.53
38623.70
38639.72
38655.80
38671.96
38688.07
38704.40
38720.68
38736.96
38753.26
38769.46
38785.48
38801.78
38818.00
38834.39
38850.80
38867.24
38883.57
38899.72
38916.00
38932.23
38948.60
38965.12
38981.59
38998.00
39014.45
39030.66
39047.09
39063.38
39079.90
39096.54
39113.04
39129.50
39146.18
39162.46
39178.95
39195.41
39211.95
39228.64
39245.19
39261.96
39278.55
39294.98
39311.39
39328.01
39344.60
39361.35
39378.12
39394.87
39411.60
39428.15
39444.71
39461.37
39478.07
39494.86
39511.68
39528.53
39545.29
39561.85
39578.54
39595.31
39612.09
39629.09
39645.95
39662.98
39679.81
39696.57
39713.31
39730.18
39746.96
39764.06
39781.08
39798.10
39815.03
39831.83
39848.47
39865.68
39882.57
39899.75
39916.80
39934.01
39950.99
39967.88
39984.89
40001.82
40018.95
40036.17
40053.26
40070.55
40087.75
40104.75
40121.73
40138.87
40155.98
40173.31
40190.61
40207.87
40225.04
40242.20
40259.28
40276.57
40293.72
40311.24
40328.54
40345.97
40363.33
40380.55
40397.74
40414.98
40432.32
40449.81
40467.35
40484.84
40502.34
40519.56
40536.81
40554.29
40571.73
40589.38
40606.94
40624.55
40642.07
40659.47
40676.81
40694.30
40711.81
40729.61
40747.23
40764.91
40782.63
40800.06
40817.45
40835.08
40852.64
40870.57
40888.22
40906.07
40923.79
40941.41
40958.90
40976.69
40994.38
41012.34
41030.10
41048.09
41065.83
41083.56
41101.18
41119.11
41136.84
41154.91
41172.79
41190.89
41208.80
41226.59
41244.32
41262.30
41280.16
41298.28
41316.30
41334.44
41352.44
41370.32
41388.17
41406.16
41424.18
41442.43
41460.65
41478.86
41496.96
41514.84
41532.86
41551.02
41569.11
41587.40
41605.71
41624.04
41642.32
41660.33
41678.44
41696.64
41714.84
41733.23
41751.64
41770.18
41788.49
41806.68
41824.86
41843.15
41861.45
41880.07
41898.59
41917.06
41935.52
41953.79
41972.01
41990.54
42008.87
42027.56
42046.19
42064.85
42083.30
42101.66
42120.10
42138.62
42157.17
42175.91
42194.70
42213.43
42232.00
42250.64
42269.04
42287.76
42306.36
42325.18
42344.05
42362.86
42381.73
42400.29
42418.96
42437.64
42456.51
42475.35
42494.37
42513.37
42532.22
42550.89
42569.68
42588.57
42607.49
42626.54
42645.61
42664.68
42683.67
42702.46
42721.29
42740.30
42759.17
42778.46
42797.70
42816.86
42835.91
42854.81
42873.94
42893.02
42912.02
42931.41
42950.66
42969.95
42989.26
43008.28
43027.30
43046.51
43065.74
43085.18
43104.63
43123.99
43143.35
43162.59
43181.76
43201.02
43220.40
43239.96
43259.47
43279.06
43298.46
43317.71
43337.05
43356.55
43375.94
43395.61
43415.29
43435.00
43454.54
43473.96
43493.34
43512.88
43532.53
43552.35
43571.99
43591.78
43611.57
43631.10
43650.55
43670.26
43689.89
43709.91
43729.75
43749.64
43769.39
43789.03
43808.82
43828.66
43848.37
43868.48
43888.47
43908.57
43928.53
43948.25
43967.99
43987.89
44007.80
44028.02
44048.11
44068.22
44088.28
44108.22
44127.99
44148.15
44168.16
44188.41
44208.68
44229.03
44249.18
44269.20
44289.13
44309.32
44329.53
44349.98
44370.22
44390.81
44411.00
44431.27
44451.30
44471.70
44492.00
44512.46
44532.95
44553.61
44573.93
44594.27
44614.58
44634.96
44655.38
44675.90
44696.61
44717.29
44737.82
44758.33
44778.66
44799.12
44819.72
44840.54
44861.25
44881.97
44902.70
44923.26
44943.87
44964.35
44985.18
45006.07
45027.00
45047.95
45068.78
45089.32
45110.15
45130.91
45151.73
45172.79
45193.80
45214.83
45235.75
45256.58
45277.38
45298.31
45319.32
45340.48
45361.55
45382.81
45403.93
45424.69
45445.69
45466.68
45487.78
45509.16
45530.40
45551.89
45573.14
45594.15
45615.15
45636.38
45657.67
45679.06
45700.57
45721.99
45743.25
45764.63
45785.73
45807.19
45828.54
45850.09
45871.68
45893.29
45914.73
45936.05
45957.37
45978.92
46000.38
46022.09
46043.84
46065.59
46087.16
46108.66
46130.26
46151.79
46173.53
46195.44
46217.19
46239.06
46260.83
46282.52
46304.09
46325.78
46347.66
46369.75
46391.74
46413.73
46435.57
46457.41
46479.20
46501.14
46523.16
46545.29
46567.43
46589.67
46611.77
46633.55
46655.44
46677.52
46699.66
46721.90
46744.17
46766.53
46788.77
46810.78
46832.89
46855.09
46877.37
46899.97
46922.38
46944.84
46967.13
46989.36
47011.64
47033.93
47056.30
47079.04
47101.63
47124.20
47146.80
47169.11
47191.51
47213.97
47236.56
47259.24
47281.99
47304.88
47327.48
47350.00
47372.57
47395.30
47417.91
47440.81
47463.64
47486.80
47509.34
47532.23
47554.88
47577.70
47600.56
47623.59
47646.71
47669.94
47692.96
47715.71
47738.56
47761.65
47784.60
47807.72
47830.99
47854.36
47877.38
47900.41
47923.33
47946.56
47969.65
47993.12
48016.51
48040.02
48063.39
48086.44
48109.69
48132.99
48156.32
48179.98
48203.52
48226.97
48250.59
48273.88
48297.14
48320.84
48344.24
48367.98
48391.63
48415.55
48439.16
48462.63
48486.05
48509.75
48533.51
48557.27
48581.23
48605.21
48629.03
48652.68
48676.32
48700.11
48723.99
48748.09
48772.13
48796.29
48820.31
48844.18
48867.90
48892.00
48915.96
48940.21
48964.47
48988.70
49012.92
49036.93
49060.84
49085.18
49109.33
49133.82
49158.18
49182.53
49206.98
49231.16
49255.34
49279.64
49303.97
49328.63
49353.31
49378.02
49402.54
49426.80
49451.13
49475.80
49500.34
49525.17
49549.96
49574.71
49599.59
49624.00
49648.56
49673.21
49697.95
49722.63
49748.01
49772.98
49797.85
49822.63
49847.23
49872.22
49897.15
49922.40
49947.43
49972.77
49997.84
50022.50
50047.68
50072.64
50097.78
50123.28
50148.59
50174.13
50199.33
50224.43
50249.43
50274.89
50300.09
50325.68
50351.11
50376.73
50402.24
50427.51
50452.73
50478.22
50503.83
50529.63
50555.39
50581.12
50606.73
50632.19
50657.69
50683.46
50709.18
50735.20
50761.09
50787.19
50812.98
50838.67
50864.35
50890.21
50916.09
50942.38
50968.45
50994.67
51020.63
51046.46
51072.59
51098.61
51124.67
51151.02
51177.32
51203.65
51229.98
51256.18
51282.23
51308.52
51334.91
51361.48
51388.10
51414.78
51441.21
51467.39
51493.74
51520.29
51546.83
51573.64
51600.49
51627.34
51653.85
51680.52
51706.84
51733.66
51760.24
51787.51
51814.48
51841.49
51868.44
51894.95
51921.89
51948.79
51975.70
52003.03
52030.27
52057.62
52084.69
52111.71
52138.66
52165.79
52192.97
52220.43
52247.99
52275.43
52302.84
52329.86
52357.13
52384.59
52411.86
52439.54
52467.33
52495.00
52522.54
52549.95
52577.41
52605.11
52632.69
52660.75
52688.58
52716.60
52744.43
52772.04
52799.55
52827.46
52855.32
52883.63
52911.75
52939.84
52967.90
52995.78
53023.65
53051.74
53079.93
53108.16
53136.62
53165.05
53193.34
53221.43
53249.71
53277.95
53306.37
53335.07
53363.62
53392.38
53420.86
53449.21
53477.46
53506.23
53534.71
53563.70
53592.61
53621.40
53650.29
53678.78
53707.43
53736.13
53765.09
53794.22
53823.38
53852.34
53881.75
53910.49
53939.38
53968.29
53997.48
54027.02
54056.29
54085.88
54115.17
54144.34
54173.38
54202.71
54232.06
54261.69
54291.21
54321.12
54350.66
54380.11
54409.38
54439.10
54468.56
54498.51
54528.38
54558.43
54588.52
54617.90
54647.56
54677.44
54707.26
54737.41
54767.82
54798.02
54828.17
54858.12
54888.04
54918.02
54948.16
54978.72
55009.11
55039.73
55070.11
55100.31
55130.47
55160.93
55191.44
55222.27
55253.11
55283.97
55314.57
55345.05
55375.48
55406.09
55436.95
55467.84
55499.02
55530.15
55561.18
55591.72
55622.60
55653.63
55684.70
55716.11
55747.43
55778.80
55809.99
55841.05
55872.24
55903.54
55934.95
55966.64
55998.27
56029.96
56061.48
56092.81
56124.34
56155.87
56187.43
56219.46
56251.30
56283.60
56315.45
56347.10
56378.73
56410.64
56442.52
56474.86
56507.20
56539.52
56571.78
56603.78
56635.74
56668.06
56700.19
56732.93
56765.47
56798.01
56830.66
56863.05
56895.26
56927.65
56960.53
56993.39
57026.35
57059.43
57092.17
57124.79
57157.62
57190.46
57223.31
57256.71
57289.95
57323.24
57356.38
57389.35
57422.34
57455.47
57488.87
57522.38
57555.99
57589.74
57623.25
57656.45
57689.87
57723.40
57757.19
57790.91
57825.05
57859.00
57893.11
57926.63
57960.18
57994.21
58028.14
58062.61
58096.88
58131.21
58165.39
58199.52
58233.49
58267.57
58302.23
58336.77
58371.51
58406.14
58440.97
58475.31
58509.55
58544.26
58579.04
58614.14
58649.14
58684.34
58719.13
58753.79
58788.49
58823.64
58858.84
58894.38
58929.69
58965.46
59000.63
59035.89
59070.89
59106.32
59141.96
59177.84
59213.57
59249.45
59285.31
59320.80
59356.44
59392.10
59427.84
59464.28
59500.51
59536.67
59572.87
59608.84
59644.82
59680.99
59717.46
59754.06
59790.76
59827.55
59864.11
59900.32
59936.64
59973.27
60010.03
60047.00
60084.12
60121.40
60158.23
60195.03
60231.84
60268.91
60306.04
60343.70
60381.32
60418.86
60456.34
60493.39
60530.55
60568.21
60605.59
60643.76
60681.60
60719.70
60757.63
60795.24
60832.92
60870.73
60909.02
60947.28
60985.82
61024.34
61062.79
61100.93
61138.80
61177.36
61215.90
61254.61
61293.68
61332.63
61371.44
61409.75
61448.46
61487.45
61526.36
61565.73
61605.18
61644.73
61683.86
61722.93
61762.14
61801.57
61840.91
61880.77
61920.70
61960.63
62000.52
62039.75
62079.53
62119.43
62159.39
62199.79
62240.13
62280.66
62321.06
62361.03
62401.11
62441.50
62482.02
62522.97
62563.82
62604.90
62645.63
62686.26
62726.78
62767.79
62808.74
62850.38
62891.91
62933.50
62974.87
63016.01
63057.09
63098.60
63140.27
63182.30
63224.27
63266.31
63308.37
63350.03
63391.59
63433.80
63475.94
63518.59
63561.16
63604.01
63646.45
63688.69
63731.10
63773.63
63816.38
63859.57
63902.78
63946.14
63989.23
64032.03
64075.00
64118.17
64161.53
64205.53
64249.28
64293.24
64336.84
64380.23
64423.94
64467.82
64511.75
64555.98
64600.55
64645.16
64689.66
64733.75
64777.81
64822.39
64866.90
64912.03
64957.21
65002.50
65047.45
65092.04
65137.17
65182.18
65227.46
65273.18
65319.03
65364.80
65410.30
65456.06
65501.65
65547.37
65593.64
65639.95
65686.52
65733.25
65779.46
65825.59
65871.80
65918.55
65964.95
66012.40
66059.45
66106.97
66153.99
66200.97
66248.12
66295.28
66342.97
66390.76
66438.67
66486.55
66534.35
66582.28
66629.92
66678.13
66726.28
66775.20
66823.98
66872.88
66921.63
66969.93
67018.39
67067.26
67116.43
67165.83
67215.18
67265.29
67314.61
67363.88
67413.20
67463.05
67513.10
67563.42
67613.91
67664.48
67714.81
67764.91
67814.79
67865.75
67916.15
67967.53
68018.75
68070.20
68121.78
68172.59
68223.73
68274.97
68326.80
68378.66
68430.93
68483.66
68535.82
68587.75
68639.34
68691.81
68744.65
68797.71
68850.95
68904.31
68957.43
69010.17
69063.13
69116.63
69169.91
69224.24
69278.39
69332.70
69386.88
69440.83
69494.70
69548.78
69603.23
69658.75
69713.96
69769.05
69824.58
69879.42
69934.26
69989.95
70045.04
70101.74
70157.84
70214.45
70270.74
70326.85
70382.63
70439.19
70495.88
70553.63
70611.13
70668.61
70726.14
70783.25
70840.57
70898.37
70956.06
71014.40
71073.10
71131.84
71190.92
71249.26
71307.66
71366.49
71425.70
71485.36
71545.41
71605.59
71665.44
71725.18
71784.88
71845.27
71905.66
71966.60
72028.07
72089.42
72150.23
72211.48
72272.74
72334.34
72396.06
72458.52
72521.39
72584.03
72646.83
72709.09
72771.48
72834.48
72897.82
72961.71
73025.59
73090.27
73154.35
73218.18
73282.15
73346.74
73411.34
73476.59
73542.45
73608.68
73674.30
73739.66
73805.46
73871.38
73937.76
74005.16
74072.48
74140.02
74207.22
74274.23
74341.66
74409.57
74477.72
74546.67
74615.89
74685.13
74754.25
74823.11
74891.95
74962.09
75031.59
75102.56
75173.75
75244.91
75315.83
75386.77
75457.57
75529.49
75601.21
75673.48
75747.13
75820.42
75893.32
75966.09
76039.23
76112.95
76186.51
76261.98
76336.63
76412.67
76488.08
76562.66
76638.18
76713.82
76790.26
76867.49
76944.87
77022.90
77100.70
77178.12
77255.41
77333.68
77412.63
77492.25
77572.12
77652.75
77732.77
77812.73
77892.82
77974.05
78055.20
78137.81
78220.06
78303.82
78386.78
78469.42
78552.48
78636.18
78720.16
78805.90
78891.27
78977.67
79063.90
79149.61
79235.83
79322.07
79410.13
79498.67
79587.63
79677.17
79766.12
79855.57
79944.71
80035.23
80126.12
80218.47
80311.02
80404.21
80497.30
80589.63
80682.98
80777.03
80872.14
80968.16
81064.97
81161.95
81258.88
81355.48
81452.88
81551.70
81650.83
81751.30
81851.95
81953.60
82055.60
82156.73
82258.92
82361.95
82465.67
82571.14
82677.45
82784.57
82891.30
82998.09
83105.52
83213.80
83323.59
83434.97
83546.35
83659.21
83771.79
83884.24
83997.58
84112.10
84228.27
84345.69
84464.09
84582.90
84702.95
84822.60
84943.00
85065.20
85187.63
85313.45
85439.55
85566.74
85694.58
85821.99
85950.95
86081.65
86213.30
86347.73
86482.47
86620.00
86756.97
86894.89
87034.12
87175.51
87318.34
87464.03
87610.70
87759.70
87909.60
88059.53
88211.41
88365.80
88522.23
88682.72
88843.37
89008.30
89173.25
89339.10
89507.77
89678.77
89854.77
90033.56
90214.46
90398.98
90586.27
90775.12
90966.14
91162.53
91363.02
91569.65
91779.79
91994.41
92212.44
92434.83
92661.59
92896.75
93138.23
93386.73
93644.64
93910.58
94183.33
94467.59
94760.69
95070.66
95394.90
95740.73
96104.86
96498.04
96921.88
97387.58
97908.76
98525.88
99306.96
100675.10
