6307.48
6423.73
6540.68
6657.85
6774.04
6890.42
7005.45
7116.76
7224.26
7332.83
7439.56
7543.23
7644.95
7746.16
7844.08
7938.11
8028.90
8113.68
8194.42
8271.52
8347.06
8421.32
8494.00
8566.93
8638.27
8709.36
8779.50
8849.29
8917.53
8986.14
9053.80
9121.69
9188.06
9253.86
9319.48
9383.92
9448.23
9512.34
9575.24
9637.25
9697.89
9757.41
9815.16
9872.02
9927.71
9982.65
10037.47
10091.49
10144.49
10197.60
10249.25
10300.69
10351.07
10401.31
10451.13
10499.67
10547.69
10595.74
10643.53
10690.57
10737.47
10783.83
10829.86
10875.83
10921.16
10966.43
11011.49
11056.13
11100.25
11144.41
11188.02
11231.55
11274.70
11317.97
11360.93
11403.64
11445.54
11488.01
11530.14
11571.99
11613.90
11655.62
11697.09
11738.35
11779.13
11820.03
11860.26
11900.59
11940.30
11979.75
12019.14
12057.67
12096.05
12134.14
12171.59
12208.88
12245.67
12282.45
12318.86
12355.09
12390.82
12426.33
12461.98
12497.22
12532.34
12567.55
12602.77
12637.35
12671.96
12706.78
12741.04
12775.54
12809.88
12844.24
12878.35
12912.43
12946.20
12979.89
13013.72
13047.47
13080.73
13114.06
13147.29
13180.43
13212.96
13245.71
13278.04
13310.32
13342.45
13374.43
13406.26
13437.83
13469.10
13500.50
13531.56
13562.60
13593.50
13624.62
13655.25
13685.76
13715.96
13746.21
13776.68
13806.79
13836.75
13866.74
13896.50
13926.07
13955.27
13984.46
14013.42
14042.43
14070.96
14099.52
14127.84
14155.85
14183.83
14211.72
14239.31
14266.97
14294.33
14321.54
14348.76
14375.65
14402.34
14428.95
14455.54
14482.01
14508.36
14534.78
14560.82
14586.86
14612.63
14638.48
14663.98
14689.42
14714.61
14739.96
14765.09
14789.85
14814.46
14839.21
14863.83
14888.30
14912.63
14936.76
14961.02
14985.09
15008.93
15032.87
15056.55
15080.28
15103.84
15127.56
15151.05
15174.49
15197.80
15221.17
15244.39
15267.57
15290.67
15313.80
15336.83
15359.71
15382.41
15405.15
15427.93
15450.75
15473.38
15495.99
15518.58
15540.98
15563.25
15585.45
15607.72
15629.88
15651.89
15673.95
15695.76
15717.52
15739.27
15760.92
15782.48
15804.12
15825.55
15847.18
15868.47
15889.79
15911.16
15932.40
15953.55
15974.71
15995.70
16016.91
16037.81
16058.73
16079.44
16100.21
16120.88
16141.57
16162.15
16182.67
16203.27
16223.82
16244.10
16264.40
16284.68
16304.85
16324.85
16345.03
16365.06
16385.04
16404.80
16424.75
16444.45
16464.30
16483.90
16503.63
16523.36
16542.97
16562.54
16582.05
16601.50
16620.92
16640.38
16659.76
16679.19
16698.38
16717.48
16736.83
16755.91
16775.11
16794.08
16813.23
16832.34
16851.37
16870.17
16889.21
16908.10
16926.98
16945.72
16964.70
16983.56
17002.32
17021.07
17039.88
17058.56
17077.30
17095.93
17114.72
17133.40
17151.91
17170.35
17188.96
17207.47
17225.98
17244.41
17262.91
17281.41
17299.87
17318.23
17336.65
17355.08
17373.44
17391.82
17410.29
17428.63
17446.97
17465.24
17483.49
17501.80
17520.01
17538.15
17556.36
17574.53
17592.60
17610.68
17628.81
17646.74
17664.85
17682.76
17700.86
17718.80
17736.77
17754.53
17772.50
17790.15
17808.02
17825.87
17843.66
17861.47
17879.28
17896.81
17914.55
17932.22
17949.80
17967.41
17985.04
18002.57
18020.20
18037.62
18055.20
18072.66
18090.14
18107.71
18125.19
18142.75
18160.10
18177.50
18194.86
18212.27
18229.66
18246.93
18264.27
18281.58
18298.87
18316.02
18333.26
18350.54
18367.80
18384.85
18402.07
18419.25
18436.47
18453.44
18470.70
18487.64
18504.84
18521.79
18538.87
18556.01
18573.10
18589.94
18607.01
18624.06
18641.04
18657.91
18674.92
18691.81
18708.66
18725.54
18742.40
18759.19
18776.00
18792.84
18809.65
18826.44
18843.18
18859.75
18876.55
18893.16
18909.80
18926.34
18942.96
18959.52
18975.98
18992.34
19008.90
19025.20
19041.65
19058.04
19074.47
19090.82
19107.20
19123.38
19139.69
19155.94
19172.15
19188.32
19204.51
19220.62
19236.76
19252.71
19268.81
19284.80
19300.70
19316.74
19332.66
19348.59
19364.44
19380.13
19396.08
19411.82
19427.63
19443.34
19459.14
19474.95
19490.61
19506.22
19521.94
19537.48
19553.13
19568.66
19584.27
19599.78
19615.36
19630.86
19646.20
19661.77
19677.24
19692.57
19708.08
19723.52
19738.91
19754.21
19769.54
19784.86
19800.20
19815.39
19830.80
19846.06
19861.22
19876.45
19891.71
19906.84
19921.99
19937.09
19952.21
19967.43
19982.48
19997.48
20012.61
20027.57
20042.56
20057.43
20072.47
20087.48
20102.47
20117.29
20132.12
20146.93
20161.93
20176.72
20191.60
20206.36
20221.19
20235.89
20250.66
20265.38
20280.09
20294.71
20309.47
20324.05
20338.64
20353.02
20367.53
20381.98
20396.35
20410.70
20425.19
20439.51
20453.82
20468.09
20482.45
20496.61
20510.91
20525.14
20539.38
20553.64
20567.79
20581.96
20596.06
20610.22
20624.43
20638.54
20652.62
20666.71
20680.84
20694.82
20708.90
20722.83
20736.89
20750.85
20764.83
20778.81
20792.77
20806.69
20820.62
20834.56
20848.52
20862.45
20876.37
20890.35
20904.25
20918.04
20931.87
20945.88
20959.74
20973.54
20987.38
21001.28
21015.08
21028.83
21042.58
21056.37
21070.19
21083.90
21097.70
21111.41
21125.16
21138.78
21152.48
21166.21
21179.86
21193.53
21207.13
21220.80
21234.43
21247.94
21261.53
21274.98
21288.66
21302.18
21315.80
21329.32
21342.84
21356.27
21369.80
21383.32
21396.86
21410.31
21423.76
21437.36
21450.80
21464.19
21477.63
21491.05
21504.44
21517.90
21531.29
21544.73
21558.05
21571.43
21584.73
21598.12
21611.42
21624.75
21638.11
21651.36
21664.66
21677.84
21691.19
21704.36
21717.69
21730.80
21744.15
21757.42
21770.60
21783.77
21797.04
21810.14
21823.41
21836.68
21849.87
21863.07
21876.29
21889.36
21902.55
21915.67
21928.84
21941.89
21955.14
21968.22
21981.35
21994.38
22007.52
22020.55
22033.68
22046.67
22059.84
22072.91
22086.00
22098.95
22112.11
22125.11
22138.21
22151.23
22164.34
22177.48
22190.47
22203.38
22216.47
22229.52
22242.52
22255.48
22268.46
22281.47
22294.44
22307.40
22320.34
22333.21
22346.15
22359.03
22371.96
22384.86
22397.78
22410.62
22423.48
22436.32
22449.22
22462.14
22475.00
22487.92
22500.81
22513.59
22526.46
22539.25
22552.22
22565.00
22577.83
22590.84
22603.63
22616.51
22629.33
22642.10
22655.04
22667.81
22680.64
22693.53
22706.30
22719.09
22731.93
22744.71
22757.56
22770.26
22783.17
22795.96
22808.78
22821.49
22834.30
22847.03
22859.86
22872.61
22885.40
22898.09
22910.88
22923.60
22936.39
22949.13
22961.92
22974.61
22987.32
23000.06
23012.76
23025.48
23038.17
23050.86
23063.59
23076.28
23089.03
23101.70
23114.39
23127.02
23139.75
23152.34
23165.04
23177.63
23190.33
23202.98
23215.59
23228.16
23240.88
23253.47
23266.09
23278.60
23291.24
23303.86
23316.36
23328.82
23341.46
23353.97
23366.52
23379.11
23391.65
23404.18
23416.66
23429.13
23441.66
23454.07
23466.56
23478.98
23491.47
23503.96
23516.38
23528.78
23541.18
23553.56
23565.99
23578.36
23590.76
23603.13
23615.49
23627.80
23640.17
23652.37
23664.76
23677.05
23689.37
23701.71
23713.99
23726.20
23738.55
23750.78
23763.18
23775.39
23787.72
23799.97
23812.28
23824.43
23836.74
23848.96
23861.26
23873.47
23885.78
23898.04
23910.19
23922.41
23934.68
23946.81
23959.15
23971.32
23983.56
23995.81
24008.01
24020.13
24032.36
24044.51
24056.70
24068.91
24081.03
24093.30
24105.48
24117.61
24129.73
24141.90
24154.07
24166.16
24178.39
24190.52
24202.67
24214.74
24226.86
24238.98
24251.17
24263.23
24275.40
24287.57
24299.65
24311.70
24323.73
24335.79
24347.93
24359.91
24372.02
24384.08
24396.15
24408.09
24420.19
24432.16
24444.19
24456.16
24468.23
24480.27
24492.24
24504.22
24516.22
24528.15
24540.13
24552.12
24564.14
24576.11
24588.08
24599.98
24611.86
24623.82
24635.76
24647.68
24659.58
24671.47
24683.35
24695.11
24707.00
24718.87
24730.71
24742.49
24754.36
24766.22
24778.01
24789.73
24801.57
24813.36
24825.11
24836.87
24848.67
24860.43
24872.19
24883.87
24895.65
24907.36
24919.16
24930.84
24942.61
24954.34
24966.02
24977.74
24989.41
25001.07
25012.76
25024.45
25036.10
25047.78
25059.45
25070.98
25082.65
25094.29
25105.95
25117.54
25129.18
25140.74
25152.45
25163.99
25175.63
25187.13
25198.76
25210.31
25221.98
25233.58
25245.11
25256.64
25268.22
25279.79
25291.31
25302.87
25314.43
25326.01
25337.51
25348.99
25360.56
25371.97
25383.56
25395.05
25406.56
25418.09
25429.58
25441.03
25452.44
25463.95
25475.37
25486.81
25498.28
25509.82
25521.23
25532.55
25544.03
25555.43
25566.94
25578.32
25589.73
25601.15
25612.55
25623.85
25635.23
25646.54
25657.95
25669.30
25680.73
25692.06
25703.40
25714.68
25726.02
25737.30
25748.60
25759.84
25771.14
25782.44
25793.68
25804.94
25816.23
25827.46
25838.70
25849.99
25861.22
25872.49
25883.72
25894.93
25906.17
25917.35
25928.56
25939.75
25950.94
25962.19
25973.31
25984.42
25995.55
26006.63
26017.83
26028.90
26040.05
26051.16
26062.28
26073.24
26084.37
26095.36
26106.45
26117.44
26128.48
26139.57
26150.59
26161.47
26172.52
26183.40
26194.48
26205.42
26216.37
26227.28
26238.23
26249.14
26259.95
26270.88
26281.74
26292.62
26303.51
26314.38
26325.26
26336.02
26346.83
26357.66
26368.44
26379.19
26389.95
26400.74
26411.47
26422.17
26432.85
26443.50
26454.27
26464.94
26475.54
26486.25
26496.92
26507.46
26518.02
26528.69
26539.26
26549.78
26560.36
26570.82
26581.45
26591.90
26602.37
26612.82
26623.30
26633.71
26644.15
26654.60
26665.00
26675.31
26685.66
26696.01
26706.38
26716.67
26727.03
26737.33
26747.59
26757.83
26768.14
26778.33
26788.62
26798.81
26809.04
26819.28
26829.45
26839.54
26849.75
26859.77
26870.02
26880.09
26890.20
26900.35
26910.38
26920.32
26930.52
26940.49
26950.51
26960.46
26970.46
26980.46
26990.41
27000.26
27010.23
27020.10
27030.04
27039.87
27049.77
27059.64
27069.39
27079.24
27089.12
27098.80
27108.64
27118.41
27128.16
27138.01
27147.67
27157.31
27167.04
27176.68
27186.37
27196.00
27205.57
27215.31
27224.88
27234.42
27244.00
27253.48
27263.01
27272.50
27282.00
27291.51
27300.94
27310.36
27319.76
27329.17
27338.62
27347.98
27357.33
27366.70
27376.12
27385.36
27394.72
27403.98
27413.30
27422.52
27431.86
27441.14
27450.32
27459.53
27468.73
27477.90
27487.12
27496.27
27505.42
27514.58
27523.75
27532.75
27541.88
27550.99
27560.10
27569.09
27578.11
27587.21
27596.19
27605.20
27614.21
27623.18
27632.17
27641.07
27650.06
27658.99
27667.87
27676.79
27685.71
27694.62
27703.50
27712.41
27721.30
27730.11
27738.99
27747.79
27756.60
27765.33
27774.18
27782.89
27791.65
27800.45
27809.15
27817.82
27826.57
27835.23
27843.91
27852.59
27861.26
27869.90
27878.56
27887.11
27895.75
27904.31
27912.88
27921.49
27930.07
27938.64
27947.23
27955.74
27964.30
27972.77
27981.34
27989.88
27998.39
28006.91
28015.45
28023.90
28032.41
28040.86
28049.32
28057.77
28066.24
28074.69
28083.09
28091.50
28099.91
28108.29
28116.68
28125.07
28133.41
28141.77
28150.17
28158.48
28166.83
28175.10
28183.49
28191.70
28200.09
28208.37
28216.67
28224.91
28233.22
28241.49
28249.76
28258.02
28266.30
28274.57
28282.88
28291.07
28299.34
28307.55
28315.78
28324.06
28332.31
28340.56
28348.83
28357.00
28365.24
28373.45
28381.68
28389.86
28398.09
28406.27
28414.49
28422.60
28430.82
28439.00
28447.24
28455.35
28463.59
28471.76
28479.89
28487.99
28496.21
28504.34
28512.51
28520.64
28528.84
28537.00
28545.17
28553.31
28561.46
28569.60
28577.75
28585.84
28594.07
28602.21
28610.43
28618.53
28626.67
28634.81
28642.95
28651.10
28659.27
28667.47
28675.63
28683.72
28691.86
28700.04
28708.19
28716.30
28724.51
28732.63
28740.81
28748.91
28757.07
28765.22
28773.37
28781.53
28789.68
28797.90
28806.03
28814.08
28822.26
28830.40
28838.55
28846.65
28854.87
28863.05
28871.16
28879.29
28887.46
28895.59
28903.77
28911.89
28920.08
28928.22
28936.43
28944.53
28952.70
28960.83
28968.99
28977.12
28985.25
28993.46
29001.61
29009.74
29017.86
29025.97
29034.11
29042.25
29050.36
29058.54
29066.67
29074.77
29082.91
29091.02
29099.12
29107.25
29115.40
29123.53
29131.65
29139.74
29147.82
29155.96
29164.07
29172.15
29180.26
29188.41
29196.50
29204.50
29212.68
29220.76
29228.84
29236.88
29245.01
29253.12
29261.14
29269.17
29277.29
29285.30
29293.45
29301.46
29309.52
29317.60
29325.64
29333.68
29341.66
29349.76
29357.80
29365.79
29373.84
29381.92
29389.92
29397.93
29405.93
29413.89
29421.92
29429.90
29437.90
29445.93
29453.91
29461.81
29469.82
29477.73
29485.73
29493.61
29501.60
29509.59
29517.50
29525.37
29533.31
29541.25
29549.20
29557.10
29565.04
29572.95
29580.86
29588.74
29596.64
29604.54
29612.46
29620.33
29628.26
29636.19
29644.01
29651.95
29659.80
29667.70
29675.58
29683.42
29691.30
29699.24
29707.12
29714.92
29722.84
29730.61
29738.49
29746.38
29754.27
29762.09
29769.90
29777.74
29785.60
29793.47
29801.25
29809.11
29816.97
29824.80
29832.60
29840.42
29848.27
29856.07
29863.91
29871.70
29879.55
29887.37
29895.22
29902.98
29910.78
29918.60
29926.47
29934.22
29942.07
29949.90
29957.65
29965.40
29973.23
29981.04
29988.84
29996.60
30004.46
30012.27
30020.06
30027.77
30035.59
30043.34
30051.13
30058.89
30066.69
30074.47
30082.16
30089.95
30097.73
30105.40
30113.18
30120.92
30128.72
30136.48
30144.18
30151.88
30159.57
30167.35
30175.06
30182.79
30190.53
30198.25
30205.98
30213.64
30221.32
30229.06
30236.75
30244.43
30252.13
30259.87
30267.58
30275.21
30282.94
30290.59
30298.31
30305.95
30313.62
30321.29
30328.96
30336.61
30344.29
30351.92
30359.55
30367.21
30374.82
30382.52
30390.12
30397.72
30405.36
30413.00
30420.59
30428.20
30435.80
30443.44
30451.02
30458.59
30466.18
30473.77
30481.37
30488.93
30496.55
30504.08
30511.66
30519.18
30526.75
30534.28
30541.83
30549.38
30556.93
30564.50
30572.00
30579.47
30587.01
30594.54
30602.05
30609.57
30617.10
30624.63
30632.14
30639.61
30647.16
30654.64
30662.17
30669.63
30677.17
30684.67
30692.20
30699.60
30707.09
30714.61
30722.11
30729.53
30737.03
30744.51
30751.97
30759.43
30766.89
30774.33
30781.75
30789.16
30796.68
30804.07
30811.53
30818.94
30826.35
30833.75
30841.20
30848.61
30856.00
30863.43
30870.86
30878.21
30885.60
30893.00
30900.43
30907.80
30915.23
30922.62
30930.03
30937.37
30944.76
30952.13
30959.52
30966.90
30974.34
30981.71
30989.12
30996.49
31003.82
31011.20
31018.61
31025.95
31033.39
31040.74
31048.12
31055.53
31062.90
31070.23
31077.64
31084.96
31092.35
31099.72
31107.04
31114.37
31121.76
31129.08
31136.41
31143.76
31151.05
31158.45
31165.73
31173.07
31180.36
31187.68
31195.03
31202.31
31209.67
31216.95
31224.27
31231.56
31238.86
31246.13
31253.45
31260.69
31268.03
31275.36
31282.63
31289.92
31297.21
31304.48
31311.74
31319.04
31326.34
31333.67
31340.90
31348.18
31355.55
31362.84
31370.12
31377.41
31384.70
31392.02
31399.32
31406.57
31413.87
31421.07
31428.39
31435.71
31443.00
31450.26
31457.56
31464.78
31472.03
31479.32
31486.61
31493.82
31501.08
31508.34
31515.57
31522.82
31530.07
31537.26
31544.51
31551.68
31558.95
31566.15
31573.41
31580.61
31587.81
31594.97
31602.20
31609.38
31616.63
31623.83
31631.05
31638.20
31645.42
31652.58
31659.80
31666.96
31674.17
31681.34
31688.61
31695.75
31702.94
31710.11
31717.34
31724.53
31731.75
31738.91
31746.13
31753.31
31760.48
31767.63
31774.81
31782.03
31789.21
31796.39
31803.58
31810.73
31817.91
31825.07
31832.22
31839.41
31846.59
31853.76
31860.90
31868.02
31875.20
31882.34
31889.42
31896.62
31903.77
31910.90
31918.02
31925.14
31932.21
31939.30
31946.47
31953.59
31960.71
31967.82
31974.95
31982.01
31989.11
31996.21
32003.30
32010.37
32017.51
32024.66
32031.70
32038.76
32045.88
32052.96
32060.07
32067.12
32074.22
32081.34
32088.41
32095.47
32102.58
32109.66
32116.74
32123.84
32130.95
32138.03
32145.10
32152.16
32159.25
32166.28
32173.41
32180.42
32187.58
32194.67
32201.72
32208.74
32215.84
32222.86
32229.91
32236.99
32244.04
32251.09
32258.15
32265.16
32272.18
32279.20
32286.26
32293.27
32300.25
32307.36
32314.36
32321.33
32328.35
32335.35
32342.37
32349.38
32356.42
32363.40
32370.41
32377.34
32384.38
32391.35
32398.35
32405.31
32412.33
32419.37
32426.29
32433.26
32440.29
32447.22
32454.22
32461.20
32468.20
32475.19
32482.16
32489.09
32496.10
32503.06
32510.05
32517.04
32524.00
32531.00
32537.97
32544.91
32551.83
32558.80
32565.78
32572.70
32579.69
32586.63
32593.56
32600.47
32607.43
32614.31
32621.28
32628.19
32635.12
32642.06
32648.98
32655.87
32662.79
32669.70
32676.58
32683.48
32690.40
32697.29
32704.20
32711.05
32717.94
32724.82
32731.71
32738.63
32745.53
32752.40
32759.29
32766.17
32773.05
32779.91
32786.79
32793.64
32800.55
32807.43
32814.30
32821.16
32828.09
32834.91
32841.82
32848.66
32855.57
32862.48
32869.32
32876.14
32883.03
32889.87
32896.70
32903.54
32910.41
32917.27
32924.10
32930.86
32937.71
32944.51
32951.34
32958.17
32964.99
32971.80
32978.59
32985.34
32992.16
32998.91
33005.73
33012.50
33019.31
33026.11
33032.87
33039.64
33046.43
33053.18
33060.02
33066.81
33073.62
33080.40
33087.18
33093.98
33100.80
33107.62
33114.39
33121.20
33128.03
33134.87
33141.68
33148.43
33155.28
33162.07
33168.89
33175.74
33182.56
33189.40
33196.20
33203.04
33209.83
33216.69
33223.49
33230.34
33237.22
33244.05
33250.90
33257.75
33264.63
33271.39
33278.27
33285.11
33291.96
33298.86
33305.69
33312.56
33319.41
33326.26
33333.14
33339.98
33346.89
33353.77
33360.64
33367.45
33374.35
33381.25
33388.08
33394.97
33401.89
33408.80
33415.67
33422.52
33429.39
33436.27
33443.19
33450.04
33456.99
33463.90
33470.79
33477.68
33484.63
33491.48
33498.41
33505.31
33512.24
33519.16
33526.07
33532.93
33539.87
33546.77
33553.75
33560.62
33567.57
33574.51
33581.45
33588.36
33595.25
33602.25
33609.15
33616.10
33623.05
33630.01
33636.95
33643.86
33650.83
33657.77
33664.73
33671.64
33678.65
33685.62
33692.57
33699.49
33706.45
33713.39
33720.40
33727.33
33734.32
33741.33
33748.30
33755.21
33762.20
33769.18
33776.18
33783.10
33790.16
33797.14
33804.07
33811.09
33818.10
33825.02
33832.04
33839.02
33846.07
33853.11
33860.09
33867.04
33874.07
33881.06
33888.10
33895.12
33902.09
33909.16
33916.15
33923.11
33930.14
33937.20
33944.23
33951.20
33958.28
33965.30
33972.30
33979.32
33986.39
33993.43
34000.48
34007.52
34014.54
34021.60
34028.67
34035.68
34042.70
34049.79
34056.84
34063.88
34070.97
34078.04
34085.13
34092.13
34099.22
34106.24
34113.33
34120.39
34127.53
34134.59
34141.66
34148.71
34155.82
34162.83
34169.97
34177.04
34184.12
34191.27
34198.31
34205.39
34212.53
34219.56
34226.70
34233.78
34240.93
34248.02
34255.13
34262.21
34269.27
34276.41
34283.55
34290.62
34297.77
34304.87
34312.02
34319.15
34326.28
34333.38
34340.51
34347.66
34354.78
34361.91
34369.04
34376.19
34383.36
34390.46
34397.63
34404.70
34411.89
34419.05
34426.21
34433.30
34440.48
34447.62
34454.78
34461.88
34469.10
34476.33
34483.49
34490.61
34497.76
34504.96
34512.14
34519.29
34526.50
34533.64
34540.88
34548.01
34555.16
34562.38
34569.61
34576.75
34583.99
34591.18
34598.39
34605.53
34612.77
34619.95
34627.16
34634.32
34641.59
34648.83
34656.02
34663.18
34670.41
34677.64
34684.87
34692.04
34699.30
34706.54
34713.79
34720.97
34728.23
34735.43
34742.70
34749.90
34757.18
34764.46
34771.65
34778.91
34786.13
34793.36
34800.67
34807.90
34815.10
34822.40
34829.70
34836.88
34844.17
34851.41
34858.68
34865.98
34873.25
34880.50
34887.79
34895.05
34902.32
34909.60
34916.89
34924.18
34931.48
34938.80
34946.07
34953.34
34960.61
34967.94
34975.20
34982.48
34989.82
34997.16
35004.45
35011.73
35019.09
35026.36
35033.69
35040.95
35048.31
35055.65
35062.92
35070.25
35077.54
35084.90
35092.21
35099.55
35106.91
35114.22
35121.54
35128.88
35136.21
35143.57
35150.95
35158.24
35165.59
35172.99
35180.31
35187.64
35195.04
35202.39
35209.72
35217.07
35224.46
35231.84
35239.23
35246.56
35253.93
35261.29
35268.68
35276.05
35283.46
35290.89
35298.21
35305.59
35312.98
35320.38
35327.73
35335.13
35342.56
35349.96
35357.36
35364.69
35372.14
35379.51
35386.97
35394.34
35401.82
35409.23
35416.62
35424.02
35431.48
35438.84
35446.30
35453.71
35461.17
35468.59
35476.02
35483.43
35490.93
35498.31
35505.77
35513.18
35520.66
35528.13
35535.57
35542.97
35550.45
35557.88
35565.35
35572.79
35580.27
35587.77
35595.23
35602.62
35610.12
35617.57
35625.05
35632.48
35640.01
35647.52
35655.01
35662.46
35669.89
35677.41
35684.91
35692.36
35699.89
35707.41
35714.89
35722.34
35729.86
35737.34
35744.84
35752.36
35759.88
35767.41
35774.95
35782.38
35789.93
35797.46
35804.95
35812.48
35820.00
35827.57
35835.09
35842.57
35850.08
35857.66
35865.21
35872.71
35880.28
35887.88
35895.35
35902.93
35910.43
35918.01
35925.55
35933.06
35940.69
35948.29
35955.83
35963.33
35970.95
35978.41
35986.07
35993.61
36001.18
36008.79
36016.38
36023.89
36031.55
36039.11
36046.69
36054.27
36061.87
36069.44
36077.07
36084.59
36092.24
36099.86
36107.46
36115.05
36122.65
36130.30
36137.89
36145.48
36153.11
36160.70
36168.34
36175.92
36183.60
36191.19
36198.87
36206.48
36214.09
36221.71
36229.32
36237.00
36244.62
36252.29
36259.94
36267.57
36275.17
36282.83
36290.48
36298.15
36305.84
36313.50
36321.15
36328.77
36336.48
36344.11
36351.77
36359.45
36367.13
36374.83
36382.47
36390.13
36397.83
36405.54
36413.18
36420.84
36428.57
36436.29
36443.98
36451.64
36459.32
36467.02
36474.77
36482.45
36490.18
36497.87
36505.62
36513.30
36521.00
36528.72
36536.44
36544.19
36551.91
36559.65
36567.39
36575.05
36582.83
36590.49
36598.28
36605.99
36613.74
36621.54
36629.27
36636.94
36644.68
36652.45
36660.23
36667.98
36675.75
36683.49
36691.27
36699.04
36706.78
36714.55
36722.32
36730.11
36737.84
36745.70
36753.44
36761.20
36769.02
36776.77
36784.56
36792.34
36800.14
36807.93
36815.72
36823.51
36831.33
36839.10
36846.91
36854.72
36862.56
36870.38
36878.20
36885.99
36893.77
36901.60
36909.41
36917.24
36925.05
36932.93
36940.75
36948.54
36956.38
36964.21
36972.07
36979.93
36987.75
36995.63
37003.41
37011.29
37019.13
37026.97
37034.88
37042.63
37050.57
37058.40
37066.28
37074.09
37081.99
37089.90
37097.75
37105.56
37113.48
37121.39
37129.28
37137.13
37145.02
37152.91
37160.81
37168.70
37176.57
37184.50
37192.37
37200.29
37208.18
37216.07
37224.02
37231.85
37239.84
37247.73
37255.64
37263.56
37271.48
37279.40
37287.29
37295.25
37303.16
37311.15
37319.07
37326.98
37334.93
37342.84
37350.81
37358.71
37366.68
37374.69
37382.60
37390.52
37398.47
37406.41
37414.44
37422.37
37430.36
37438.30
37446.25
37454.21
37462.20
37470.20
37478.19
37486.10
37494.15
37502.14
37510.13
37518.09
37526.09
37534.05
37542.07
37550.02
37558.04
37566.11
37574.10
37582.06
37590.10
37598.10
37606.09
37614.09
37622.13
37630.13
37638.17
37646.16
37654.24
37662.22
37670.26
37678.28
37686.32
37694.36
37702.38
37710.43
37718.50
37726.52
37734.54
37742.60
37750.68
37758.78
37766.81
37774.79
37782.89
37790.95
37799.06
37807.12
37815.20
37823.23
37831.37
37839.40
37847.50
37855.52
37863.66
37871.74
37879.80
37887.93
37896.01
37904.08
37912.20
37920.26
37928.39
37936.48
37944.63
37952.77
37960.84
37968.94
37977.05
37985.14
37993.28
38001.41
38009.57
38017.71
38025.82
38033.91
38042.05
38050.18
38058.30
38066.46
38074.56
38082.80
38090.95
38099.04
38107.22
38115.34
38123.52
38131.62
38139.81
38148.00
38156.21
38164.30
38172.49
38180.63
38188.77
38197.01
38205.19
38213.36
38221.61
38229.75
38237.89
38246.09
38254.28
38262.50
38270.67
38278.93
38287.12
38295.28
38303.49
38311.69
38319.87
38328.12
38336.35
38344.60
38352.80
38360.99
38369.16
38377.43
38385.67
38393.91
38402.18
38410.41
38418.66
38426.84
38435.11
38443.37
38451.60
38459.84
38468.11
38476.41
38484.63
38492.89
38501.11
38509.41
38517.69
38525.93
38534.19
38542.47
38550.74
38559.00
38567.32
38575.57
38583.89
38592.20
38600.46
38608.77
38617.05
38625.31
38633.63
38641.94
38650.23
38658.52
38666.89
38675.18
38683.50
38691.79
38700.14
38708.38
38716.73
38725.06
38733.43
38741.75
38750.12
38758.40
38766.74
38775.07
38783.43
38791.77
38800.13
38808.45
38816.85
38825.13
38833.54
38841.85
38850.19
38858.54
38866.93
38875.36
38883.70
38892.00
38900.43
38908.77
38917.17
38925.52
38933.91
38942.29
38950.70
38959.02
38967.51
38975.84
38984.27
38992.62
39001.05
39009.53
39017.91
39026.23
39034.71
39043.07
39051.55
39059.91
39068.38
39076.84
39085.25
39093.62
39102.04
39110.46
39118.93
39127.34
39135.86
39144.23
39152.75
39161.16
39169.61
39178.04
39186.51
39194.93
39203.41
39211.94
39220.38
39228.80
39237.32
39245.74
39254.21
39262.64
39271.20
39279.70
39288.17
39296.63
39305.14
39313.62
39322.09
39330.59
39339.06
39347.64
39356.16
39364.59
39373.09
39381.59
39390.14
39398.63
39407.17
39415.73
39424.22
39432.71
39441.24
39449.78
39458.31
39466.83
39475.36
39483.93
39492.46
39501.02
39509.58
39518.07
39526.66
39535.20
39543.75
39552.36
39560.91
39569.39
39578.01
39586.51
39595.15
39603.69
39612.29
39620.88
39629.48
39638.02
39646.57
39655.17
39663.78
39672.38
39681.00
39689.55
39698.18
39706.74
39715.37
39723.96
39732.58
39741.14
39749.81
39758.47
39767.05
39775.65
39784.28
39792.82
39801.53
39810.15
39818.80
39827.47
39836.12
39844.73
39853.34
39861.98
39870.65
39879.23
39887.98
39896.66
39905.32
39913.96
39922.65
39931.25
39939.92
39948.63
39957.30
39965.98
39974.68
39983.30
39992.01
40000.70
40009.37
40018.07
40026.77
40035.48
40044.14
40052.88
40061.57
40070.26
40078.99
40087.69
40096.42
40105.15
40113.86
40122.51
40131.30
40139.97
40148.73
40157.44
40166.20
40174.99
40183.70
40192.43
40201.14
40209.88
40218.63
40227.36
40236.11
40244.88
40253.66
40262.40
40271.16
40279.93
40288.71
40297.49
40306.20
40315.05
40323.80
40332.57
40341.38
40350.14
40358.94
40367.69
40376.54
40385.30
40394.16
40402.91
40411.75
40420.48
40429.34
40438.12
40447.00
40455.79
40464.66
40473.41
40482.22
40491.05
40499.91
40508.71
40517.64
40526.41
40535.26
40544.13
40552.95
40561.77
40570.66
40579.50
40588.38
40597.26
40606.09
40614.93
40623.81
40632.64
40641.57
40650.41
40659.31
40668.23
40677.07
40685.95
40694.79
40703.70
40712.57
40721.46
40730.40
40739.32
40748.21
40757.09
40766.00
40774.88
40783.82
40792.69
40801.64
40810.61
40819.51
40828.40
40837.32
40846.24
40855.13
40864.11
40873.08
40882.04
40890.96
40899.88
40908.82
40917.77
40926.69
40935.66
40944.63
40953.63
40962.61
40971.53
40980.51
40989.46
40998.39
41007.38
41016.38
41025.45
41034.42
41043.34
41052.31
41061.28
41070.30
41079.34
41088.34
41097.38
41106.38
41115.33
41124.34
41133.33
41142.35
41151.39
41160.43
41169.46
41178.51
41187.47
41196.59
41205.56
41214.62
41223.63
41232.72
41241.81
41250.82
41259.83
41268.91
41277.92
41287.02
41296.04
41305.14
41314.24
41323.29
41332.34
41341.43
41350.44
41359.57
41368.61
41377.75
41386.82
41395.94
41404.99
41414.11
41423.18
41432.30
41441.37
41450.49
41459.66
41468.77
41477.82
41486.90
41496.05
41505.20
41514.30
41523.45
41532.63
41541.74
41550.82
41559.99
41569.11
41578.23
41587.41
41596.55
41605.73
41614.85
41624.02
41633.18
41642.32
41651.48
41660.64
41669.87
41679.06
41688.22
41697.38
41706.57
41715.71
41724.91
41734.13
41743.32
41752.55
41761.71
41770.89
41780.05
41789.31
41798.55
41807.74
41816.98
41826.20
41835.44
41844.57
41853.84
41863.04
41872.30
41881.54
41890.72
41900.04
41909.29
41918.48
41927.72
41936.93
41946.23
41955.50
41964.77
41974.05
41983.28
41992.54
42001.84
42011.05
42020.32
42029.59
42038.91
42048.24
42057.49
42066.76
42076.10
42085.34
42094.63
42103.88
42113.21
42122.53
42131.88
42141.14
42150.50
42159.77
42169.12
42178.41
42187.77
42197.07
42206.45
42215.75
42225.06
42234.35
42243.75
42253.03
42262.43
42271.82
42281.17
42290.49
42299.88
42309.18
42318.59
42327.91
42337.30
42346.67
42356.07
42365.40
42374.86
42384.18
42393.55
42402.91
42412.38
42421.70
42431.16
42440.52
42449.98
42459.36
42468.80
42478.21
42487.59
42497.05
42506.47
42515.84
42525.27
42534.71
42544.14
42553.52
42563.00
42572.50
42581.93
42591.32
42600.75
42610.21
42619.67
42629.11
42638.58
42648.10
42657.55
42666.96
42676.46
42685.93
42695.41
42704.88
42714.38
42723.86
42733.36
42742.81
42752.27
42761.81
42771.29
42780.75
42790.31
42799.87
42809.33
42818.83
42828.31
42837.88
42847.42
42856.88
42866.47
42875.98
42885.49
42895.02
42904.57
42914.11
42923.66
42933.24
42942.74
42952.34
42961.88
42971.39
42980.98
42990.50
43000.10
43009.64
43019.30
43028.88
43038.41
43048.00
43057.55
43067.20
43076.76
43086.34
43095.93
43105.59
43115.15
43124.72
43134.37
43143.98
43153.59
43163.19
43172.85
43182.44
43192.08
43201.64
43211.32
43220.94
43230.62
43240.21
43249.89
43259.53
43269.13
43278.78
43288.47
43298.11
43307.78
43317.41
43327.13
43336.79
43346.47
43356.11
43365.81
43375.46
43385.16
43394.82
43404.51
43414.22
43423.95
43433.54
43443.27
43452.98
43462.75
43472.41
43482.12
43491.85
43501.59
43511.24
43521.00
43530.71
43540.49
43550.19
43559.98
43569.71
43579.43
43589.13
43598.93
43608.61
43618.38
43628.15
43637.88
43647.68
43657.42
43667.21
43676.98
43686.75
43696.55
43706.33
43716.13
43725.91
43735.64
43745.46
43755.29
43765.04
43774.83
43784.66
43794.48
43804.32
43814.11
43823.85
43833.71
43843.52
43853.33
43863.18
43873.00
43882.84
43892.66
43902.51
43912.39
43922.11
43932.05
43941.87
43951.73
43961.68
43971.50
43981.33
43991.20
44001.04
44010.93
44020.79
44030.66
44040.59
44050.49
44060.30
44070.16
44080.07
44089.98
44099.82
44109.81
44119.72
44129.66
44139.54
44149.45
44159.36
44169.27
44179.14
44189.10
44199.06
44208.97
44218.90
44228.85
44238.76
44248.73
44258.66
44268.61
44278.59
44288.55
44298.45
44308.48
44318.41
44328.39
44338.34
44348.36
44358.35
44368.32
44378.27
44388.29
44398.21
44408.28
44418.26
44428.19
44438.30
44448.26
44458.25
44468.27
44478.30
44488.32
44498.29
44508.37
44518.43
44528.44
44538.40
44548.39
44558.52
44568.55
44578.50
44588.66
44598.73
44608.76
44618.77
44628.87
44638.89
44648.97
44659.06
44669.13
44679.20
44689.30
44699.34
44709.45
44719.49
44729.56
44739.69
44749.82
44759.95
44770.04
44780.09
44790.20
44800.30
44810.43
44820.55
44830.66
44840.83
44850.97
44861.04
44871.18
44881.30
44891.41
44901.60
44911.75
44921.96
44932.09
44942.24
44952.33
44962.55
44972.67
44982.88
44993.06
45003.27
45013.48
45023.61
45033.73
45043.96
45054.13
45064.32
45074.54
45084.80
45094.96
45105.11
45115.36
45125.57
45135.77
45146.00
45156.27
45166.50
45176.72
45186.94
45197.18
45207.36
45217.66
45227.87
45238.14
45248.37
45258.63
45268.88
45279.14
45289.38
45299.61
45309.90
45320.20
45330.50
45340.79
45350.99
45361.32
45371.58
45381.90
45392.16
45402.48
45412.79
45423.11
45433.36
45443.73
45454.00
45464.38
45474.64
45484.98
45495.38
45505.70
45515.93
45526.33
45536.67
45547.03
45557.30
45567.70
45578.10
45588.41
45598.72
45609.12
45619.47
45629.89
45640.20
45650.68
45660.98
45671.38
45681.77
45692.11
45702.53
45712.93
45723.30
45733.69
45744.14
45754.59
45764.95
45775.35
45785.78
45796.27
45806.60
45817.10
45827.58
45837.94
45848.36
45858.84
45869.20
45879.68
45890.14
45900.64
45911.09
45921.50
45931.96
45942.48
45952.91
45963.38
45973.82
45984.34
45994.82
46005.31
46015.73
46026.32
46036.73
46047.30
46057.80
46068.34
46078.79
46089.36
46099.83
46110.38
46120.83
46131.39
46141.92
46152.46
46163.03
46173.60
46184.03
46194.59
46205.14
46215.73
46226.28
46236.87
46247.45
46257.91
46268.54
46279.13
46289.66
46300.26
46310.87
46321.46
46332.09
46342.69
46353.23
46363.84
46374.40
46385.05
46395.61
46406.25
46416.91
46427.50
46438.12
46448.72
46459.37
46470.02
46480.63
46491.31
46501.96
46512.63
46523.21
46533.88
46544.54
46555.18
46565.81
46576.51
46587.20
46597.88
46608.49
46619.24
46629.88
46640.61
46651.27
46661.96
46672.72
46683.40
46694.07
46704.78
46715.48
46726.20
46736.93
46747.68
46758.38
46769.13
46779.83
46790.56
46801.26
46812.06
46822.80
46833.57
46844.35
46855.09
46865.77
46876.62
46887.33
46898.12
46908.90
46919.69
46930.48
46941.25
46951.99
46962.82
46973.59
46984.40
46995.15
47006.03
47016.82
47027.63
47038.41
47049.25
47060.05
47070.89
47081.72
47092.54
47103.44
47114.30
47125.07
47135.89
47146.80
47157.60
47168.48
47179.35
47190.26
47201.11
47211.96
47222.84
47233.71
47244.52
47255.44
47266.35
47277.29
47288.18
47299.01
47309.95
47320.80
47331.70
47342.61
47353.60
47364.49
47375.47
47386.31
47397.25
47408.14
47419.15
47430.07
47441.05
47451.93
47462.95
47473.86
47484.86
47495.73
47506.79
47517.72
47528.64
47539.67
47550.67
47561.68
47572.67
47583.63
47594.61
47605.61
47616.65
47627.68
47638.66
47649.63
47660.67
47671.64
47682.65
47693.69
47704.82
47715.83
47726.89
47737.86
47748.86
47759.91
47771.00
47782.05
47793.11
47804.27
47815.27
47826.34
47837.44
47848.50
47859.57
47870.59
47881.69
47892.82
47903.87
47915.00
47926.09
47937.17
47948.30
47959.37
47970.55
47981.68
47992.78
48003.89
48015.00
48026.15
48037.34
48048.46
48059.61
48070.80
48081.93
48093.01
48104.21
48115.36
48126.56
48137.70
48148.91
48160.11
48171.26
48182.41
48193.68
48204.80
48216.03
48227.25
48238.42
48249.66
48260.89
48272.03
48283.33
48294.46
48305.76
48316.89
48328.19
48339.45
48350.74
48361.87
48373.15
48384.38
48395.66
48406.90
48418.26
48429.48
48440.74
48451.99
48463.33
48474.56
48485.79
48497.10
48508.46
48519.77
48531.02
48542.32
48553.64
48564.96
48576.25
48587.54
48598.89
48610.27
48621.55
48632.85
48644.25
48655.52
48666.84
48678.26
48689.60
48700.94
48712.38
48723.64
48735.08
48746.36
48757.79
48769.16
48780.57
48792.00
48803.30
48814.72
48826.18
48837.50
48848.95
48860.36
48871.76
48883.21
48894.65
48906.00
48917.46
48928.87
48940.30
48951.75
48963.14
48974.70
48986.08
48997.54
49009.01
49020.39
49031.96
49043.39
49054.87
49066.37
49077.89
49089.35
49100.80
49112.29
49123.79
49135.28
49146.82
49158.34
49169.85
49181.33
49192.82
49204.32
49215.91
49227.41
49239.01
49250.54
49262.06
49273.59
49285.18
49296.68
49308.23
49319.79
49331.38
49342.96
49354.52
49366.11
49377.72
49389.20
49400.88
49412.43
49424.04
49435.65
49447.26
49458.81
49470.53
49482.11
49493.71
49505.29
49517.00
49528.67
49540.26
49551.90
49563.54
49575.20
49586.84
49598.43
49610.18
49621.87
49633.51
49645.11
49656.80
49668.50
49680.18
49691.84
49703.54
49715.30
49727.00
49738.64
49750.36
49762.03
49773.77
49785.50
49797.26
49808.93
49820.66
49832.40
49844.18
49855.91
49867.61
49879.36
49891.15
49902.92
49914.67
49926.44
49938.16
49949.91
49961.73
49973.50
49985.36
49997.07
50008.91
50020.70
50032.52
50044.25
50056.10
50067.90
50079.76
50091.65
50103.46
50115.22
50127.08
50138.92
50150.78
50162.57
50174.41
50186.37
50198.19
50210.02
50221.93
50233.72
50245.65
50257.46
50269.43
50281.27
50293.15
50305.10
50316.95
50328.84
50340.77
50352.68
50364.64
50376.56
50388.44
50400.27
50412.27
50424.15
50436.14
50448.08
50460.04
50472.05
50483.98
50495.91
50507.87
50519.79
50531.79
50543.71
50555.73
50567.78
50579.73
50591.69
50603.67
50615.72
50627.69
50639.70
50651.72
50663.79
50675.80
50687.79
50699.88
50711.89
50723.89
50735.96
50748.02
50760.12
50772.17
50784.17
50796.23
50808.30
50820.43
50832.44
50844.57
50856.65
50868.77
50880.73
50892.88
50904.99
50917.10
50929.21
50941.30
50953.46
50965.59
50977.66
50989.85
51001.86
51014.08
51026.24
51038.40
51050.54
51062.67
51074.81
51086.94
51099.07
51111.33
51123.40
51135.66
51147.90
51160.02
51172.20
51184.44
51196.57
51208.79
51221.02
51233.22
51245.42
51257.66
51269.84
51282.16
51294.31
51306.61
51318.82
51331.12
51343.41
51355.63
51367.85
51380.14
51392.39
51404.61
51416.95
51429.17
51441.50
51453.82
51466.09
51478.40
51490.66
51503.05
51515.23
51527.63
51540.01
51552.25
51564.61
51576.98
51589.27
51601.63
51613.95
51626.36
51638.71
51651.04
51663.37
51675.76
51688.11
51700.48
51712.82
51725.29
51737.65
51749.98
51762.41
51774.78
51787.16
51799.65
51812.02
51824.40
51836.91
51849.35
51861.76
51874.21
51886.63
51899.05
51911.52
51923.98
51936.48
51948.93
51961.24
51973.84
51986.27
51998.82
52011.18
52023.77
52036.33
52048.73
52061.26
52073.75
52086.28
52098.75
52111.29
52123.84
52136.35
52148.93
52161.35
52173.95
52186.49
52199.05
52211.63
52224.14
52236.76
52249.35
52261.85
52274.45
52287.00
52299.59
52312.20
52324.81
52337.42
52350.00
52362.54
52375.17
52387.82
52400.45
52413.00
52425.73
52438.39
52450.99
52463.63
52476.29
52488.95
52501.59
52514.21
52526.91
52539.59
52552.23
52564.91
52577.58
52590.25
52602.98
52615.60
52628.43
52641.13
52653.79
52666.49
52679.23
52691.92
52704.72
52717.37
52730.17
52742.93
52755.76
52768.44
52781.17
52793.87
52806.69
52819.43
52832.27
52844.96
52857.82
52870.55
52883.35
52896.06
52909.00
52921.78
52934.55
52947.42
52960.23
52973.01
52985.84
52998.70
53011.43
53024.26
53037.25
53050.13
53062.96
53075.76
53088.63
53101.49
53114.38
53127.26
53140.13
53153.06
53165.96
53178.82
53191.70
53204.61
53217.57
53230.46
53243.38
53256.34
53269.30
53282.15
53295.16
53308.06
53321.00
53333.94
53346.96
53359.96
53372.88
53385.82
53398.79
53411.79
53424.78
53437.77
53450.81
53463.80
53476.83
53489.79
53502.86
53515.75
53528.86
53541.84
53554.88
53567.98
53581.01
53593.91
53607.00
53620.07
53633.15
53646.21
53659.38
53672.40
53685.52
53698.53
53711.69
53724.73
53737.77
53750.90
53764.08
53777.19
53790.28
53803.39
53816.51
53829.63
53842.73
53855.89
53869.06
53882.27
53895.41
53908.49
53921.72
53934.78
53948.10
53961.25
53974.45
53987.66
54000.86
54014.01
54027.18
54040.44
54053.64
54066.82
54080.10
54093.39
54106.59
54119.74
54133.04
54146.26
54159.52
54172.79
54186.00
54199.31
54212.62
54225.82
54239.10
54252.41
54265.70
54278.96
54292.30
54305.63
54318.95
54332.12
54345.53
54358.77
54372.18
54385.48
54398.91
54412.24
54425.55
54438.95
54452.26
54465.63
54479.00
54492.35
54505.80
54519.17
54532.54
54545.86
54559.27
54572.66
54586.11
54599.55
54613.01
54626.46
54639.89
54653.25
54666.63
54680.11
54693.57
54707.00
54720.53
54733.98
54747.44
54760.87
54774.43
54787.85
54801.36
54814.78
54828.38
54841.86
54855.32
54868.83
54882.37
54895.80
54909.41
54922.86
54936.44
54950.10
54963.60
54977.13
54990.68
55004.22
55017.78
55031.35
55045.02
55058.55
55072.15
55085.64
55099.30
55112.88
55126.51
55140.05
55153.76
55167.37
55181.05
55194.63
55208.27
55221.88
55235.54
55249.21
55262.89
55276.60
55290.29
55303.86
55317.59
55331.14
55344.93
55358.68
55372.31
55386.07
55399.75
55413.45
55427.11
55440.88
55454.62
55468.30
55482.06
55495.91
55509.67
55523.39
55537.14
55550.84
55564.61
55578.36
55592.21
55606.05
55619.80
55633.57
55647.42
55661.16
55675.04
55688.77
55702.66
55716.54
55730.30
55744.16
55758.02
55771.76
55785.64
55799.50
55813.35
55827.28
55841.18
55855.04
55868.91
55882.79
55896.75
55910.59
55924.53
55938.46
55952.36
55966.22
55980.18
55994.15
56008.07
56022.01
56035.91
56049.92
56063.87
56077.77
56091.79
56105.70
56119.71
56133.70
56147.69
56161.71
56175.75
56189.70
56203.66
56217.63
56231.76
56245.78
56259.77
56273.91
56287.94
56301.95
56316.01
56329.98
56344.15
56358.13
56372.27
56386.41
56400.43
56414.51
56428.63
56442.70
56456.79
56470.84
56485.05
56499.13
56513.34
56527.38
56541.57
56555.68
56569.90
56584.01
56598.22
56612.41
56626.60
56640.74
56654.89
56669.07
56683.23
56697.45
56711.69
56725.96
56740.11
56754.29
56768.57
56782.77
56796.98
56811.20
56825.50
56839.75
56854.05
56868.24
56882.48
56896.82
56911.11
56925.36
56939.70
56954.07
56968.29
56982.53
56996.82
57011.21
57025.57
57039.83
57054.18
57068.61
57082.89
57097.22
57111.57
57125.90
57140.34
57154.68
57169.13
57183.52
57197.88
57212.21
57226.62
57241.05
57255.50
57269.91
57284.34
57298.81
57313.25
57327.64
57342.09
57356.52
57371.00
57385.45
57399.87
57414.36
57428.88
57443.33
57457.87
57472.26
57486.82
57501.34
57515.84
57530.39
57544.98
57559.41
57573.92
57588.45
57603.08
57617.53
57632.15
57646.74
57661.33
57675.86
57690.41
57705.00
57719.60
57734.18
57748.76
57763.47
57778.01
57792.63
57807.27
57821.90
57836.59
57851.16
57865.84
57880.56
57895.22
57909.83
57924.55
57939.19
57953.84
57968.51
57983.25
57997.98
58012.66
58027.37
58042.13
58056.77
58071.47
58086.21
58101.00
58115.66
58130.51
58145.27
58160.03
58174.75
58189.58
58204.30
58219.12
58233.99
58248.79
58263.51
58278.30
58293.11
58307.99
58322.77
58337.72
58352.50
58367.36
58382.15
58397.05
58411.88
58426.77
58441.64
58456.56
58471.46
58486.36
58501.15
58516.11
58530.94
58545.91
58560.84
58575.80
58590.73
58605.67
58620.61
58635.60
58650.50
58665.47
58680.44
58695.41
58710.44
58725.34
58740.36
58755.36
58770.32
58785.27
58800.27
58815.41
58830.50
58845.52
58860.45
58875.54
58890.56
58905.65
58920.69
58935.71
58950.96
58965.97
58981.04
58996.12
59011.16
59026.30
59041.39
59056.57
59071.71
59086.87
59101.95
59117.03
59132.23
59147.40
59162.53
59177.66
59192.94
59208.07
59223.23
59238.51
59253.62
59268.82
59284.05
59299.28
59314.49
59329.74
59344.90
59360.16
59375.41
59390.57
59405.83
59421.17
59436.50
59451.67
59466.92
59482.23
59497.55
59512.81
59528.12
59543.49
59558.88
59574.13
59589.42
59604.74
59620.09
59635.43
59650.69
59666.23
59681.61
59696.98
59712.27
59727.70
59743.08
59758.49
59773.90
59789.38
59804.76
59820.18
59835.57
59851.01
59866.43
59881.86
59897.27
59912.79
59928.32
59943.79
59959.21
59974.72
59990.15
60005.67
60021.15
60036.75
60052.27
60067.79
60083.21
60098.86
60114.33
60129.90
60145.43
60160.96
60176.65
60192.21
60207.75
60223.28
60238.88
60254.53
60270.09
60285.74
60301.41
60317.06
60332.48
60348.29
60363.88
60379.55
60395.15
60410.80
60426.53
60442.27
60457.88
60473.66
60489.23
60504.98
60520.63
60536.46
60552.15
60567.92
60583.61
60599.38
60615.09
60630.79
60646.57
60662.43
60678.14
60693.89
60709.62
60725.39
60741.27
60757.06
60772.87
60788.65
60804.57
60820.43
60836.16
60852.05
60867.86
60883.77
60899.57
60915.46
60931.37
60947.30
60963.15
60979.10
60994.95
61010.91
61026.71
61042.73
61058.64
61074.62
61090.55
61106.43
61122.41
61138.38
61154.26
61170.37
61186.38
61202.36
61218.29
61234.36
61250.33
61266.24
61282.31
61298.37
61314.44
61330.50
61346.48
61362.61
61378.53
61394.64
61410.73
61426.79
61443.05
61459.11
61475.13
61491.29
61507.35
61523.41
61539.64
61555.81
61571.98
61588.13
61604.22
61620.41
61636.47
61652.79
61668.98
61685.14
61701.44
61717.55
61733.81
61750.04
61766.20
61782.50
61798.63
61815.00
61831.25
61847.51
61863.71
61880.01
61896.27
61912.57
61928.81
61945.10
61961.51
61977.77
61994.07
62010.40
62026.73
62043.06
62059.45
62075.84
62092.28
62108.60
62124.86
62141.30
62157.75
62174.09
62190.50
62206.95
62223.45
62239.84
62256.19
62272.75
62289.09
62305.62
62322.06
62338.51
62355.10
62371.52
62388.04
62404.54
62420.95
62437.55
62453.96
62470.52
62487.11
62503.69
62520.10
62536.67
62553.30
62569.86
62586.41
62602.95
62619.63
62636.23
62652.79
62669.45
62685.97
62702.66
62719.30
62735.90
62752.62
62769.34
62785.93
62802.63
62819.26
62835.96
62852.62
62869.40
62886.11
62902.85
62919.51
62936.27
62952.89
62969.77
62986.39
63003.29
63020.02
63036.79
63053.59
63070.35
63087.09
63103.93
63120.70
63137.52
63154.44
63171.24
63188.00
63204.93
63221.74
63238.62
63255.44
63272.37
63289.14
63306.17
63322.96
63339.95
63356.76
63373.68
63390.61
63407.57
63424.61
63441.51
63458.45
63475.50
63492.39
63509.26
63526.34
63543.41
63560.45
63577.46
63594.36
63611.44
63628.38
63645.49
63662.53
63679.61
63696.76
63713.83
63730.86
63747.86
63765.03
63782.12
63799.21
63816.40
63833.48
63850.63
63867.66
63884.90
63901.99
63919.11
63936.26
63953.55
63970.65
63987.89
64005.06
64022.29
64039.41
64056.77
64074.00
64091.27
64108.50
64125.69
64143.00
64160.22
64177.44
64194.85
64212.10
64229.45
64246.78
64264.04
64281.34
64298.63
64316.12
64333.46
64350.68
64368.12
64385.61
64402.96
64420.26
64437.66
64455.07
64472.55
64489.84
64507.33
64524.82
64542.21
64559.69
64577.17
64594.57
64612.05
64629.49
64647.04
64664.57
64682.09
64699.57
64717.05
64734.52
64752.07
64769.66
64787.24
64804.83
64822.36
64839.95
64857.54
64875.13
64892.69
64910.34
64927.98
64945.57
64963.33
64980.92
64998.57
65016.19
65033.86
65051.49
65069.22
65086.97
65104.71
65122.32
65140.08
65157.69
65175.40
65193.17
65211.07
65228.74
65246.54
65264.32
65282.09
65299.85
65317.63
65335.46
65353.34
65371.21
65389.00
65406.73
65424.56
65442.38
65460.34
65478.18
65496.13
65513.99
65531.88
65549.74
65567.63
65585.58
65603.67
65621.59
65639.48
65657.50
65675.46
65693.39
65711.34
65729.34
65747.34
65765.39
65783.34
65801.41
65819.45
65837.49
65855.55
65873.58
65891.51
65909.70
65927.82
65945.86
65964.12
65982.06
66000.12
66018.30
66036.52
66054.64
66072.83
66091.02
66109.22
66127.30
66145.51
66163.70
66181.95
66200.11
66218.38
66236.64
66254.88
66273.11
66291.38
66309.59
66327.90
66346.16
66364.46
66382.80
66401.05
66419.36
66437.66
66455.98
66474.37
66492.73
66511.12
66529.51
66547.84
66566.27
66584.65
66603.01
66621.49
66639.85
66658.34
66676.89
66695.24
66713.69
66732.13
66750.65
66769.13
66787.63
66806.18
66824.77
66843.16
66861.69
66880.27
66898.74
66917.38
66935.95
66954.60
66973.27
66991.72
67010.30
67028.95
67047.48
67066.14
67084.78
67103.55
67122.14
67140.80
67159.34
67178.18
67196.83
67215.57
67234.30
67253.03
67271.79
67290.43
67309.14
67327.91
67346.75
67365.55
67384.31
67403.23
67422.02
67440.81
67459.60
67478.46
67497.23
67516.17
67534.93
67553.87
67572.84
67591.63
67610.57
67629.43
67648.31
67667.29
67686.22
67705.23
67724.13
67743.17
67762.06
67781.07
67799.98
67819.06
67838.00
67857.19
67876.15
67895.27
67914.26
67933.22
67952.33
67971.46
67990.57
68009.67
68028.92
68047.82
68067.06
68086.14
68105.26
68124.43
68143.58
68162.78
68182.12
68201.29
68220.39
68239.66
68258.82
68278.02
68297.33
68316.66
68335.87
68355.21
68374.38
68393.71
68412.91
68432.32
68451.54
68471.00
68490.41
68509.77
68528.96
68548.45
68567.75
68587.11
68606.57
68625.95
68645.46
68664.98
68684.34
68703.77
68723.20
68742.71
68762.22
68781.72
68801.23
68820.77
68840.21
68859.80
68879.23
68898.79
68918.43
68937.94
68957.68
68977.24
68996.68
69016.29
69035.91
69055.60
69075.25
69094.93
69114.67
69134.28
69153.98
69173.48
69193.26
69213.02
69232.82
69252.57
69272.34
69292.13
69311.80
69331.63
69351.30
69371.12
69390.96
69410.89
69430.73
69450.56
69470.38
69490.26
69510.03
69529.84
69549.70
69569.77
69589.73
69609.62
69629.46
69649.48
69669.43
69689.30
69709.23
69729.30
69749.34
69769.39
69789.36
69809.32
69829.42
69849.45
69869.45
69889.62
69909.64
69929.67
69949.72
69970.01
69990.08
70010.26
70030.40
70050.54
70070.71
70090.95
70111.05
70131.25
70151.35
70171.73
70191.95
70212.20
70232.48
70252.77
70272.99
70293.28
70313.48
70333.81
70354.06
70374.47
70394.87
70415.20
70435.46
70455.95
70476.27
70496.68
70517.04
70537.57
70557.95
70578.28
70598.80
70619.22
70639.71
70660.04
70680.61
70701.20
70721.70
70742.31
70762.74
70783.30
70803.84
70824.47
70845.04
70865.70
70886.30
70906.91
70927.39
70948.14
70968.78
70989.44
71010.07
71030.81
71051.54
71072.31
71092.88
71113.60
71134.34
71155.14
71175.87
71196.73
71217.58
71238.34
71259.08
71279.94
71300.79
71321.55
71342.47
71363.30
71384.28
71405.06
71425.93
71446.88
71467.80
71488.77
71509.66
71530.64
71551.70
71572.53
71593.47
71614.54
71635.58
71656.56
71677.58
71698.66
71719.83
71740.91
71761.92
71783.08
71803.95
71825.14
71846.38
71867.54
71888.77
71909.92
71931.07
71952.27
71973.44
71994.67
72015.77
72037.25
72058.53
72079.68
72101.01
72122.24
72143.59
72164.78
72186.15
72207.57
72228.90
72250.30
72271.63
72293.06
72314.34
72335.83
72357.22
72378.62
72400.21
72421.63
72443.02
72464.55
72485.97
72507.60
72529.03
72550.66
72572.29
72593.87
72615.23
72636.91
72658.46
72680.20
72701.70
72723.36
72745.14
72766.73
72788.30
72810.05
72831.65
72853.38
72875.09
72896.85
72918.59
72940.41
72962.01
72983.91
73005.61
73027.51
73049.30
73071.18
73093.09
73114.88
73136.69
73158.69
73180.58
73202.45
73224.37
73246.38
73268.35
73290.33
73312.14
73334.19
73356.16
73378.26
73400.28
73422.30
73444.49
73466.44
73488.35
73510.61
73532.64
73554.85
73576.95
73599.17
73621.30
73643.49
73665.54
73687.83
73709.95
73732.29
73754.43
73776.73
73799.09
73821.34
73843.53
73865.95
73888.20
73910.45
73932.86
73955.27
73977.73
73999.98
74022.33
74044.83
74067.17
74089.71
74111.98
74134.61
74156.98
74179.55
74201.96
74224.59
74247.05
74269.59
74292.07
74314.77
74337.37
74360.00
74382.57
74405.11
74427.88
74450.52
74473.09
74495.88
74518.55
74541.33
74563.88
74586.73
74609.30
74632.21
74655.05
74677.78
74700.68
74723.54
74746.16
74769.09
74791.97
74814.91
74837.73
74860.58
74883.63
74906.60
74929.44
74952.44
74975.42
74998.43
75021.42
75044.54
75067.57
75090.56
75113.62
75136.66
75159.61
75182.92
75206.00
75229.15
75252.41
75275.57
75298.70
75321.92
75345.07
75367.90
75391.44
75414.80
75438.13
75461.30
75484.53
75507.95
75531.23
75554.57
75577.95
75601.34
75624.76
75648.18
75671.52
75694.92
75718.34
75741.85
75765.18
75788.83
75812.41
75835.99
75859.34
75882.82
75906.36
75930.11
75953.63
75977.35
76000.93
76024.45
76047.97
76071.77
76095.52
76119.30
76142.88
76166.71
76190.52
76214.21
76237.82
76261.64
76285.59
76309.30
76333.13
76357.15
76381.02
76404.96
76428.71
76452.55
76476.62
76500.56
76524.45
76548.42
76572.52
76596.59
76620.52
76644.63
76668.41
76692.62
76716.69
76740.89
76765.02
76789.09
76813.19
76837.47
76861.56
76885.80
76909.94
76934.24
76958.63
76982.72
77006.98
77031.44
77055.70
77080.06
77104.27
77128.80
77153.23
77177.56
77201.77
77226.34
77250.73
77275.17
77299.49
77324.20
77348.74
77373.24
77397.73
77422.27
77446.72
77471.52
77495.90
77520.76
77545.43
77569.98
77594.69
77619.40
77644.05
77668.82
77693.43
77718.34
77743.13
77767.88
77792.72
77817.45
77842.36
77867.12
77891.98
77917.00
77941.92
77966.78
77991.67
78016.52
78041.58
78066.46
78091.55
78116.71
78141.77
78166.77
78191.86
78216.97
78242.02
78267.27
78292.37
78317.55
78342.63
78367.96
78393.14
78418.35
78443.70
78468.97
78494.18
78519.44
78544.93
78570.16
78595.48
78620.94
78646.26
78671.57
78697.08
78722.59
78748.20
78773.65
78798.98
78824.49
78850.07
78875.55
78901.07
78926.82
78952.51
78978.23
79003.56
79029.42
79054.93
79080.69
79106.38
79132.32
79158.13
79183.73
79209.56
79235.12
79261.12
79287.10
79312.79
79338.78
79364.72
79390.60
79416.39
79442.43
79468.46
79494.44
79520.45
79546.59
79572.67
79598.69
79624.66
79650.90
79676.95
79703.09
79729.27
79755.54
79781.76
79807.91
79834.07
79860.34
79886.51
79912.93
79939.20
79965.68
79992.04
80018.43
80044.75
80071.12
80097.52
80124.01
80150.51
80177.13
80203.73
80230.13
80256.68
80283.19
80309.73
80336.41
80363.04
80389.72
80416.42
80443.13
80469.64
80496.52
80523.12
80549.92
80576.69
80603.57
80630.49
80657.29
80684.04
80711.02
80737.81
80764.68
80791.70
80818.80
80845.85
80872.88
80899.76
80926.85
80953.95
80981.06
81008.06
81035.34
81062.59
81089.55
81116.70
81143.94
81171.12
81198.38
81225.59
81253.03
81280.45
81307.70
81334.93
81362.36
81389.73
81417.26
81444.63
81472.14
81499.66
81527.30
81554.75
81582.20
81609.77
81637.43
81664.96
81692.73
81720.47
81748.14
81775.63
81803.31
81831.13
81858.90
81886.51
81914.45
81942.33
81970.08
81998.02
82026.02
82053.88
82081.70
82109.62
82137.89
82165.99
82193.95
82221.79
82250.02
82278.05
82306.08
82334.23
82362.41
82390.75
82418.91
82446.96
82475.34
82503.52
82531.86
82560.05
82588.54
82616.99
82645.34
82673.60
82702.18
82730.56
82759.15
82787.57
82816.23
82844.80
82873.38
82901.91
82930.39
82959.06
82987.64
83016.45
83045.00
83073.91
83102.60
83131.34
83160.17
83189.00
83217.83
83246.62
83275.73
83304.73
83333.53
83362.43
83391.48
83420.45
83449.48
83478.61
83507.79
83536.97
83566.09
83595.15
83624.38
83653.52
83682.73
83711.98
83741.27
83770.72
83800.09
83829.20
83858.59
83888.07
83917.43
83946.85
83976.41
84006.06
84035.66
84064.97
84094.63
84124.20
84153.82
84183.47
84213.13
84242.91
84272.68
84302.37
84332.16
84361.82
84391.74
84421.51
84451.53
84481.55
84511.33
84541.19
84571.31
84601.23
84631.30
84661.33
84691.62
84721.58
84751.79
84781.93
84812.11
84842.26
84872.58
84902.79
84933.27
84963.55
84993.90
85024.07
85054.52
85084.89
85115.45
85145.91
85176.45
85207.09
85237.68
85268.14
85298.73
85329.43
85360.02
85390.77
85421.45
85452.41
85483.09
85513.88
85544.78
85575.53
85606.53
85637.26
85668.24
85699.38
85730.29
85761.23
85792.38
85823.41
85854.55
85885.64
85916.88
85948.13
85979.44
86010.59
86041.83
86073.01
86104.48
86135.80
86167.22
86198.83
86230.33
86261.56
86293.10
86324.68
86356.23
86387.63
86419.40
86451.19
86482.83
86514.48
86546.22
86578.04
86609.93
86641.72
86673.45
86705.53
86737.40
86769.22
86801.40
86833.29
86865.40
86897.38
86929.27
86961.64
86993.89
87025.95
87058.22
87090.40
87122.70
87154.99
87187.43
87219.91
87252.29
87284.73
87317.13
87349.62
87382.18
87414.69
87447.38
87480.09
87512.63
87545.24
87578.04
87610.67
87643.25
87676.19
87709.25
87742.16
87774.96
87807.81
87840.71
87873.80
87906.93
87939.94
87973.07
88006.34
88039.44
88072.47
88105.86
88139.02
88172.35
88205.55
88238.95
88272.40
88305.91
88339.20
88372.76
88406.24
88439.84
88473.16
88507.17
88540.71
88574.45
88608.16
88641.98
88675.62
88709.55
88743.28
88777.38
88811.31
88845.33
88879.20
88913.32
88947.30
88981.30
89015.51
89049.71
89083.81
89118.10
89152.41
89186.71
89221.05
89255.31
89289.78
89324.41
89359.02
89393.59
89427.90
89462.60
89497.01
89531.92
89566.45
89601.30
89636.13
89670.93
89705.62
89740.56
89775.42
89810.48
89845.20
89880.48
89915.67
89950.85
89985.92
90020.98
90056.26
90091.53
90126.58
90162.09
90197.52
90233.06
90268.27
90303.77
90339.20
90374.88
90410.30
90446.22
90482.04
90517.68
90553.12
90588.91
90624.73
90660.84
90696.61
90732.66
90768.48
90804.61
90840.59
90876.68
90912.86
90949.08
90985.20
91021.47
91057.74
91094.33
91130.47
91166.91
91203.44
91239.95
91276.44
91313.13
91349.77
91386.34
91422.97
91459.86
91496.41
91533.45
91570.23
91607.14
91644.29
91681.19
91718.13
91755.26
91792.34
91829.58
91866.45
91903.93
91941.38
91978.70
92015.94
92053.31
92090.76
92128.33
92165.83
92203.27
92241.26
92278.87
92316.45
92354.19
92391.95
92429.95
92467.82
92505.94
92543.98
92581.93
92619.91
92658.11
92696.00
92734.37
92772.52
92811.05
92849.41
92887.65
92926.09
92964.52
93003.05
93041.80
93080.35
93119.02
93158.06
93196.73
93235.39
93274.19
93313.26
93352.03
93390.88
93430.12
93469.34
93508.43
93547.51
93586.70
93626.13
93665.44
93704.58
93744.32
93783.86
93823.27
93862.80
93902.48
93942.14
93981.65
94021.55
94061.43
94101.33
94141.33
94181.04
94221.30
94261.15
94301.47
94341.64
94381.80
94422.30
94462.52
94502.93
94543.40
94583.70
94624.37
94664.84
94705.45
94746.30
94787.07
94827.65
94868.67
94909.56
94950.59
94991.55
95032.51
95074.00
95114.96
95155.99
95197.45
95238.67
95280.11
95321.48
95362.87
95404.69
95446.34
95487.73
95529.59
95571.27
95613.20
95654.93
95696.91
95739.09
95781.10
95823.19
95865.27
95907.45
95949.70
95991.98
96034.63
96077.02
96119.63
96161.83
96204.81
96247.30
96290.22
96332.88
96375.89
96418.86
96461.84
96504.60
96547.82
96590.88
96634.18
96677.55
96720.88
96764.45
96807.82
96851.16
96895.02
96938.49
96982.36
97026.19
97070.02
97113.93
97157.96
97201.76
97246.02
97290.10
97334.51
97378.41
97423.07
97467.59
97512.13
97556.31
97601.10
97645.81
97690.52
97735.30
97779.92
97825.20
97870.15
97914.91
97960.27
98005.44
98050.76
98096.13
98141.68
98187.27
98232.84
98278.15
98323.67
98369.61
98415.63
98461.22
98507.34
98553.53
98599.62
98645.41
98692.02
98738.08
98784.72
98830.98
98877.59
98924.29
98971.02
99017.81
99064.36
99111.34
99158.41
99205.37
99252.56
99299.84
99347.15
99394.37
99442.02
99489.10
99536.65
99584.46
99632.36
99680.12
99728.02
99775.91
99823.73
99871.77
99920.19
99968.30
100016.92
100065.51
100113.98
100162.24
100211.16
100259.77
100308.48
100357.34
100406.48
100455.59
100504.78
100553.82
100603.44
100652.55
100702.26
100751.65
100801.52
100851.30
100901.06
100950.88
101000.96
101050.61
101101.09
101151.31
101201.66
101252.30
101302.80
101353.17
101404.15
101454.79
101505.70
101556.58
101607.57
101658.90
101709.92
101761.30
101812.65
101864.34
101916.02
101967.66
102019.56
102071.41
102123.52
102175.52
102227.79
102279.76
102331.80
102384.63
102437.20
102490.13
102542.88
102595.52
102648.59
102701.61
102754.79
102807.88
102861.47
102914.46
102968.38
103021.77
103075.74
103129.35
103183.38
103237.76
103291.87
103346.31
103400.52
103454.94
103509.75
103564.11
103619.13
103673.91
103728.92
103784.41
103839.57
103894.78
103950.32
104005.70
104061.57
104117.27
104173.32
104229.45
104285.54
104341.39
104397.94
104454.38
104511.12
104567.66
104624.74
104681.68
104738.86
104795.79
104853.14
104910.37
104968.18
105025.68
105083.73
105141.59
105199.83
105257.63
105316.05
105374.27
105433.14
105491.31
105550.49
105609.39
105668.42
105727.42
105786.98
105846.25
105905.95
105965.04
106025.60
106085.63
106145.77
106205.70
106266.22
106326.55
106387.31
106448.21
106508.99
106570.44
106631.64
106692.60
106754.25
106815.61
106877.57
106939.39
107001.58
107064.14
107126.42
107188.37
107251.43
107314.10
107377.19
107440.07
107503.79
107567.07
107630.85
107694.13
107758.51
107822.14
107886.54
107950.61
108015.24
108080.09
108145.19
108209.98
108275.23
108340.33
108406.30
108471.89
108537.65
108604.15
108670.40
108736.39
108802.80
108869.64
108936.67
109003.80
109070.97
109138.81
109206.45
109273.95
109341.53
109409.48
109478.39
109546.86
109615.79
109684.70
109753.93
109822.90
109892.55
109962.09
110031.97
110101.65
110172.56
110243.12
110314.00
110384.40
110456.02
110527.08
110598.62
110669.93
110742.30
110814.88
110886.90
110959.43
111032.52
111105.21
111178.18
111251.70
111325.80
111399.80
111473.96
111548.25
111623.06
111697.88
111772.80
111847.88
111923.69
111999.98
112075.51
112151.66
112228.54
112305.08
112382.39
112459.30
112537.13
112615.28
112693.49
112771.26
112850.12
112928.74
113008.05
113087.34
113166.75
113247.19
113327.56
113407.68
113488.76
113569.99
113651.27
113732.40
113814.94
113896.84
113979.66
114062.12
114146.08
114229.12
114313.35
114397.24
114481.73
114566.63
114651.42
114736.69
114823.03
114908.58
114995.05
115081.81
115169.23
115256.60
115344.33
115432.76
115521.41
115610.29
115699.26
115788.79
115879.12
115969.75
116060.61
116151.34
116243.45
116335.02
116427.61
116519.75
116613.52
116707.73
116800.91
116895.79
116990.64
117085.90
117181.71
117277.66
117374.77
117472.19
117569.23
117667.52
117766.47
117865.30
117965.13
118064.66
118165.98
118266.32
118368.46
118470.29
118573.23
118676.52
118779.99
118884.28
118989.45
119094.91
119201.01
119307.61
119414.98
119522.58
119631.27
119739.60
119849.34
119960.56
120071.68
120182.89
120295.15
120408.06
120521.94
120636.41
120752.05
120867.80
120984.59
121101.62
121219.70
121339.00
121458.83
121578.73
121700.69
121823.72
121947.12
122070.85
122195.47
122321.25
122449.03
122576.46
122705.02
122835.09
122965.93
123097.79
123230.48
123365.09
123500.56
123636.37
123774.33
123912.94
124052.95
124193.74
124336.77
124480.69
124626.36
124772.37
124920.77
125070.48
125222.08
125374.18
125528.64
125684.37
125842.74
126001.28
126163.34
126325.27
126492.70
126658.89
126828.83
126999.91
127174.53
127350.08
127529.23
127711.19
127895.38
128081.06
128272.06
128464.44
128660.78
128859.70
129063.20
129270.56
129481.84
129695.91
129915.85
130139.66
130369.20
130602.41
130842.45
131092.11
131345.97
131608.92
131880.00
132159.58
132449.06
132749.09
133062.91
133393.06
133736.45
134103.83
134493.50
134911.03
135365.28
135864.97
136435.41
137135.02
138117.92
