11851.10
12239.58
12411.72
12519.84
12617.73
12709.95
12803.02
12895.32
12990.12
13084.43
29821.80
29827.65
29833.58
29839.51
29845.47
29851.45
29857.46
29863.46
29869.41
29875.32
29881.24
29887.18
29893.13
29899.16
29905.11
29911.17
29917.11
29923.06
29928.99
29934.94
29940.89
29946.85
29952.89
29958.95
29964.93
29970.85
29976.80
29982.76
29988.76
29994.78
30000.78
30006.83
30012.82
30018.82
30024.70
30030.68
30036.68
30042.75
30048.79
30054.82
30060.84
30066.82
30072.75
30078.78
30084.75
30090.85
30096.86
30102.94
30108.94
30114.94
30120.87
30126.88
30132.92
30138.97
30145.04
30151.10
30157.11
30163.14
30169.10
30175.16
30181.18
30187.27
30193.29
30199.40
30205.46
30211.44
30217.45
30223.50
30229.53
30235.61
30241.69
30247.80
30253.86
30259.88
30265.86
30271.87
30277.96
30284.07
30290.21
30296.28
30302.38
30308.38
30314.42
30320.48
30326.52
30332.65
30338.78
30344.88
30350.98
30356.99
30363.00
30369.08
30375.18
30381.33
30387.46
30393.56
30399.67
30405.68
30411.73
30417.81
30423.89
30430.07
30436.21
30442.34
30448.46
30454.53
30460.58
30466.63
30472.74
30478.90
30485.08
30491.26
30497.35
30503.43
30509.51
30515.61
30521.71
30527.88
30534.05
30540.21
30546.37
30552.45
30558.52
30564.66
30570.75
30576.92
30583.10
30589.28
30595.45
30601.57
30607.62
30613.75
30619.91
30626.09
30632.26
30638.47
30644.61
30650.75
30656.81
30663.01
30669.11
30675.36
30681.56
30687.74
30693.93
30700.07
30706.17
30712.32
30718.46
30724.70
30730.92
30737.18
30743.37
30749.47
30755.60
30761.77
30767.96
30774.17
30780.37
30786.66
30792.84
30798.97
30805.12
30811.27
30817.50
30823.75
30829.98
30836.23
30842.47
30848.60
30854.72
30860.94
30867.13
30873.41
30879.67
30885.93
30892.16
30898.32
30904.48
30910.73
30916.91
30923.22
30929.45
30935.73
30941.96
30948.14
30954.30
30960.58
30966.76
30973.09
30979.34
30985.61
30991.87
30998.08
31004.27
31010.52
31016.72
31023.04
31029.33
31035.66
31041.84
31048.08
31054.32
31060.55
31066.78
31073.12
31079.37
31085.73
31092.00
31098.23
31104.47
31110.69
31116.98
31123.31
31129.63
31135.93
31142.23
31148.45
31154.69
31160.97
31167.23
31173.59
31179.92
31186.27
31192.54
31198.80
31205.05
31211.35
31217.61
31223.97
31230.26
31236.66
31242.91
31249.21
31255.45
31261.81
31268.09
31274.42
31280.82
31287.17
31293.49
31299.78
31306.02
31312.38
31318.64
31325.06
31331.41
31337.81
31344.15
31350.41
31356.72
31363.00
31369.39
31375.76
31382.12
31388.51
31394.86
31401.19
31407.49
31413.80
31420.18
31426.56
31432.93
31439.36
31445.69
31452.02
31458.36
31464.71
31471.03
31477.47
31483.89
31490.31
31496.69
31503.02
31509.35
31515.72
31522.07
31528.50
31534.91
31541.33
31547.74
31554.12
31560.40
31566.80
31573.18
31579.67
31586.05
31592.54
31598.92
31605.32
31611.59
31618.05
31624.41
31630.88
31637.33
31643.78
31650.21
31656.57
31662.92
31669.36
31675.77
31682.26
31688.69
31695.18
31701.59
31707.97
31714.35
31720.78
31727.14
31733.69
31740.15
31746.64
31753.10
31759.46
31765.87
31772.31
31778.78
31785.22
31791.75
31798.21
31804.68
31811.10
31817.49
31823.94
31830.36
31836.93
31843.42
31849.90
31856.38
31862.84
31869.16
31875.66
31882.13
31888.67
31895.16
31901.71
31908.19
31914.61
31921.06
31927.53
31933.98
31940.57
31947.05
31953.59
31960.12
31966.56
31972.97
31979.54
31985.99
31992.54
31999.10
32005.60
32012.16
32018.61
32025.09
32031.58
32038.11
32044.62
32051.19
32057.79
32064.32
32070.78
32077.24
32083.74
32090.23
32096.89
32103.45
32110.04
32116.56
32123.07
32129.50
32136.08
32142.58
32149.17
32155.78
32162.38
32168.93
32175.40
32181.93
32188.49
32195.02
32201.63
32208.18
32214.85
32221.40
32227.92
32234.47
32240.96
32247.50
32254.17
32260.79
32267.41
32274.02
32280.51
32287.00
32293.61
32300.16
32306.84
32313.45
32320.09
32326.66
32333.26
32339.77
32346.38
32352.95
32359.59
32366.23
32372.88
32379.48
32386.06
32392.60
32399.22
32405.78
32412.50
32419.11
32425.75
32432.41
32438.98
32445.55
32452.15
32458.78
32465.44
32472.15
32478.83
32485.45
32492.07
32498.61
32505.23
32511.85
32518.55
32525.22
32531.96
32538.58
32545.19
32551.74
32558.47
32565.07
32571.78
32578.48
32585.18
32591.85
32598.47
32605.09
32611.72
32618.36
32625.12
32631.83
32638.47
32645.17
32651.85
32658.46
32665.16
32671.83
32678.52
32685.27
32691.97
32698.70
32705.36
32711.96
32718.66
32725.34
32732.10
32738.83
32745.59
32752.33
32758.97
32765.61
32772.27
32779.02
32785.73
32792.49
32799.30
32805.98
32812.71
32819.37
32826.08
32832.81
32839.56
32846.34
32853.09
32859.89
32866.54
32873.21
32879.96
32886.70
32893.44
32900.25
32907.07
32913.80
32920.49
32927.19
32933.96
32940.69
32947.50
32954.29
32961.09
32967.86
32974.58
32981.29
32988.04
32994.83
33001.63
33008.42
33015.27
33022.05
33028.79
33035.51
33042.29
33049.06
33055.88
33062.67
33069.48
33076.36
33083.11
33089.78
33096.60
33103.38
33110.24
33117.10
33123.94
33130.74
33137.51
33144.27
33151.07
33157.82
33164.73
33171.58
33178.47
33185.27
33192.04
33198.82
33205.66
33212.45
33219.31
33226.13
33233.07
33239.92
33246.73
33253.50
33260.33
33267.18
33274.06
33280.93
33287.82
33294.70
33301.48
33308.30
33315.13
33321.99
33328.88
33335.79
33342.69
33349.54
33356.39
33363.21
33370.09
33376.93
33383.87
33390.75
33397.68
33404.56
33411.45
33418.18
33425.11
33431.98
33438.94
33445.84
33452.79
33459.71
33466.52
33473.37
33480.26
33487.21
33494.14
33501.01
33508.03
33514.96
33521.82
33528.67
33535.54
33542.48
33549.47
33556.39
33563.38
33570.32
33577.18
33584.01
33590.91
33597.88
33604.86
33611.84
33618.82
33625.78
33632.69
33639.53
33646.46
33653.43
33660.40
33667.41
33674.43
33681.40
33688.29
33695.20
33702.19
33709.09
33716.11
33723.13
33730.12
33737.11
33744.02
33750.92
33757.91
33764.89
33771.92
33778.89
33785.99
33792.96
33799.89
33806.81
33813.78
33820.78
33827.81
33834.84
33841.91
33848.91
33855.81
33862.80
33869.77
33876.80
33883.85
33890.91
33897.96
33905.00
33911.95
33918.93
33925.96
33932.91
33940.01
33947.07
33954.19
33961.20
33968.22
33975.17
33982.21
33989.21
33996.32
34003.41
34010.47
34017.54
34024.55
34031.50
34038.55
34045.64
34052.74
34059.83
34066.93
34074.00
34081.00
34087.98
34095.09
34102.13
34109.27
34116.41
34123.47
34130.57
34137.61
34144.64
34151.63
34158.78
34165.93
34173.01
34180.15
34187.29
34194.34
34201.37
34208.46
34215.54
34222.68
34229.84
34236.96
34244.11
34251.19
34258.24
34265.35
34272.45
34279.63
34286.78
34293.98
34301.11
34308.16
34315.20
34322.38
34329.44
34336.68
34343.81
34351.03
34358.20
34365.27
34372.34
34379.52
34386.57
34393.84
34401.02
34408.25
34415.39
34422.48
34429.54
34436.76
34443.86
34451.11
34458.34
34465.53
34472.72
34479.84
34486.94
34494.12
34501.28
34508.52
34515.77
34523.02
34530.21
34537.30
34544.46
34551.63
34558.81
34566.09
34573.32
34580.57
34587.80
34594.96
34602.05
34609.28
34616.48
34623.77
34631.03
34638.25
34645.46
34652.63
34659.83
34667.05
34674.27
34681.56
34688.84
34696.11
34703.35
34710.52
34717.71
34724.96
34732.14
34739.52
34746.75
34754.11
34761.36
34768.54
34775.74
34782.98
34790.21
34797.57
34804.88
34812.14
34819.48
34826.70
34833.88
34841.14
34848.43
34855.73
34863.04
34870.40
34877.69
34884.94
34892.14
34899.46
34906.74
34914.01
34921.40
34928.77
34936.05
34943.34
34950.54
34957.85
34965.14
34972.53
34979.89
34987.23
34994.59
35001.82
35009.06
35016.39
35023.69
35031.14
35038.46
35045.88
35053.19
35060.46
35067.72
35075.09
35082.37
35089.83
35097.18
35104.57
35111.97
35119.24
35126.56
35133.82
35141.20
35148.67
35156.04
35163.47
35170.84
35178.18
35185.47
35192.86
35200.22
35207.66
35215.05
35222.51
35229.78
35237.18
35244.55
35251.97
35259.29
35266.73
35274.16
35281.64
35289.03
35296.39
35303.75
35311.11
35318.55
35325.99
35333.47
35340.91
35348.36
35355.68
35363.01
35370.49
35377.91
35385.38
35392.85
35400.36
35407.73
35415.21
35422.55
35429.98
35437.41
35444.91
35452.38
35459.91
35467.38
35474.77
35482.15
35489.57
35497.05
35504.55
35512.07
35519.60
35527.09
35534.51
35541.89
35549.37
35556.78
35564.37
35571.89
35579.44
35586.93
35594.35
35601.78
35609.27
35616.72
35624.27
35631.80
35639.43
35646.89
35654.33
35661.81
35669.27
35676.76
35684.34
35691.89
35699.46
35707.02
35714.47
35721.91
35729.44
35736.92
35744.55
35752.10
35759.70
35767.23
35774.73
35782.18
35789.75
35797.28
35804.90
35812.47
35820.07
35827.64
35835.14
35842.66
35850.18
35857.75
35865.34
35872.95
35880.61
35888.15
35895.69
35903.18
35910.77
35918.30
35925.96
35933.62
35941.26
35948.86
35956.38
35963.87
35971.47
35979.07
35986.77
35994.35
36002.05
36009.64
36017.21
36024.78
36032.36
36039.90
36047.67
36055.33
36062.99
36070.60
36078.21
36085.74
36093.40
36101.02
36108.69
36116.34
36124.03
36131.70
36139.29
36146.90
36154.54
36162.17
36169.88
36177.54
36185.31
36192.93
36200.54
36208.12
36215.84
36223.45
36231.16
36238.89
36246.61
36254.31
36261.94
36269.60
36277.23
36284.89
36292.66
36300.39
36308.17
36315.84
36323.51
36331.14
36338.84
36346.48
36354.25
36361.98
36369.78
36377.50
36385.19
36392.78
36400.51
36408.23
36416.03
36423.80
36431.56
36439.30
36446.99
36454.66
36462.37
36470.07
36477.93
36485.69
36493.51
36501.24
36508.98
36516.63
36524.37
36532.08
36539.89
36547.77
36555.55
36563.34
36571.04
36578.79
36586.54
36594.28
36602.15
36609.97
36617.82
36625.63
36633.31
36641.02
36648.84
36656.59
36664.50
36672.30
36680.20
36688.02
36695.73
36703.50
36711.28
36719.09
36726.99
36734.81
36742.68
36750.51
36758.30
36766.02
36773.91
36781.68
36789.62
36797.44
36805.35
36813.21
36821.02
36828.77
36836.66
36844.45
36852.38
36860.25
36868.17
36876.02
36883.84
36891.66
36899.52
36907.38
36915.27
36923.21
36931.15
36939.05
36946.81
36954.65
36962.56
36970.41
36978.30
36986.29
36994.24
37002.16
37009.98
37017.80
37025.71
37033.62
37041.60
37049.53
37057.50
37065.43
37073.29
37081.14
37089.01
37096.91
37104.96
37112.91
37120.86
37128.84
37136.75
37144.61
37152.57
37160.48
37168.48
37176.45
37184.49
37192.43
37200.34
37208.21
37216.14
37224.13
37232.14
37240.14
37248.20
37256.16
37264.05
37272.00
37279.93
37287.88
37295.96
37303.95
37312.06
37320.05
37328.00
37335.95
37343.89
37351.88
37359.95
37367.99
37376.09
37384.09
37392.04
37400.00
37407.98
37415.99
37424.12
37432.14
37440.29
37448.29
37456.27
37464.21
37472.27
37480.25
37488.38
37496.46
37504.57
37512.63
37520.63
37528.59
37536.63
37544.70
37552.78
37560.93
37569.05
37577.10
37585.16
37593.14
37601.21
37609.30
37617.35
37625.53
37633.64
37641.79
37649.82
37657.79
37665.89
37673.96
37682.13
37690.29
37698.43
37706.57
37714.57
37722.59
37730.71
37738.86
37747.09
37755.20
37763.34
37771.50
37779.53
37787.64
37795.72
37803.86
37812.10
37820.26
37828.45
37836.62
37844.73
37852.77
37860.96
37869.05
37877.32
37885.50
37893.69
37901.86
37910.02
37918.12
37926.25
37934.41
37942.70
37950.87
37959.15
37967.34
37975.50
37983.54
37991.75
37999.93
38008.21
38016.48
38024.74
38032.97
38041.10
38049.18
38057.41
38065.60
38073.91
38082.17
38090.49
38098.67
38106.86
38115.01
38123.27
38131.41
38139.75
38148.02
38156.39
38164.57
38172.79
38180.97
38189.21
38197.48
38205.79
38214.11
38222.43
38230.65
38238.85
38247.09
38255.37
38263.57
38271.95
38280.22
38288.61
38296.86
38305.13
38313.30
38321.64
38329.89
38338.27
38346.62
38354.96
38363.25
38371.51
38379.77
38388.04
38396.38
38404.79
38413.13
38421.51
38429.78
38438.09
38446.30
38454.65
38463.02
38471.43
38479.78
38488.20
38496.58
38504.78
38513.13
38521.43
38529.82
38538.23
38546.64
38555.06
38563.46
38571.76
38580.09
38588.41
38596.82
38605.25
38613.65
38622.05
38630.47
38638.83
38647.13
38655.52
38663.89
38672.37
38680.87
38689.29
38697.70
38706.06
38714.39
38722.76
38731.13
38739.66
38748.15
38756.69
38765.06
38773.46
38781.78
38790.27
38798.70
38807.17
38815.64
38824.21
38832.60
38840.98
38849.39
38857.84
38866.27
38874.79
38883.33
38891.84
38900.26
38908.66
38917.09
38925.55
38934.05
38942.60
38951.15
38959.68
38968.17
38976.56
38985.04
38993.56
39001.98
39010.57
39019.12
39027.71
39036.21
39044.68
39053.12
39061.64
39070.13
39078.73
39087.30
39095.89
39104.46
39112.88
39121.36
39129.90
39138.37
39147.03
39155.61
39164.23
39172.79
39181.33
39189.82
39198.31
39206.85
39215.56
39224.09
39232.75
39241.38
39249.91
39258.40
39266.97
39275.54
39284.16
39292.86
39301.51
39310.11
39318.64
39327.14
39335.77
39344.27
39353.03
39361.68
39370.40
39378.98
39387.57
39396.12
39404.72
39413.30
39422.02
39430.72
39439.39
39448.07
39456.65
39465.18
39473.84
39482.43
39491.07
39499.90
39508.64
39517.28
39525.89
39534.48
39543.12
39551.83
39560.55
39569.26
39577.98
39586.67
39595.33
39603.91
39612.62
39621.30
39630.07
39638.80
39647.56
39656.28
39664.93
39673.52
39682.25
39690.95
39699.76
39708.54
39717.30
39725.99
39734.71
39743.32
39752.09
39760.76
39769.60
39778.43
39787.23
39795.90
39804.64
39813.31
39822.11
39830.82
39839.63
39848.49
39857.34
39866.11
39874.86
39883.46
39892.32
39901.07
39909.91
39918.69
39927.63
39936.41
39945.08
39953.83
39962.66
39971.45
39980.32
39989.16
39998.05
40006.89
40015.61
40024.40
40033.19
40041.96
40050.90
40059.77
40068.70
40077.51
40086.25
40095.10
40103.86
40112.77
40121.68
40130.61
40139.49
40148.29
40157.18
40165.95
40174.82
40183.63
40192.63
40201.50
40210.45
40219.37
40228.22
40236.98
40245.84
40254.76
40263.73
40272.58
40281.66
40290.55
40299.41
40308.21
40317.11
40326.05
40335.05
40344.03
40353.02
40361.85
40370.82
40379.63
40388.59
40397.52
40406.54
40415.50
40424.50
40433.48
40442.38
40451.24
40460.23
40469.15
40478.16
40487.20
40496.29
40505.16
40514.15
40523.09
40532.09
40541.02
40550.14
40559.12
40568.19
40577.19
40586.07
40595.04
40604.04
40613.02
40622.11
40631.20
40640.27
40649.31
40658.28
40667.18
40676.22
40685.23
40694.39
40703.43
40712.61
40721.59
40730.57
40739.57
40748.64
40757.67
40766.79
40775.87
40785.02
40794.14
40803.11
40812.10
40821.13
40830.22
40839.39
40848.54
40857.68
40866.80
40875.80
40884.86
40893.95
40903.02
40912.21
40921.32
40930.54
40939.64
40948.75
40957.73
40966.84
40975.96
40985.14
40994.35
41003.59
41012.68
41021.70
41030.87
41039.96
41049.09
41058.38
41067.56
41076.77
41085.93
41095.10
41104.14
41113.32
41122.39
41131.76
41140.95
41150.21
41159.43
41168.53
41177.64
41186.84
41196.02
41205.25
41214.54
41223.83
41233.03
41242.17
41251.33
41260.50
41269.73
41279.02
41288.36
41297.64
41306.88
41316.07
41325.21
41334.44
41343.66
41352.99
41362.32
41371.61
41380.88
41390.10
41399.24
41408.47
41417.74
41427.14
41436.43
41445.81
41455.11
41464.34
41473.51
41482.77
41492.07
41501.48
41510.73
41520.20
41529.48
41538.77
41547.92
41557.27
41566.53
41576.01
41585.34
41594.77
41604.09
41613.38
41622.63
41631.97
41641.22
41650.72
41660.09
41669.55
41678.90
41688.19
41697.46
41706.83
41716.21
41725.65
41735.06
41744.54
41753.90
41763.23
41772.49
41781.89
41791.18
41800.79
41810.21
41819.66
41829.11
41838.46
41847.81
41857.20
41866.56
41876.07
41885.59
41895.07
41904.54
41913.89
41923.25
41932.66
41942.09
41951.57
41961.11
41970.64
41980.04
41989.54
41998.88
42008.34
42017.82
42027.34
42036.85
42046.44
42055.87
42065.36
42074.74
42084.17
42093.68
42103.26
42112.78
42122.36
42131.88
42141.35
42150.71
42160.27
42169.71
42179.39
42188.93
42198.56
42208.10
42217.56
42227.02
42236.54
42246.10
42255.71
42265.31
42274.95
42284.48
42294.02
42303.48
42313.05
42322.60
42332.26
42341.92
42351.56
42361.15
42370.62
42380.14
42389.69
42399.30
42409.01
42418.69
42428.27
42437.96
42447.50
42457.02
42466.62
42476.21
42485.97
42495.61
42505.36
42514.98
42524.57
42534.11
42543.76
42553.36
42563.09
42572.81
42582.54
42592.14
42601.73
42611.39
42621.07
42630.70
42640.47
42650.20
42659.95
42669.60
42679.23
42688.89
42698.60
42708.29
42718.06
42727.81
42737.59
42747.28
42756.98
42766.56
42776.27
42785.96
42795.78
42805.56
42815.45
42825.15
42834.84
42844.47
42854.25
42863.98
42873.77
42883.63
42893.43
42903.24
42912.90
42922.58
42932.40
42942.08
42952.02
42961.80
42971.72
42981.46
42991.25
43000.94
43010.71
43020.53
43030.40
43040.26
43050.16
43059.95
43069.80
43079.46
43089.30
43099.09
43109.08
43118.96
43128.86
43138.72
43148.51
43158.25
43168.06
43177.96
43187.92
43197.81
43207.79
43217.63
43227.47
43237.22
43247.13
43257.01
43266.93
43276.90
43286.87
43296.81
43306.62
43316.41
43326.32
43336.20
43346.20
43356.21
43366.23
43376.12
43385.96
43395.80
43405.76
43415.68
43425.66
43435.68
43445.73
43455.65
43465.58
43475.46
43485.41
43495.38
43505.39
43515.37
43525.52
43535.48
43545.36
43555.30
43565.26
43575.23
43585.35
43595.39
43605.48
43615.50
43625.36
43635.38
43645.38
43655.37
43665.50
43675.59
43685.68
43695.71
43705.70
43715.67
43725.68
43735.70
43745.84
43755.89
43766.14
43776.14
43786.14
43796.14
43806.19
43816.29
43826.43
43836.57
43846.77
43856.85
43866.86
43876.87
43887.00
43897.11
43907.27
43917.43
43927.67
43937.78
43947.77
43957.83
43967.95
43978.05
43988.29
43998.41
44008.72
44018.86
44028.91
44038.99
44049.19
44059.30
44069.53
44079.72
44090.04
44100.18
44110.29
44120.34
44130.55
44140.69
44151.05
44161.25
44171.56
44181.79
44191.88
44201.98
44212.21
44222.46
44232.74
44242.99
44253.36
44263.54
44273.70
44283.86
44294.13
44304.32
44314.72
44325.00
44335.29
44345.63
44355.82
44365.98
44376.25
44386.50
44396.84
44407.21
44417.53
44427.88
44438.06
44448.34
44458.55
44468.85
44479.29
44489.63
44500.05
44510.35
44520.60
44530.82
44541.14
44551.41
44561.91
44572.29
44582.73
44593.13
44603.34
44613.59
44623.99
44634.30
44644.78
44655.16
44665.61
44676.02
44686.32
44696.66
44707.01
44717.34
44727.87
44738.30
44748.80
44759.18
44769.51
44779.88
44790.32
44800.69
44811.22
44821.62
44832.23
44842.63
44853.04
44863.31
44873.80
44884.21
44894.75
44905.25
44915.83
44926.29
44936.68
44947.05
44957.56
44967.97
44978.60
44989.07
44999.70
45010.20
45020.63
45031.05
45041.54
45051.97
45062.60
45073.17
45083.85
45094.32
45104.78
45115.28
45125.80
45136.22
45146.90
45157.52
45168.15
45178.66
45189.18
45199.64
45210.20
45220.76
45231.45
45242.07
45252.77
45263.28
45273.80
45284.30
45294.96
45305.51
45316.15
45326.86
45337.57
45348.15
45358.77
45369.20
45379.84
45390.41
45401.18
45411.88
45422.64
45433.27
45443.86
45454.33
45465.02
45475.69
45486.49
45497.17
45507.94
45518.59
45529.22
45539.79
45550.47
45561.12
45571.95
45582.70
45593.48
45604.17
45614.87
45625.50
45636.17
45646.89
45657.70
45668.48
45679.32
45690.12
45700.73
45711.39
45722.14
45732.86
45743.74
45754.52
45765.35
45776.14
45786.91
45797.55
45808.34
45819.09
45829.98
45840.84
45851.69
45862.53
45873.28
45883.94
45894.77
45905.49
45916.47
45927.33
45938.25
45949.10
45959.82
45970.63
45981.43
45992.24
46003.17
46014.11
46025.04
46035.90
46046.75
46057.48
46068.41
46079.23
46090.24
46101.11
46112.14
46122.98
46133.81
46144.62
46155.59
46166.41
46177.50
46188.43
46199.44
46210.38
46221.21
46232.09
46242.92
46253.94
46264.98
46276.01
46287.07
46298.03
46308.93
46319.79
46330.79
46341.70
46352.76
46363.82
46374.89
46385.91
46396.77
46407.66
46418.66
46429.63
46440.73
46451.90
46462.97
46474.02
46484.98
46495.95
46506.97
46517.90
46529.09
46540.21
46551.34
46562.41
46573.40
46584.25
46595.39
46606.46
46617.63
46628.79
46639.93
46651.06
46662.07
46673.02
46684.16
46695.21
46706.47
46717.63
46728.83
46739.98
46751.01
46762.01
46773.16
46784.30
46795.56
46806.75
46817.98
46829.20
46840.25
46851.31
46862.44
46873.50
46884.84
46896.09
46907.41
46918.60
46929.74
46940.79
46951.99
46963.23
46974.49
46985.78
46997.11
47008.36
47019.50
47030.62
47041.82
47053.04
47064.41
47075.70
47087.02
47098.34
47109.50
47120.70
47131.92
47143.16
47154.59
47165.91
47177.30
47188.59
47199.71
47210.95
47222.30
47233.48
47244.96
47256.35
47267.73
47279.01
47290.22
47301.54
47312.88
47324.05
47335.63
47347.09
47358.45
47369.86
47381.15
47392.45
47403.79
47415.14
47426.61
47438.07
47449.56
47460.91
47472.24
47483.57
47494.96
47506.33
47517.84
47529.31
47540.87
47552.30
47563.69
47575.03
47586.43
47597.89
47609.44
47620.95
47632.49
47643.97
47655.31
47666.62
47678.16
47689.59
47701.20
47712.84
47724.39
47735.81
47747.28
47758.68
47770.14
47781.69
47793.30
47804.86
47816.53
47828.03
47839.51
47850.92
47862.43
47873.92
47885.62
47897.15
47908.91
47920.47
47931.95
47943.39
47955.02
47966.63
47978.22
47989.94
48001.56
48013.27
48024.78
48036.23
48047.87
48059.47
48071.25
48082.87
48094.61
48106.22
48117.82
48129.36
48141.02
48152.66
48164.40
48176.14
48187.95
48199.59
48211.22
48222.79
48234.45
48246.14
48257.91
48269.70
48281.50
48293.24
48304.81
48316.47
48328.20
48339.88
48351.71
48363.53
48375.33
48387.12
48398.81
48410.39
48422.19
48433.95
48445.73
48457.59
48469.48
48481.23
48493.03
48504.66
48516.39
48528.20
48540.15
48551.97
48563.90
48575.79
48587.41
48599.19
48611.02
48622.86
48634.78
48646.68
48658.66
48670.54
48682.28
48694.07
48705.90
48717.71
48729.77
48741.67
48753.66
48765.57
48777.36
48789.12
48801.09
48813.02
48824.95
48836.98
48848.98
48861.00
48872.82
48884.64
48896.63
48908.50
48920.59
48932.55
48944.62
48956.55
48968.43
48980.36
48992.29
49004.34
49016.45
49028.46
49040.57
49052.63
49064.47
49076.39
49088.43
49100.43
49112.61
49124.60
49136.78
49148.87
49160.79
49172.75
49184.82
49196.81
49208.99
49221.11
49233.28
49245.37
49257.43
49269.40
49281.45
49293.52
49305.71
49317.93
49330.09
49342.30
49354.32
49366.35
49378.46
49390.53
49402.77
49415.03
49427.27
49439.41
49451.46
49463.65
49475.79
49487.97
49500.14
49512.46
49524.79
49536.96
49549.11
49561.19
49573.34
49585.55
49597.91
49610.16
49622.54
49634.68
49646.89
49659.09
49671.30
49683.55
49695.94
49708.22
49720.61
49732.92
49745.05
49757.27
49769.50
49781.78
49794.20
49806.59
49818.99
49831.35
49843.53
49855.72
49868.02
49880.34
49892.84
49905.26
49917.70
49930.02
49942.31
49954.57
49966.93
49979.28
49991.73
50004.11
50016.72
50029.01
50041.34
50053.66
50066.13
50078.49
50091.01
50103.45
50116.07
50128.50
50140.89
50153.26
50165.64
50178.02
50190.61
50203.18
50215.72
50228.27
50240.62
50252.98
50265.48
50277.93
50290.50
50303.11
50315.69
50328.23
50340.70
50353.13
50365.63
50378.07
50390.80
50403.39
50416.07
50428.61
50441.01
50453.49
50465.99
50478.62
50491.27
50503.96
50516.63
50529.27
50541.72
50554.23
50566.89
50579.48
50592.18
50604.90
50617.64
50630.21
50642.74
50655.36
50668.02
50680.63
50693.36
50706.20
50718.91
50731.65
50744.23
50756.80
50769.50
50782.18
50794.96
50807.69
50820.56
50833.32
50845.89
50858.54
50871.24
50884.03
50896.92
50909.68
50922.56
50935.29
50947.96
50960.70
50973.45
50986.20
50999.11
51011.92
51024.88
51037.70
51050.40
51063.07
51075.83
51088.69
51101.59
51114.52
51127.47
51140.32
51153.11
51165.84
51178.67
51191.54
51204.48
51217.44
51230.52
51243.38
51256.14
51268.97
51281.86
51294.62
51307.74
51320.73
51333.84
51346.71
51359.61
51372.40
51385.38
51398.27
51411.38
51424.33
51437.43
51450.49
51463.37
51476.26
51489.22
51502.19
51515.26
51528.41
51541.55
51554.57
51567.48
51580.38
51593.46
51606.45
51619.61
51632.72
51645.93
51658.98
51671.90
51684.91
51697.99
51710.94
51724.21
51737.33
51750.62
51763.64
51776.71
51789.74
51802.82
51815.89
51829.22
51842.36
51855.57
51868.76
51881.87
51894.95
51908.05
51921.21
51934.48
51947.77
51961.11
51974.30
51987.35
52000.49
52013.72
52026.87
52040.28
52053.49
52066.84
52080.16
52093.34
52106.42
52119.65
52132.91
52146.32
52159.64
52173.01
52186.34
52199.50
52212.72
52225.98
52239.32
52252.71
52266.05
52279.54
52292.95
52306.10
52319.37
52332.74
52345.93
52359.57
52372.95
52386.31
52399.82
52413.11
52426.40
52439.79
52453.18
52466.64
52480.10
52493.65
52507.08
52520.38
52533.74
52547.20
52560.55
52574.13
52587.71
52601.23
52614.77
52628.16
52641.49
52654.96
52668.45
52682.04
52695.62
52709.30
52722.82
52736.23
52749.64
52763.21
52776.66
52790.29
52803.95
52817.67
52831.19
52844.66
52858.16
52871.68
52885.16
52899.01
52912.66
52926.33
52940.03
52953.52
52967.05
52980.67
52994.18
53007.98
53021.74
53035.44
53049.09
53062.71
53076.25
53089.93
53103.54
53117.34
53131.13
53144.99
53158.66
53172.29
53185.80
53199.60
53213.32
53227.13
53240.99
53254.79
53268.51
53282.29
53295.95
53309.71
53323.46
53337.38
53351.24
53365.16
53378.91
53392.68
53406.40
53420.21
53433.94
53447.93
53461.84
53475.77
53489.68
53503.37
53517.16
53530.95
53544.86
53558.82
53572.88
53586.82
53600.71
53614.54
53628.23
53642.25
53656.19
53670.17
53684.20
53698.21
53712.20
53726.09
53739.97
53753.91
53767.82
53781.89
53795.98
53810.07
53824.08
53837.99
53851.82
53865.91
53879.88
53894.09
53908.18
53922.35
53936.43
53950.34
53964.27
53978.38
53992.38
54006.60
54020.80
54034.94
54049.05
54063.14
54077.08
54091.16
54105.26
54119.56
54133.75
54148.03
54162.20
54176.27
54190.31
54204.46
54218.58
54232.89
54247.15
54261.48
54275.64
54289.70
54303.80
54318.07
54332.20
54346.66
54360.93
54375.32
54389.50
54403.69
54417.82
54432.06
54446.32
54460.83
54475.20
54489.57
54503.93
54518.05
54532.24
54546.60
54560.95
54575.34
54589.83
54604.28
54618.64
54632.92
54647.18
54661.52
54675.89
54690.39
54704.83
54719.37
54733.72
54748.14
54762.32
54776.86
54791.18
54805.78
54820.31
54834.92
54849.31
54863.72
54878.04
54892.50
54907.06
54921.60
54936.22
54950.80
54965.35
54979.78
54994.05
55008.71
55023.06
55037.85
55052.43
55067.17
55081.72
55096.18
55110.64
55125.21
55139.77
55154.59
55169.11
55183.96
55198.62
55213.17
55227.60
55242.26
55256.88
55271.67
55286.41
55301.22
55315.89
55330.41
55345.03
55359.73
55374.40
55389.20
55403.98
55418.89
55433.59
55448.23
55462.85
55477.55
55492.23
55507.20
55522.06
55537.02
55551.78
55566.49
55581.13
55595.97
55610.63
55625.65
55640.51
55655.44
55670.33
55685.08
55699.71
55714.70
55729.49
55744.45
55759.49
55774.47
55789.31
55804.16
55818.98
55833.86
55848.80
55863.84
55878.86
55893.92
55908.84
55923.70
55938.59
55953.46
55968.47
55983.56
55998.69
56013.77
56028.74
56043.75
56058.63
56073.59
56088.63
56103.62
56118.98
56134.12
56149.16
56164.18
56179.06
56194.16
56209.19
56224.44
56239.61
56254.78
56269.98
56284.97
56300.06
56315.16
56330.25
56345.52
56360.84
56376.15
56391.31
56406.41
56421.48
56436.64
56451.82
56467.18
56482.47
56497.79
56513.04
56528.20
56543.35
56558.61
56573.82
56589.18
56604.54
56619.93
56635.30
56650.41
56665.66
56680.92
56696.23
56711.71
56727.17
56742.60
56757.96
56773.24
56788.41
56803.81
56819.11
56834.70
56850.20
56865.66
56881.11
56896.36
56911.71
56927.13
56942.54
56958.13
56973.63
56989.33
57004.77
57020.11
57035.41
57050.95
57066.44
57081.96
57097.55
57113.33
57128.84
57144.26
57159.63
57175.27
57190.75
57206.34
57222.08
57237.90
57253.45
57269.01
57284.46
57299.96
57315.56
57331.38
57347.09
57362.89
57378.56
57394.11
57409.63
57425.26
57440.87
57456.72
57472.48
57488.33
57504.07
57519.68
57535.23
57551.00
57566.71
57582.52
57598.38
57614.34
57630.11
57645.82
57661.39
57677.20
57693.02
57708.92
57724.86
57740.87
57756.69
57772.38
57788.15
57803.90
57819.84
57835.80
57851.83
57867.83
57883.79
57899.56
57915.29
57931.21
57947.15
57963.26
57979.21
57995.32
58011.28
58027.16
58043.02
58058.94
58074.82
58091.05
58107.08
58123.30
58139.30
58155.28
58171.15
58187.13
58203.23
58219.36
58235.56
58251.72
58267.85
58283.83
58299.79
58315.85
58331.94
58348.27
58364.56
58380.73
58396.89
58412.98
58429.03
58445.23
58461.27
58477.70
58493.92
58510.25
58526.54
58542.69
58558.80
58574.97
58591.21
58607.50
58624.00
58640.34
58656.68
58672.80
58688.94
58705.31
58721.51
58737.94
58754.43
58770.89
58787.21
58803.54
58819.68
58836.07
58852.46
58868.93
58885.37
58901.99
58918.40
58934.63
58950.99
58967.33
58983.74
59000.41
59016.92
59033.43
59050.09
59066.49
59082.79
59099.36
59115.77
59132.54
59149.15
59165.81
59182.34
59198.73
59215.18
59231.70
59248.28
59265.06
59281.74
59298.47
59315.12
59331.62
59348.02
59364.72
59381.30
59398.11
59414.88
59431.71
59448.39
59464.82
59481.46
59498.19
59514.80
59531.76
59548.57
59565.43
59582.14
59598.82
59615.46
59632.18
59648.96
59665.95
59682.66
59699.82
59716.57
59733.26
59749.93
59766.78
59783.63
59800.69
59817.68
59834.62
59851.55
59868.34
59885.03
59901.96
59918.81
59935.97
59952.99
59970.05
59986.99
60003.86
60020.70
60037.67
60054.64
60071.82
60088.92
60106.05
60123.12
60139.98
60156.94
60173.96
60191.04
60208.22
60225.36
60242.61
60259.74
60276.73
60293.75
60310.69
60327.84
60345.27
60362.53
60379.79
60397.00
60414.08
60431.10
60448.25
60465.45
60482.86
60500.14
60517.50
60534.79
60551.96
60569.06
60586.21
60603.44
60620.91
60638.41
60655.77
60673.11
60690.33
60707.45
60724.80
60742.10
60759.74
60777.16
60794.66
60811.98
60829.35
60846.52
60864.04
60881.39
60898.98
60916.50
60934.12
60951.57
60968.98
60986.32
61003.82
61021.23
61038.96
61056.63
61074.24
61091.83
61109.20
61126.62
61144.17
61161.73
61179.57
61197.20
61214.95
61232.59
61250.02
61267.57
61285.19
61302.74
61320.59
61338.33
61356.16
61373.92
61391.45
61409.02
61426.77
61444.30
61462.27
61480.20
61498.10
61515.82
61533.44
61551.16
61568.93
61586.71
61604.70
61622.63
61640.62
61658.46
61676.19
61693.90
61711.84
61729.67
61747.62
61765.64
61783.78
61801.66
61819.50
61837.28
61855.22
61873.18
61891.32
61909.37
61927.61
61945.44
61963.38
61981.24
61999.26
62017.31
62035.48
62053.71
62072.00
62089.99
62107.92
62125.95
62143.98
62162.11
62180.43
62198.66
62216.94
62235.09
62253.20
62271.21
62289.47
62307.60
62325.87
62344.29
62362.66
62380.94
62399.13
62417.18
62435.36
62453.63
62472.17
62490.52
62508.95
62527.28
62545.62
62563.75
62582.04
62600.46
62618.90
62637.41
62656.00
62674.28
62692.75
62710.95
62729.40
62747.69
62766.40
62785.08
62803.73
62822.21
62840.57
62858.85
62877.44
62895.95
62914.71
62933.29
62952.09
62970.68
62989.03
63007.53
63026.09
63044.73
63063.47
63082.26
63100.96
63119.67
63138.38
63156.68
63175.52
63194.19
63213.09
63231.80
63250.77
63269.43
63288.15
63306.67
63325.45
63344.27
63363.18
63382.12
63401.11
63419.89
63438.66
63457.37
63476.26
63495.12
63514.17
63533.17
63552.30
63571.25
63589.93
63608.77
63627.74
63646.64
63665.86
63684.97
63704.13
63723.02
63742.05
63760.91
63779.90
63798.88
63818.18
63837.25
63856.57
63875.72
63894.71
63913.64
63932.72
63951.87
63971.27
63990.49
64009.79
64029.00
64048.09
64067.14
64086.40
64105.61
64125.04
64144.33
64163.85
64183.05
64202.25
64221.38
64240.68
64259.99
64279.48
64298.92
64318.56
64337.83
64357.21
64376.37
64395.74
64415.18
64434.77
64454.32
64473.78
64493.37
64512.53
64532.03
64551.47
64570.95
64590.71
64610.23
64630.03
64649.62
64669.08
64688.59
64708.10
64727.66
64747.55
64767.25
64787.04
64806.72
64826.16
64845.71
64865.43
64885.08
64905.02
64924.77
64944.81
64964.53
64984.11
65003.68
65023.39
65043.27
65063.25
65083.30
65103.17
65123.02
65142.73
65162.48
65182.32
65202.18
65222.22
65242.36
65262.48
65282.27
65302.17
65321.92
65341.95
65361.86
65382.13
65402.17
65422.34
65442.34
65462.39
65482.21
65502.36
65522.35
65542.70
65562.86
65583.14
65603.39
65623.45
65643.38
65663.60
65683.66
65704.09
65724.38
65744.80
65765.09
65785.20
65805.25
65825.54
65845.77
65866.27
65886.63
65907.17
65927.48
65947.71
65967.89
65988.30
66008.55
66029.16
66049.77
66070.38
66090.75
66111.27
66131.45
66152.03
66172.43
66193.16
66213.66
66234.35
66254.95
66275.30
66295.71
66316.38
66336.86
66357.73
66378.42
66399.13
66419.84
66440.36
66460.81
66481.62
66502.20
66523.12
66543.95
66564.88
66585.70
66606.27
66626.73
66647.66
66668.35
66689.46
66710.38
66731.36
66752.26
66773.08
66793.76
66814.59
66835.51
66856.61
66877.70
66898.75
66919.70
66940.62
66961.43
66982.45
67003.42
67024.61
67045.86
67067.05
67088.09
67108.99
67129.88
67151.06
67172.05
67193.44
67214.68
67236.02
67257.28
67278.30
67299.36
67320.46
67341.74
67363.11
67384.55
67406.05
67427.47
67448.52
67469.74
67491.01
67512.34
67533.87
67555.36
67576.92
67598.35
67619.66
67640.87
67662.27
67683.69
67705.47
67726.95
67748.57
67770.13
67791.61
67812.88
67834.37
67855.94
67877.63
67899.41
67921.18
67942.83
67964.38
67985.87
68007.51
68029.28
68051.08
68072.76
68094.91
68116.57
68138.17
68159.78
68181.60
68203.37
68225.37
68247.31
68269.28
68291.20
68313.02
68334.71
68356.48
68378.37
68400.52
68422.53
68444.69
68466.72
68488.57
68510.31
68532.29
68554.30
68576.53
68598.79
68621.05
68643.23
68665.23
68687.11
68709.21
68731.29
68753.70
68775.98
68798.34
68820.69
68842.67
68864.81
68887.05
68909.13
68931.77
68954.09
68976.66
68998.99
69021.25
69043.38
69065.77
69088.08
69110.67
69133.23
69155.86
69178.37
69200.66
69222.96
69245.48
69267.94
69290.72
69313.43
69336.20
69358.73
69381.20
69403.66
69426.21
69448.89
69471.72
69494.48
69517.38
69540.12
69562.73
69585.18
69608.00
69630.69
69653.71
69676.63
69699.63
69722.52
69745.13
69767.78
69790.75
69813.47
69836.61
69859.74
69882.83
69905.92
69928.60
69951.53
69974.52
69997.52
70020.73
70043.98
70067.23
70090.31
70113.23
70136.26
70159.24
70182.25
70205.78
70229.09
70252.46
70275.43
70298.66
70321.83
70345.02
70368.30
70391.76
70415.16
70438.80
70462.13
70485.38
70508.48
70531.75
70555.23
70578.95
70602.46
70626.23
70649.67
70672.91
70696.40
70719.86
70743.34
70767.16
70790.85
70814.63
70838.32
70861.71
70885.15
70908.73
70932.40
70956.41
70980.15
71004.13
71027.90
71051.52
71075.01
71098.83
71122.67
71146.77
71170.66
71194.78
71218.72
71242.44
71266.14
71290.17
71314.02
71338.24
71362.30
71386.48
71410.60
71434.41
71458.34
71482.26
71506.45
71530.72
71555.02
71579.38
71603.39
71627.54
71651.42
71675.73
71699.98
71724.41
71748.85
71773.39
71797.59
71821.88
71845.90
71870.38
71894.61
71919.33
71943.81
71968.48
71992.99
72017.34
72041.47
72066.04
72090.49
72115.34
72140.02
72164.72
72189.34
72213.83
72238.25
72262.84
72287.49
72312.34
72337.23
72362.09
72386.85
72411.43
72436.12
72461.00
72485.73
72510.74
72535.81
72560.93
72585.70
72610.55
72635.26
72660.20
72685.09
72710.27
72735.52
72760.78
72785.82
72810.70
72835.52
72860.72
72885.74
72911.09
72936.41
72961.79
72987.05
73012.09
73037.09
73062.42
73087.41
73113.07
73138.59
73164.04
73189.48
73214.74
73239.76
73265.29
73290.71
73316.39
73342.00
73367.59
73393.24
73418.49
73443.93
73469.45
73494.90
73520.94
73546.55
73572.49
73598.16
73623.63
73649.18
73674.85
73700.62
73726.63
73752.63
73778.58
73804.55
73830.15
73855.88
73881.71
73907.66
73933.65
73959.91
73986.14
74012.10
74038.01
74063.80
74089.78
74115.80
74142.16
74168.45
74194.72
74221.02
74246.99
74273.01
74299.28
74325.38
74351.81
74378.30
74404.88
74431.37
74457.45
74483.67
74509.95
74536.40
74563.04
74589.64
74616.41
74642.93
74669.02
74695.60
74722.12
74748.60
74775.41
74802.02
74829.03
74855.83
74882.34
74908.77
74935.49
74962.09
74989.28
75016.12
75043.27
75070.17
75096.85
75123.57
75150.52
75177.41
75204.57
75231.78
75259.03
75285.95
75312.91
75339.73
75366.80
75393.69
75421.03
75448.56
75475.85
75503.23
75530.14
75557.27
75584.46
75611.85
75639.39
75666.91
75694.47
75721.95
75749.13
75776.32
75803.91
75831.13
75858.95
75886.66
75914.38
75942.01
75969.40
75996.88
76024.33
76052.13
76079.77
76107.80
76135.72
76163.56
76191.30
76218.78
76246.70
76274.37
76302.40
76330.60
76358.88
76386.55
76414.64
76442.34
76470.38
76498.41
76526.65
76554.82
76583.28
76611.47
76639.37
76667.41
76695.59
76723.77
76752.32
76780.84
76809.34
76837.69
76865.76
76894.08
76922.54
76950.98
76979.68
77008.35
77036.99
77065.46
77094.01
77122.34
77150.98
77179.59
77208.52
77237.29
77266.23
77295.19
77323.48
77352.12
77381.02
77409.83
77438.91
77467.88
77497.21
77526.04
77554.91
77583.63
77612.64
77641.71
77671.04
77700.35
77729.77
77758.87
77788.02
77816.87
77846.19
77875.22
77904.85
77934.39
77963.93
77993.31
78022.59
78051.56
78081.19
78110.53
78140.33
78170.09
78199.96
78229.47
78258.95
78288.26
78318.09
78347.70
78377.68
78407.63
78437.69
78467.37
78497.02
78526.70
78556.70
78586.45
78616.63
78646.77
78676.89
78707.02
78736.87
78766.57
78796.78
78826.91
78857.44
78887.77
78918.29
78948.49
78978.59
79008.41
79039.14
79069.29
79100.02
79130.60
79161.34
79191.62
79222.16
79252.34
79282.92
79313.45
79344.32
79375.12
79406.23
79437.00
79467.56
79497.93
79528.81
79559.55
79590.84
79621.89
79652.95
79683.88
79714.72
79745.63
79776.59
79807.63
79838.89
79870.27
79901.70
79933.07
79963.95
79994.95
80026.25
80057.55
80089.16
80120.71
80152.43
80183.92
80215.21
80246.37
80277.74
80309.36
80341.30
80373.14
80405.09
80436.81
80468.30
80499.74
80531.45
80563.34
80595.55
80627.38
80659.68
80691.64
80723.42
80755.18
80787.19
80819.27
80851.77
80884.08
80916.15
80948.84
80980.73
81012.70
81045.07
81077.27
81110.05
81142.51
81175.07
81207.71
81240.01
81272.34
81304.87
81337.48
81370.48
81403.30
81436.25
81469.14
81501.62
81534.09
81566.99
81599.73
81633.07
81666.11
81699.20
81732.46
81765.32
81798.11
81831.04
81864.20
81897.77
81931.13
81964.73
81997.92
82031.01
82064.20
82097.68
82130.86
82164.75
82198.23
82232.26
82266.01
82299.11
82332.73
82366.29
82400.00
82434.05
82468.00
82502.18
82535.98
82569.72
82603.22
82637.32
82671.16
82705.59
82740.00
82774.42
82808.25
82842.40
82876.54
82910.77
82945.06
82979.63
83014.30
83049.16
83083.48
83117.77
83151.94
83186.60
83221.23
83256.18
83290.83
83326.03
83360.93
83395.34
83429.91
83464.91
83499.98
83535.09
83570.23
83605.65
83640.57
83675.67
83710.53
83745.59
83780.85
83816.43
83852.06
83887.80
83923.01
83958.30
83993.61
84029.20
84064.63
84100.49
84136.18
84172.45
84208.21
84243.52
84279.15
84314.95
84350.70
84387.05
84423.21
84459.63
84495.73
84531.63
84567.19
84603.55
84639.73
84676.42
84713.04
84749.76
84786.17
84822.45
84858.46
84895.12
84931.66
84968.68
85005.27
85042.52
85079.27
85115.89
85152.38
85189.04
85226.16
85263.44
85300.34
85338.12
85375.32
85412.24
85449.05
85486.41
85523.60
85561.20
85598.74
85636.56
85674.09
85711.30
85748.61
85785.99
85823.80
85861.95
85899.89
85938.02
85975.97
86013.60
86051.26
86088.91
86127.33
86165.70
86204.08
86242.59
86280.73
86318.75
86356.85
86395.12
86433.55
86472.48
86511.15
86550.07
86588.45
86627.22
86665.51
86704.46
86743.28
86782.45
86821.60
86860.92
86899.85
86938.63
86977.60
87016.69
87055.94
87095.36
87135.15
87174.96
87214.27
87253.52
87292.95
87332.48
87372.10
87412.06
87452.14
87492.21
87532.22
87571.79
87611.48
87651.20
87691.29
87732.02
87772.21
87812.89
87853.16
87893.35
87933.45
87973.80
88014.37
88055.18
88096.02
88137.21
88177.81
88218.46
88258.91
88299.77
88340.65
88382.14
88423.40
88464.94
88506.29
88547.10
88588.11
88629.51
88670.88
88712.77
88754.57
88796.38
88837.98
88879.59
88920.91
88962.74
89004.41
89047.03
89089.17
89131.63
89173.70
89215.83
89257.80
89300.02
89342.29
89385.17
89427.88
89471.04
89513.26
89555.89
89598.30
89641.14
89683.90
89727.18
89770.44
89814.02
89857.19
89900.27
89943.05
89986.45
90029.77
90073.30
90117.34
90161.27
90204.98
90248.25
90291.97
90335.65
90379.30
90424.07
90468.17
90512.82
90557.02
90601.17
90645.02
90689.45
90733.84
90778.55
90823.49
90868.45
90913.27
90957.98
91002.34
91047.27
91092.44
91137.98
91183.41
91228.89
91274.28
91319.41
91364.43
91409.91
91455.35
91501.75
91547.37
91594.05
91639.64
91685.55
91731.18
91777.47
91823.34
91870.24
91916.82
91963.73
92010.05
92056.41
92102.73
92149.37
92196.28
92243.44
92290.83
92338.38
92385.44
92432.15
92479.20
92526.66
92573.80
92622.02
92669.62
92717.92
92765.59
92813.12
92860.77
92908.75
92956.73
93005.31
93053.38
93102.82
93151.31
93199.66
93247.85
93296.59
93345.02
93394.29
93443.59
93493.05
93542.34
93591.23
93640.10
93689.71
93738.96
93789.03
93839.02
93889.14
93938.96
93988.70
94038.32
94088.22
94138.58
94189.22
94239.85
94290.93
94341.42
94391.80
94442.30
94492.95
94543.73
94595.42
94647.06
94698.77
94749.95
94800.80
94852.13
94903.91
94955.60
95007.38
95060.20
95112.72
95164.74
95216.66
95268.35
95320.95
95373.48
95426.63
95479.66
95532.91
95586.23
95638.82
95691.47
95744.95
95798.30
95852.19
95906.09
95960.20
96014.05
96067.62
96121.27
96175.38
96229.68
96284.18
96339.10
96394.41
96449.01
96503.60
96558.19
96612.48
96668.25
96723.97
96779.66
96836.04
96891.60
96946.56
97002.64
97058.59
97114.41
97171.15
97227.75
97285.09
97341.46
97397.87
97454.38
97511.61
97568.37
97626.20
97683.82
97742.03
97799.46
97856.63
97914.09
97972.18
98030.53
98089.11
98148.17
98207.21
98265.94
98324.35
98382.92
98441.94
98501.04
98560.90
98620.64
98681.05
98741.07
98800.54
98859.87
98920.39
98980.48
99041.78
99102.61
99163.93
99225.23
99285.44
99346.29
99407.94
99469.18
99531.69
99593.75
99656.70
99718.65
99780.63
99842.62
99905.39
99967.81
100031.58
100095.05
100159.04
100222.44
100285.63
100348.98
100412.78
100476.82
100541.82
100606.59
100671.76
100736.98
100801.42
100865.99
100931.60
100996.70
101062.86
101129.09
101195.81
101261.90
101328.30
101394.38
101461.05
101528.06
101595.87
101663.36
101731.41
101799.53
101866.91
101934.53
102002.90
102071.16
102140.79
102210.11
102279.63
102348.98
102418.00
102487.22
102557.17
102627.44
102698.38
102769.24
102840.93
102911.85
102982.73
103053.30
103125.14
103197.17
103269.82
103342.74
103416.13
103489.01
103561.03
103634.23
103707.55
103781.20
103855.69
103930.70
104006.11
104080.80
104155.30
104229.79
104305.27
104380.83
104457.84
104534.63
104611.49
104688.73
104765.20
104841.62
104919.20
104996.88
105076.16
105154.75
105234.41
105313.55
105392.48
105471.19
105550.74
105631.04
105712.31
105793.60
105875.26
105956.80
106038.10
106119.40
106201.28
106283.81
106367.79
106451.47
106535.68
106619.93
106703.90
106787.79
106872.45
106957.41
107044.13
107130.85
107218.24
107304.88
107391.07
107477.94
107566.11
107653.75
107743.77
107832.75
107923.35
108013.34
108102.43
108192.59
108283.09
108374.77
108467.55
108560.41
108654.13
108747.17
108840.09
108933.13
109027.89
109122.77
109219.20
109315.10
109412.38
109509.38
109606.01
109702.77
109801.66
109900.11
109999.61
110100.41
110201.76
110303.05
110404.15
110504.87
110607.43
110710.21
110814.90
110920.19
111025.86
111131.48
111236.91
111342.70
111449.45
111557.52
111667.77
111777.07
111887.77
111998.95
112109.75
112220.78
112334.09
112447.24
112562.36
112677.98
112795.26
112912.04
113029.03
113146.09
113264.91
113384.09
113506.12
113629.02
113753.06
113876.07
114000.22
114124.27
114250.73
114378.16
114507.12
114637.73
114768.97
114901.41
115032.99
115165.95
115300.58
115436.68
115575.89
115714.49
115856.33
115998.22
116140.36
116283.12
116428.73
116575.02
116725.82
116876.12
117030.14
117182.75
117338.89
117494.37
117653.27
117813.54
117978.58
118144.34
118311.97
118482.13
118653.34
118825.25
119002.38
119180.66
119364.45
119549.15
119739.01
119929.83
120122.91
120318.08
120519.95
120724.68
120933.75
121149.18
121368.27
121590.51
121818.20
122049.27
122288.31
122534.45
122788.55
123049.66
123322.32
123601.27
123889.23
124186.96
124502.43
124828.41
125178.13
125544.85
125940.87
126366.27
126829.80
127349.86
127958.51
128714.55
129896.12
131292.53
