218295.52
218603.69
218803.23
218960.19
219105.70
219241.31
219368.81
219485.45
219591.88
219693.56
219790.73
219880.89
219969.17
220054.08
220133.08
220210.77
220287.36
220362.72
220435.06
220506.78
220578.09
220646.86
220713.73
220778.31
220840.64
220902.28
220961.30
221018.91
221074.83
221129.09
221183.80
221236.36
221288.48
221340.13
221390.02
221439.17
221488.44
221536.16
221584.31
221631.78
221678.72
221725.92
221772.22
221818.09
221864.20
221909.88
221955.25
222000.20
222045.36
222089.86
222134.34
222178.34
222222.44
222266.50
222310.78
222354.81
222398.73
222442.72
222485.59
222528.22
222570.19
222611.81
222652.83
222693.44
222733.86
222774.16
222814.45
222854.44
222894.59
222934.50
222974.27
223013.53
223052.67
223091.42
223129.72
223167.56
223205.28
223241.92
223278.92
223315.16
223350.95
223386.00
223420.61
223454.25
223487.61
223520.13
223552.55
223584.22
223615.98
223646.97
223677.81
223708.02
223737.73
223767.34
223796.63
223825.50
223854.31
223882.89
223911.13
223939.11
223967.03
223994.73
224022.34
224049.63
224076.70
224103.73
224130.50
224156.84
224183.16
224209.23
224235.31
224260.94
224286.50
224311.83
224336.91
224361.70
224386.52
224411.23
224435.94
224460.52
224485.41
224510.08
224534.88
224559.38
224584.38
224608.83
224633.80
224658.56
224683.28
224708.08
224732.75
224757.53
224782.17
224806.89
224831.86
224856.72
224881.56
224906.53
224931.27
224956.13
224981.02
225006.02
225030.89
225055.86
225080.83
225105.94
225130.89
225155.81
225180.84
225205.78
225230.91
225255.84
225280.67
225305.36
225330.06
225354.25
225378.84
225403.22
225427.50
225451.78
225475.97
225499.95
225523.92
225547.58
225571.36
225595.05
225618.70
225642.02
225665.83
225689.30
225712.53
225735.73
225758.88
225781.83
225804.78
225827.48
225850.34
225873.05
225895.53
225917.78
225940.17
225962.42
225984.53
226006.55
226028.52
226050.30
226072.00
226093.52
226115.09
226136.42
226157.83
226179.08
226200.36
226221.56
226242.58
226263.52
226284.55
226305.33
226326.13
226346.78
226367.42
226387.98
226408.52
226428.92
226449.30
226469.72
226490.03
226510.17
226530.63
226550.83
226570.94
226591.06
226611.16
226631.08
226651.02
226670.84
226690.56
226710.36
226729.91
226749.48
226768.91
226788.48
226807.98
226827.50
226846.89
226866.48
226885.86
226905.14
226924.63
226943.88
226963.31
226982.59
227001.91
227021.14
227040.39
227059.31
227078.47
227097.47
227116.52
227135.45
227154.38
227173.22
227192.05
227210.78
227229.47
227248.16
227266.89
227285.44
227304.05
227322.58
227341.05
227359.41
227377.80
227395.88
227414.41
227432.58
227450.80
227468.95
227487.09
227505.13
227523.19
227541.20
227559.23
227577.14
227595.14
227613.08
227630.91
227648.55
227666.34
227684.02
227701.61
227719.23
227736.89
227754.52
227772.14
227789.47
227806.95
227824.45
227841.83
227859.13
227876.45
227893.81
227910.97
227928.14
227945.23
227962.28
227979.47
227996.48
228013.52
228030.66
228047.66
228064.61
228081.53
228098.44
228115.45
228132.38
228149.28
228166.13
228183.05
228199.75
228216.67
228233.38
228250.17
228266.86
228283.63
228300.42
228316.98
228333.58
228350.27
228366.80
228383.52
228400.09
228416.61
228433.25
228449.72
228466.17
228482.52
228498.98
228515.33
228531.58
228547.84
228564.16
228580.25
228596.31
228612.56
228628.64
228644.81
228660.86
228676.94
228692.94
228708.97
228724.86
228740.88
228756.78
228772.63
228788.45
228804.38
228820.22
228836.03
228851.64
228867.44
228883.20
228898.94
228914.55
228930.42
228946.08
228961.70
228977.23
228992.88
229008.42
229023.95
229039.39
229054.86
229070.41
229085.75
229101.08
229116.53
229131.78
229147.11
229162.45
229177.72
229193.06
229208.34
229223.50
229238.72
229253.84
229269.20
229284.34
229299.48
229314.73
229329.81
229344.80
229359.91
229374.94
229389.98
229404.89
229420.03
229435.05
229449.95
229464.83
229479.75
229494.67
229509.44
229524.31
229539.13
229553.89
229568.67
229583.33
229598.08
229612.75
229627.47
229641.95
229656.75
229671.41
229685.95
229700.53
229715.16
229729.64
229744.25
229758.75
229773.30
229787.83
229802.34
229816.67
229831.17
229845.55
229860.06
229874.44
229888.89
229903.36
229917.56
229932.02
229946.42
229960.73
229975.03
229989.38
230003.75
230018.08
230032.31
230046.52
230060.81
230075.03
230089.31
230103.53
230117.75
230132.02
230146.17
230160.19
230174.41
230188.48
230202.56
230216.67
230230.77
230244.77
230258.69
230272.67
230286.69
230300.61
230314.58
230328.45
230342.44
230356.28
230370.25
230384.03
230397.95
230411.73
230425.52
230439.34
230453.14
230466.94
230480.70
230494.30
230508.08
230521.73
230535.38
230548.98
230562.63
230576.23
230589.86
230603.31
230616.89
230630.47
230643.95
230657.44
230670.97
230684.50
230697.89
230711.38
230724.80
230738.14
230751.47
230764.88
230778.19
230791.56
230804.86
230818.06
230831.31
230844.53
230857.81
230870.97
230884.19
230897.39
230910.56
230923.73
230936.88
230949.98
230963.14
230976.28
230989.47
231002.66
231015.75
231028.75
231041.86
231054.88
231067.95
231080.88
231094.03
231107.05
231119.98
231132.89
231145.86
231158.72
231171.73
231184.59
231197.56
231210.41
231223.39
231236.19
231249.06
231261.84
231274.72
231287.63
231300.55
231313.39
231326.23
231339.03
231351.86
231364.58
231377.44
231390.16
231402.94
231415.70
231428.36
231441.05
231453.77
231466.38
231479.02
231491.58
231504.23
231516.86
231529.39
231541.92
231554.44
231566.97
231579.48
231592.00
231604.53
231617.05
231629.50
231641.95
231654.45
231666.94
231679.44
231691.86
231704.38
231716.80
231729.30
231741.69
231754.16
231766.55
231778.98
231791.39
231803.81
231816.30
231828.66
231841.05
231853.42
231865.73
231878.13
231890.50
231902.86
231915.22
231927.55
231939.81
231952.22
231964.55
231976.89
231989.23
232001.52
232013.97
232026.27
232038.55
232050.84
232063.17
232075.48
232087.75
232100.03
232112.30
232124.56
232136.73
232149.05
232161.16
232173.50
232185.70
232197.91
232210.13
232222.28
232234.45
232246.64
232258.80
232270.97
232283.08
232295.31
232307.45
232319.52
232331.58
232343.66
232355.63
232367.75
232379.77
232391.86
232403.81
232415.83
232427.69
232439.72
232451.59
232463.53
232475.45
232487.38
232499.25
232511.14
232522.97
232534.83
232546.70
232558.50
232570.36
232582.19
232594.05
232605.88
232617.63
232629.42
232641.20
232652.98
232664.77
232676.58
232688.31
232699.98
232711.72
232723.47
232735.16
232746.80
232758.53
232770.14
232781.88
232793.47
232805.06
232816.69
232828.36
232840.00
232851.59
232863.22
232874.86
232886.42
232898.02
232909.56
232921.17
232932.72
232944.34
232955.83
232967.47
232978.91
232990.41
233001.92
233013.38
233024.83
233036.31
233047.83
233059.27
233070.69
233082.06
233093.39
233104.78
233116.16
233127.50
233138.89
233150.20
233161.56
233172.83
233184.17
233195.39
233206.73
233218.00
233229.34
233240.63
233251.86
233263.05
233274.36
233285.47
233296.73
233307.97
233319.25
233330.44
233341.64
233352.80
233364.03
233375.19
233386.38
233397.53
233408.73
233419.91
233431.11
233442.17
233453.39
233464.50
233475.69
233486.81
233497.95
233509.20
233520.27
233531.36
233542.53
233553.63
233564.77
233575.84
233586.95
233598.17
233609.25
233620.30
233631.45
233642.52
233653.64
233664.63
233675.83
233686.89
233697.98
233709.03
233720.16
233731.22
233742.31
233753.38
233764.50
233775.58
233786.70
233797.70
233808.83
233819.91
233830.95
233841.95
233853.16
233864.20
233875.23
233886.23
233897.33
233908.28
233919.31
233930.36
233941.44
233952.44
233963.48
233974.48
233985.47
233996.48
234007.48
234018.53
234029.45
234040.55
234051.52
234062.44
234073.41
234084.31
234095.34
234106.22
234117.20
234128.09
234139.06
234149.98
234160.88
234171.81
234182.72
234193.55
234204.48
234215.41
234226.17
234237.13
234247.98
234258.83
234269.73
234280.58
234291.48
234302.38
234313.19
234324.06
234334.92
234345.77
234356.59
234367.44
234378.30
234389.17
234399.94
234410.75
234421.59
234432.39
234443.17
234454.00
234464.77
234475.66
234486.44
234497.17
234507.98
234518.70
234529.52
234540.22
234551.03
234561.83
234572.56
234583.22
234594.05
234604.73
234615.48
234626.20
234636.95
234647.73
234658.47
234669.16
234679.91
234690.58
234701.33
234712.02
234722.72
234733.44
234744.14
234754.78
234765.53
234776.20
234786.91
234797.53
234808.31
234818.95
234829.61
234840.25
234850.94
234861.56
234872.19
234882.84
234893.55
234904.16
234914.77
234925.39
234936.03
234946.63
234957.22
234967.83
234978.50
234989.17
234999.75
235010.31
235020.91
235031.50
235042.08
235052.64
235063.31
235073.88
235084.48
235094.98
235105.58
235116.14
235126.70
235137.22
235147.80
235158.36
235168.88
235179.38
235189.94
235200.44
235210.97
235221.41
235231.97
235242.50
235253.02
235263.41
235273.94
235284.41
235294.89
235305.41
235315.88
235326.38
235336.81
235347.31
235357.70
235368.13
235378.61
235388.98
235399.42
235409.81
235420.19
235430.50
235440.89
235451.17
235461.56
235471.84
235482.16
235492.53
235502.78
235512.97
235523.28
235533.47
235543.75
235553.98
235564.22
235574.48
235584.75
235594.91
235605.13
235615.31
235625.55
235635.75
235645.98
235656.16
235666.34
235676.50
235686.69
235696.88
235707.09
235717.27
235727.45
235737.64
235747.83
235757.97
235768.16
235778.27
235788.42
235798.58
235808.75
235818.89
235829.08
235839.17
235849.27
235859.42
235869.59
235879.73
235889.86
235900.06
235910.17
235920.22
235930.38
235940.45
235950.53
235960.70
235970.77
235980.89
235990.97
236001.08
236011.17
236021.20
236031.27
236041.31
236051.41
236061.44
236071.53
236081.50
236091.61
236101.59
236111.61
236121.66
236131.72
236141.80
236151.78
236161.73
236171.78
236181.78
236191.80
236201.75
236211.78
236221.70
236231.66
236241.55
236251.55
236261.44
236271.42
236281.33
236291.22
236301.14
236311.06
236320.89
236330.81
236340.64
236350.58
236360.38
236370.23
236380.14
236389.97
236399.75
236409.64
236419.45
236429.27
236439.08
236448.89
236458.75
236468.61
236478.39
236488.16
236497.95
236507.75
236517.53
236527.33
236537.13
236546.84
236556.64
236566.39
236576.14
236585.86
236595.63
236605.36
236615.16
236624.88
236634.53
236644.22
236653.86
236663.53
236673.20
236682.84
236692.50
236702.11
236711.77
236721.36
236730.91
236740.58
236750.13
236759.75
236769.41
236778.92
236788.50
236798.09
236807.69
236817.27
236826.80
236836.42
236846.02
236855.55
236865.09
236874.63
236884.20
236893.78
236903.23
236912.86
236922.42
236931.92
236941.44
236950.91
236960.39
236969.92
236979.39
236988.89
236998.41
237007.88
237017.25
237026.69
237036.16
237045.61
237054.95
237064.45
237073.94
237083.30
237092.73
237102.16
237111.56
237121.05
237130.38
237139.86
237149.31
237158.72
237168.11
237177.50
237186.92
237196.30
237205.81
237215.23
237224.64
237234.05
237243.44
237252.81
237262.23
237271.63
237281.03
237290.42
237299.83
237309.16
237318.47
237327.88
237337.23
237346.58
237355.92
237365.27
237374.66
237383.98
237393.28
237402.64
237411.91
237421.25
237430.53
237439.88
237449.20
237458.48
237467.73
237477.03
237486.28
237495.58
237504.86
237514.16
237523.47
237532.66
237541.97
237551.20
237560.52
237569.78
237578.98
237588.30
237597.55
237606.77
237616.00
237625.23
237634.42
237643.72
237652.86
237662.13
237671.36
237680.55
237689.69
237698.91
237708.05
237717.27
237726.39
237735.53
237744.72
237753.83
237762.94
237772.09
237781.22
237790.36
237799.45
237808.61
237817.70
237826.81
237835.84
237844.91
237854.00
237863.08
237872.17
237881.27
237890.30
237899.38
237908.42
237917.45
237926.50
237935.55
237944.55
237953.56
237962.56
237971.64
237980.59
237989.59
237998.59
238007.59
238016.58
238025.58
238034.56
238043.53
238052.42
238061.44
238070.41
238079.31
238088.23
238097.25
238106.19
238115.11
238124.02
238132.94
238141.88
238150.75
238159.70
238168.59
238177.52
238186.44
238195.31
238204.17
238213.06
238221.98
238230.81
238239.73
238248.61
238257.52
238266.31
238275.20
238284.09
238292.92
238301.75
238310.64
238319.53
238328.28
238337.13
238345.92
238354.73
238363.58
238372.38
238381.22
238390.02
238398.84
238407.55
238416.39
238425.17
238433.97
238442.75
238451.53
238460.28
238469.06
238477.77
238486.56
238495.25
238504.00
238512.72
238521.41
238530.13
238538.80
238547.47
238556.17
238564.84
238573.50
238582.09
238590.78
238599.44
238608.08
238616.69
238625.28
238633.88
238642.50
238651.08
238659.63
238668.23
238676.75
238685.28
238693.84
238702.41
238710.92
238719.39
238727.97
238736.45
238744.92
238753.39
238761.89
238770.28
238778.80
238787.22
238795.72
238804.16
238812.50
238820.88
238829.34
238837.70
238846.09
238854.41
238862.78
238871.17
238879.44
238887.75
238896.09
238904.38
238912.67
238920.89
238929.20
238937.47
238945.70
238953.89
238962.13
238970.28
238978.52
238986.67
238994.86
239003.06
239011.20
239019.34
239027.45
239035.58
239043.73
239051.81
239059.92
239068.03
239076.13
239084.17
239092.22
239100.25
239108.28
239116.28
239124.34
239132.31
239140.30
239148.23
239156.28
239164.17
239172.14
239180.03
239188.02
239195.97
239203.88
239211.72
239219.63
239227.52
239235.33
239243.19
239251.08
239258.95
239266.78
239274.61
239282.41
239290.20
239298.05
239305.84
239313.63
239321.42
239329.22
239336.92
239344.69
239352.45
239360.17
239367.92
239375.70
239383.39
239391.16
239398.77
239406.53
239414.19
239421.89
239429.53
239437.25
239444.92
239452.59
239460.20
239467.89
239475.45
239483.17
239490.75
239498.42
239506.06
239513.64
239521.22
239528.83
239536.39
239544.00
239551.56
239559.17
239566.75
239574.31
239581.81
239589.34
239596.89
239604.39
239611.88
239619.42
239626.95
239634.45
239641.88
239649.41
239656.86
239664.36
239671.81
239679.30
239686.77
239694.17
239701.59
239709.05
239716.47
239723.92
239731.28
239738.75
239746.17
239753.52
239760.89
239768.27
239775.64
239783.03
239790.42
239797.80
239805.16
239812.53
239819.89
239827.23
239834.56
239841.94
239849.25
239856.59
239863.94
239871.20
239878.56
239885.86
239893.19
239900.52
239907.80
239915.13
239922.44
239929.72
239936.95
239944.25
239951.47
239958.78
239966.05
239973.31
239980.58
239987.84
239995.05
240002.27
240009.50
240016.70
240023.94
240031.17
240038.44
240045.63
240052.80
240060.00
240067.19
240074.39
240081.53
240088.75
240095.94
240103.16
240110.27
240117.48
240124.66
240131.80
240138.97
240146.17
240153.33
240160.52
240167.63
240174.81
240181.89
240189.13
240196.25
240203.41
240210.56
240217.64
240224.77
240231.92
240239.02
240246.09
240253.23
240260.36
240267.45
240274.56
240281.56
240288.66
240295.73
240302.81
240309.83
240316.91
240324.00
240331.05
240338.05
240345.05
240352.08
240359.09
240366.13
240373.11
240380.19
240387.17
240394.11
240401.11
240408.05
240415.05
240421.97
240428.97
240435.94
240442.88
240449.78
240456.73
240463.63
240470.56
240477.45
240484.38
240491.28
240498.20
240505.06
240511.94
240518.80
240525.69
240532.48
240539.36
240546.23
240553.06
240559.86
240566.67
240573.50
240580.28
240587.08
240593.89
240600.66
240607.42
240614.14
240620.92
240627.63
240634.38
240641.09
240647.81
240654.52
240661.22
240667.91
240674.59
240681.23
240687.91
240694.53
240701.20
240707.84
240714.45
240721.06
240727.69
240734.28
240740.86
240747.48
240754.11
240760.69
240767.30
240773.84
240780.44
240786.95
240793.53
240800.06
240806.63
240813.20
240819.75
240826.27
240832.78
240839.33
240845.86
240852.36
240858.89
240865.44
240871.95
240878.41
240884.95
240891.45
240897.97
240904.44
240911.02
240917.50
240924.02
240930.48
240936.97
240943.48
240949.98
240956.45
240962.98
240969.48
240976.00
240982.45
240988.95
240995.44
241001.92
241008.44
241014.91
241021.42
241027.92
241034.39
241040.89
241047.36
241053.84
241060.31
241066.77
241073.31
241079.80
241086.23
241092.72
241099.17
241105.66
241112.11
241118.56
241125.09
241131.53
241137.95
241144.45
241150.84
241157.31
241163.75
241170.23
241176.70
241183.14
241189.53
241195.98
241202.41
241208.81
241215.25
241221.72
241228.11
241234.55
241240.95
241247.34
241253.75
241260.19
241266.55
241273.02
241279.44
241285.84
241292.22
241298.66
241305.05
241311.42
241317.83
241324.27
241330.67
241337.06
241343.44
241349.84
241356.22
241362.63
241368.98
241375.38
241381.80
241388.13
241394.48
241400.88
241407.22
241413.63
241419.95
241426.31
241432.70
241439.08
241445.39
241451.73
241458.09
241464.42
241470.75
241477.13
241483.45
241489.77
241496.06
241502.38
241508.69
241515.03
241521.33
241527.63
241533.95
241540.30
241546.52
241552.81
241559.11
241565.41
241571.69
241577.98
241584.28
241590.55
241596.80
241603.09
241609.31
241615.58
241621.86
241628.11
241634.42
241640.67
241646.91
241653.20
241659.44
241665.72
241671.97
241678.25
241684.52
241690.72
241696.97
241703.27
241709.47
241715.75
241721.95
241728.22
241734.47
241740.70
241746.89
241753.14
241759.38
241765.59
241771.81
241778.03
241784.25
241790.48
241796.66
241802.88
241809.08
241815.25
241821.42
241827.61
241833.81
241840.00
241846.14
241852.34
241858.50
241864.70
241870.84
241877.02
241883.19
241889.33
241895.47
241901.64
241907.78
241913.95
241920.08
241926.25
241932.41
241938.56
241944.67
241950.84
241956.91
241963.09
241969.23
241975.36
241981.50
241987.66
241993.77
241999.92
242006.03
242012.16
242018.30
242024.41
242030.56
242036.69
242042.81
242048.89
242055.02
242061.13
242067.20
242073.33
242079.47
242085.56
242091.58
242097.73
242103.83
242109.94
242115.97
242122.11
242128.19
242134.27
242140.34
242146.41
242152.47
242158.53
242164.61
242170.69
242176.75
242182.83
242188.88
242194.91
242200.95
242207.05
242213.08
242219.14
242225.19
242231.27
242237.28
242243.30
242249.34
242255.39
242261.42
242267.50
242273.53
242279.56
242285.59
242291.63
242297.64
242303.69
242309.70
242315.75
242321.81
242327.81
242333.81
242339.81
242345.86
242351.86
242357.88
242363.89
242369.89
242375.91
242381.88
242387.91
242393.84
242399.88
242405.86
242411.86
242417.83
242423.80
242429.80
242435.75
242441.72
242447.69
242453.63
242459.59
242465.56
242471.48
242477.38
242483.34
242489.30
242495.23
242501.22
242507.11
242513.06
242518.97
242524.91
242530.83
242536.75
242542.67
242548.58
242554.55
242560.47
242566.36
242572.27
242578.19
242584.08
242590.02
242595.89
242601.80
242607.75
242613.64
242619.48
242625.41
242631.30
242637.20
242643.08
242648.95
242654.91
242660.77
242666.61
242672.52
242678.39
242684.22
242690.09
242695.98
242701.80
242707.69
242713.53
242719.36
242725.19
242731.05
242736.86
242742.69
242748.56
242754.36
242760.16
242765.94
242771.80
242777.58
242783.39
242789.23
242794.98
242800.80
242806.56
242812.41
242818.20
242824.00
242829.77
242835.53
242841.34
242847.14
242852.91
242858.70
242864.48
242870.30
242876.03
242881.86
242887.61
242893.39
242899.16
242904.95
242910.72
242916.52
242922.23
242928.03
242933.84
242939.56
242945.33
242951.11
242956.83
242962.61
242968.36
242974.14
242979.89
242985.59
242991.34
242997.11
243002.78
243008.56
243014.25
243020.00
243025.77
243031.45
243037.13
243042.89
243048.58
243054.31
243060.03
243065.73
243071.39
243077.14
243082.84
243088.56
243094.25
243099.95
243105.66
243111.36
243117.05
243122.77
243128.44
243134.14
243139.83
243145.55
243151.20
243156.91
243162.64
243168.31
243173.97
243179.69
243185.34
243191.05
243196.73
243202.44
243208.14
243213.81
243219.45
243225.16
243230.81
243236.50
243242.19
243247.88
243253.56
243259.22
243264.89
243270.56
243276.22
243281.86
243287.53
243293.20
243298.88
243304.55
243310.16
243315.81
243321.44
243327.05
243332.70
243338.39
243344.03
243349.64
243355.27
243360.89
243366.55
243372.20
243377.78
243383.45
243389.05
243394.72
243400.28
243405.94
243411.55
243417.19
243422.77
243428.41
243434.06
243439.69
243445.25
243450.89
243456.44
243462.08
243467.69
243473.34
243478.95
243484.53
243490.16
243495.75
243501.34
243506.97
243512.59
243518.22
243523.80
243529.44
243535.03
243540.63
243546.23
243551.84
243557.44
243563.08
243568.67
243574.28
243579.89
243585.47
243591.06
243596.67
243602.23
243607.88
243613.48
243619.11
243624.64
243630.27
243635.88
243641.45
243647.06
243652.66
243658.25
243663.84
243669.41
243675.03
243680.58
243686.20
243691.77
243697.36
243702.95
243708.52
243714.11
243719.64
243725.25
243730.81
243736.41
243741.98
243747.59
243753.17
243758.70
243764.30
243769.89
243775.42
243781.03
243786.64
243792.17
243797.78
243803.28
243808.89
243814.47
243820.03
243825.59
243831.17
243836.75
243842.31
243847.83
243853.45
243858.97
243864.59
243870.13
243875.72
243881.28
243886.83
243892.36
243897.98
243903.48
243909.11
243914.63
243920.22
243925.80
243931.36
243936.89
243942.50
243948.00
243953.59
243959.16
243964.70
243970.30
243975.86
243981.36
243986.97
243992.48
243998.06
244003.63
244009.14
244014.75
244020.30
244025.86
244031.39
244036.95
244042.53
244048.06
244053.63
244059.17
244064.75
244070.27
244075.83
244081.34
244086.92
244092.47
244098.03
244103.56
244109.11
244114.64
244120.16
244125.69
244131.28
244136.78
244142.38
244147.92
244153.42
244158.94
244164.52
244170.03
244175.56
244181.08
244186.67
244192.19
244197.75
244203.28
244208.80
244214.30
244219.88
244225.42
244230.95
244236.50
244242.06
244247.53
244253.11
244258.63
244264.16
244269.70
244275.23
244280.80
244286.34
244291.88
244297.39
244302.91
244308.50
244313.98
244319.55
244325.11
244330.67
244336.16
244341.70
244347.22
244352.77
244358.27
244363.86
244369.39
244374.89
244380.44
244385.98
244391.48
244396.98
244402.58
244408.06
244413.61
244419.14
244424.67
244430.19
244435.72
244441.27
244446.77
244452.28
244457.83
244463.36
244468.84
244474.39
244479.88
244485.42
244490.94
244496.48
244501.98
244507.52
244512.98
244518.56
244524.05
244529.55
244535.09
244540.64
244546.14
244551.66
244557.17
244562.69
244568.20
244573.75
244579.22
244584.75
244590.28
244595.83
244601.30
244606.84
244612.38
244617.88
244623.41
244628.91
244634.47
244640.00
244645.47
244651.02
244656.53
244662.06
244667.55
244673.11
244678.67
244684.19
244689.66
244695.22
244700.72
244706.25
244711.75
244717.31
244722.84
244728.38
244733.88
244739.38
244744.89
244750.44
244755.94
244761.45
244767.02
244772.53
244778.02
244783.53
244789.03
244794.53
244800.08
244805.59
244811.13
244816.64
244822.11
244827.61
244833.16
244838.70
244844.19
244849.70
244855.23
244860.73
244866.22
244871.77
244877.25
244882.75
244888.28
244893.81
244899.36
244904.83
244910.34
244915.86
244921.38
244926.86
244932.38
244937.92
244943.44
244948.97
244954.44
244959.97
244965.44
244970.98
244976.50
244982.03
244987.50
244993.06
244998.53
245004.06
245009.56
245015.09
245020.56
245026.11
245031.63
245037.14
245042.63
245048.14
245053.64
245059.14
245064.66
245070.16
245075.70
245081.19
245086.67
245092.17
245097.63
245103.20
245108.69
245114.19
245119.73
245125.23
245130.72
245136.22
245141.69
245147.20
245152.69
245158.20
245163.72
245169.22
245174.70
245180.20
245185.70
245191.22
245196.70
245202.22
245207.73
245213.22
245218.70
245224.20
245229.72
245235.23
245240.70
245246.23
245251.73
245257.23
245262.69
245268.22
245273.73
245279.22
245284.67
245290.23
245295.75
245301.23
245306.70
245312.23
245317.72
245323.22
245328.70
245334.22
245339.72
245345.23
245350.67
245356.19
245361.69
245367.19
245372.64
245378.14
245383.59
245389.14
245394.64
245400.13
245405.59
245411.08
245416.55
245422.03
245427.52
245433.03
245438.52
245443.97
245449.45
245454.94
245460.41
245465.91
245471.42
245476.88
245482.31
245487.81
245493.28
245498.78
245504.25
245509.75
245515.25
245520.73
245526.17
245531.64
245537.16
245542.64
245548.06
245553.56
245559.09
245564.58
245569.98
245575.50
245580.95
245586.47
245591.92
245597.41
245602.89
245608.39
245613.86
245619.33
245624.77
245630.28
245635.75
245641.25
245646.73
245652.22
245657.69
245663.17
245668.63
245674.08
245679.56
245685.08
245690.52
245696.00
245701.47
245706.92
245712.41
245717.89
245723.30
245728.78
245734.23
245739.70
245745.17
245750.63
245756.06
245761.52
245767.02
245772.45
245777.92
245783.38
245788.80
245794.23
245799.69
245805.17
245810.58
245816.08
245821.53
245826.97
245832.41
245837.81
245843.30
245848.75
245854.19
245859.66
245865.11
245870.55
245875.98
245881.44
245886.88
245892.34
245897.77
245903.22
245908.67
245914.14
245919.58
245925.05
245930.48
245935.92
245941.38
245946.84
245952.28
245957.73
245963.16
245968.59
245974.05
245979.52
245984.94
245990.41
245995.81
246001.30
246006.69
246012.16
246017.56
246023.03
246028.45
246033.92
246039.33
246044.77
246050.14
246055.59
246060.98
246066.42
246071.84
246077.27
246082.69
246088.13
246093.47
246098.91
246104.31
246109.75
246115.13
246120.56
246125.97
246131.38
246136.75
246142.16
246147.56
246152.97
246158.41
246163.81
246169.23
246174.66
246180.03
246185.44
246190.84
246196.27
246201.70
246207.13
246212.55
246217.97
246223.36
246228.80
246234.22
246239.64
246245.09
246250.50
246255.95
246261.36
246266.80
246272.22
246277.64
246283.11
246288.53
246293.97
246299.41
246304.86
246310.30
246315.77
246321.20
246326.63
246332.08
246337.55
246343.02
246348.48
246353.94
246359.38
246364.80
246370.27
246375.75
246381.20
246386.67
246392.16
246397.59
246403.08
246408.52
246414.00
246419.45
246424.97
246430.47
246435.89
246441.38
246446.81
246452.30
246457.83
246463.31
246468.80
246474.28
246479.78
246485.23
246490.75
246496.22
246501.70
246507.20
246512.70
246518.23
246523.72
246529.19
246534.70
246540.19
246545.72
246551.17
246556.72
246562.23
246567.75
246573.27
246578.75
246584.25
246589.81
246595.30
246600.81
246606.38
246611.88
246617.36
246622.92
246628.42
246633.95
246639.44
246645.02
246650.56
246656.09
246661.63
246667.17
246672.66
246678.22
246683.77
246689.25
246694.86
246700.39
246705.94
246711.47
246717.02
246722.56
246728.11
246733.66
246739.25
246744.78
246750.31
246755.89
246761.44
246766.97
246772.56
246778.11
246783.70
246789.27
246794.81
246800.39
246805.95
246811.52
246817.06
246822.66
246828.27
246833.83
246839.38
246844.98
246850.56
246856.14
246861.72
246867.31
246872.89
246878.50
246884.06
246889.64
246895.23
246900.86
246906.42
246912.03
246917.63
246923.22
246928.83
246934.41
246940.03
246945.63
246951.20
246956.84
246962.48
246968.08
246973.64
246979.31
246984.91
246990.53
246996.11
247001.78
247007.39
247013.03
247018.61
247024.27
247029.84
247035.50
247041.14
247046.75
247052.38
247058.03
247063.64
247069.28
247074.91
247080.58
247086.20
247091.89
247097.52
247103.14
247108.80
247114.45
247120.06
247125.77
247131.36
247137.05
247142.72
247148.34
247154.00
247159.64
247165.31
247170.95
247176.64
247182.31
247188.00
247193.64
247199.30
247205.02
247210.66
247216.31
247222.02
247227.69
247233.38
247239.08
247244.70
247250.42
247256.09
247261.80
247267.44
247273.16
247278.84
247284.52
247290.22
247295.91
247301.61
247307.31
247312.98
247318.72
247324.42
247330.03
247335.81
247341.53
247347.20
247352.92
247358.59
247364.36
247370.08
247375.78
247381.45
247387.20
247392.89
247398.63
247404.36
247410.06
247415.83
247421.53
247427.25
247432.98
247438.70
247444.41
247450.16
247455.94
247461.64
247467.39
247473.13
247478.84
247484.58
247490.30
247496.05
247501.83
247507.56
247513.33
247519.06
247524.80
247530.59
247536.31
247542.06
247547.84
247553.63
247559.36
247565.09
247570.89
247576.63
247582.41
247588.11
247593.94
247599.75
247605.52
247611.27
247617.03
247622.80
247628.61
247634.38
247640.14
247645.95
247651.73
247657.50
247663.30
247669.08
247674.86
247680.64
247686.42
247692.25
247698.02
247703.83
247709.63
247715.42
247721.22
247727.05
247732.86
247738.67
247744.47
247750.27
247756.06
247761.88
247767.66
247773.50
247779.34
247785.14
247790.95
247796.77
247802.63
247808.44
247814.22
247820.05
247825.89
247831.73
247837.61
247843.39
247849.25
247855.08
247860.89
247866.70
247872.59
247878.44
247884.30
247890.11
247895.97
247901.84
247907.66
247913.48
247919.36
247925.25
247931.08
247936.91
247942.78
247948.59
247954.50
247960.36
247966.25
247972.11
247977.98
247983.81
247989.70
247995.55
248001.44
248007.28
248013.22
248019.08
248024.97
248030.81
248036.72
248042.59
248048.48
248054.38
248060.25
248066.14
248072.05
248077.91
248083.83
248089.72
248095.59
248101.50
248107.41
248113.33
248119.23
248125.09
248131.02
248136.88
248142.80
248148.73
248154.64
248160.56
248166.52
248172.38
248178.31
248184.22
248190.14
248196.03
248202.00
248207.91
248213.88
248219.73
248225.70
248231.63
248237.55
248243.44
248249.42
248255.38
248261.33
248267.25
248273.19
248279.13
248285.08
248290.98
248296.95
248302.91
248308.86
248314.81
248320.75
248326.70
248332.69
248338.63
248344.59
248350.58
248356.55
248362.48
248368.45
248374.41
248380.41
248386.38
248392.34
248398.28
248404.28
248410.27
248416.22
248422.20
248428.16
248434.16
248440.16
248446.17
248452.16
248458.13
248464.13
248470.09
248476.06
248482.03
248488.09
248494.11
248500.13
248506.08
248512.09
248518.08
248524.11
248530.09
248536.09
248542.14
248548.11
248554.11
248560.16
248566.17
248572.17
248578.20
248584.22
248590.27
248596.28
248602.31
248608.31
248614.36
248620.36
248626.42
248632.47
248638.48
248644.55
248650.52
248656.59
248662.61
248668.67
248674.67
248680.77
248686.81
248692.88
248698.89
248704.94
248711.02
248717.02
248723.09
248729.19
248735.25
248741.33
248747.36
248753.44
248759.47
248765.56
248771.58
248777.70
248783.78
248789.83
248795.88
248801.97
248808.03
248814.13
248820.22
248826.34
248832.39
248838.48
248844.53
248850.63
248856.72
248862.81
248868.86
248874.98
248881.14
248887.19
248893.28
248899.39
248905.48
248911.58
248917.70
248923.81
248929.92
248936.05
248942.13
248948.25
248954.34
248960.47
248966.58
248972.72
248978.84
248984.98
248991.05
248997.17
249003.33
249009.48
249015.56
249021.75
249027.89
249033.98
249040.11
249046.27
249052.39
249058.58
249064.66
249070.83
249077.02
249083.13
249089.27
249095.41
249101.55
249107.73
249113.88
249120.03
249126.22
249132.36
249138.47
249144.67
249150.80
249157.02
249163.17
249169.36
249175.50
249181.66
249187.86
249194.06
249200.20
249206.41
249212.58
249218.75
249224.95
249231.13
249237.31
249243.47
249249.69
249255.89
249262.05
249268.27
249274.48
249280.66
249286.83
249293.08
249299.23
249305.47
249311.66
249317.86
249324.11
249330.31
249336.50
249342.70
249348.89
249355.13
249361.33
249367.59
249373.83
249380.05
249386.23
249392.47
249398.69
249404.95
249411.16
249417.39
249423.61
249429.88
249436.08
249442.36
249448.58
249454.81
249461.05
249467.28
249473.53
249479.81
249486.02
249492.30
249498.53
249504.80
249511.03
249517.31
249523.59
249529.88
249536.09
249542.39
249548.63
249554.91
249561.16
249567.42
249573.75
249580.00
249586.25
249592.55
249598.81
249605.11
249611.38
249617.69
249623.97
249630.25
249636.50
249642.81
249649.08
249655.39
249661.66
249668.00
249674.28
249680.64
249686.86
249693.20
249699.47
249705.78
249712.08
249718.44
249724.73
249731.06
249737.31
249743.64
249750.00
249756.28
249762.64
249768.92
249775.30
249781.59
249787.94
249794.25
249800.59
249806.88
249813.22
249819.58
249825.95
249832.30
249838.58
249844.94
249851.30
249857.66
249863.97
249870.34
249876.70
249883.08
249889.36
249895.72
249902.08
249908.45
249914.80
249921.16
249927.53
249933.94
249940.25
249946.64
249952.97
249959.39
249965.75
249972.14
249978.55
249984.91
249991.25
249997.63
250004.00
250010.42
250016.77
250023.20
250029.58
250035.98
250042.36
250048.73
250055.14
250061.55
250067.94
250074.31
250080.77
250087.17
250093.53
250099.95
250106.34
250112.72
250119.14
250125.56
250131.97
250138.41
250144.86
250151.30
250157.69
250164.13
250170.48
250176.97
250183.44
250189.83
250196.25
250202.66
250209.09
250215.53
250222.02
250228.45
250234.91
250241.31
250247.72
250254.22
250260.64
250267.13
250273.56
250280.03
250286.48
250292.94
250299.41
250305.88
250312.30
250318.77
250325.23
250331.73
250338.19
250344.64
250351.13
250357.58
250364.05
250370.53
250377.03
250383.50
250390.02
250396.50
250402.92
250409.47
250415.95
250422.42
250428.89
250435.39
250441.91
250448.45
250454.89
250461.42
250467.91
250474.39
250480.89
250487.45
250493.94
250500.48
250506.94
250513.48
250519.97
250526.50
250533.02
250539.56
250546.06
250552.58
250559.11
250565.64
250572.16
250578.69
250585.22
250591.75
250598.31
250604.86
250611.38
250617.89
250624.45
250631.02
250637.52
250644.09
250650.67
250657.19
250663.77
250670.28
250676.80
250683.44
250689.94
250696.53
250703.13
250709.69
250716.22
250722.78
250729.36
250735.94
250742.50
250749.09
250755.69
250762.23
250768.80
250775.39
250781.97
250788.58
250795.11
250801.77
250808.36
250814.91
250821.52
250828.09
250834.69
250841.30
250847.94
250854.53
250861.13
250867.72
250874.30
250880.89
250887.55
250894.11
250900.77
250907.38
250914.02
250920.64
250927.22
250933.86
250940.48
250947.08
250953.73
250960.38
250967.03
250973.64
250980.25
250986.89
250993.53
251000.14
251006.80
251013.47
251020.13
251026.78
251033.38
251040.02
251046.70
251053.36
251059.98
251066.67
251073.34
251080.03
251086.67
251093.33
251099.97
251106.67
251113.31
251120.00
251126.70
251133.34
251140.00
251146.69
251153.38
251160.06
251166.72
251173.39
251180.13
251186.78
251193.42
251200.16
251206.84
251213.55
251220.25
251226.94
251233.64
251240.38
251247.06
251253.80
251260.45
251267.17
251273.88
251280.61
251287.30
251294.03
251300.75
251307.47
251314.19
251320.92
251327.63
251334.38
251341.14
251347.86
251354.58
251361.30
251367.98
251374.77
251381.48
251388.23
251395.02
251401.75
251408.45
251415.22
251421.95
251428.70
251435.47
251442.22
251449.03
251455.75
251462.50
251469.28
251475.98
251482.75
251489.50
251496.31
251503.13
251509.83
251516.63
251523.41
251530.17
251536.98
251543.72
251550.55
251557.33
251564.11
251570.84
251577.66
251584.48
251591.27
251598.00
251604.83
251611.70
251618.47
251625.25
251632.06
251638.84
251645.64
251652.42
251659.30
251666.14
251672.92
251679.77
251686.55
251693.39
251700.19
251706.98
251713.86
251720.70
251727.48
251734.38
251741.16
251747.95
251754.80
251761.70
251768.53
251775.38
251782.19
251789.05
251795.92
251802.77
251809.61
251816.45
251823.33
251830.17
251837.05
251843.88
251850.75
251857.59
251864.47
251871.33
251878.20
251885.13
251891.95
251898.77
251905.72
251912.55
251919.42
251926.30
251933.22
251940.11
251946.97
251953.89
251960.73
251967.61
251974.55
251981.42
251988.36
251995.23
252002.14
252008.98
252015.95
252022.80
252029.75
252036.66
252043.58
252050.50
252057.44
252064.28
252071.23
252078.14
252085.08
252091.94
252098.92
252105.88
252112.75
252119.70
252126.64
252133.53
252140.47
252147.42
252154.36
252161.33
252168.28
252175.20
252182.16
252189.14
252196.05
252203.02
252209.98
252216.95
252223.91
252230.84
252237.81
252244.78
252251.73
252258.69
252265.66
252272.67
252279.63
252286.58
252293.56
252300.52
252307.55
252314.50
252321.52
252328.48
252335.48
252342.44
252349.48
252356.45
252363.45
252370.44
252377.42
252384.45
252391.48
252398.45
252405.44
252412.48
252419.45
252426.44
252433.52
252440.53
252447.55
252454.53
252461.56
252468.56
252475.63
252482.63
252489.70
252496.70
252503.72
252510.75
252517.78
252524.81
252531.89
252538.94
252545.98
252553.05
252560.09
252567.11
252574.14
252581.20
252588.23
252595.28
252602.38
252609.45
252616.52
252623.53
252630.63
252637.64
252644.75
252651.81
252658.92
252665.95
252673.03
252680.08
252687.22
252694.27
252701.34
252708.45
252715.50
252722.63
252729.75
252736.77
252743.92
252750.98
252758.06
252765.17
252772.28
252779.41
252786.55
252793.56
252800.75
252807.77
252814.94
252822.08
252829.17
252836.31
252843.45
252850.53
252857.70
252864.75
252871.91
252879.05
252886.19
252893.34
252900.47
252907.61
252914.75
252921.86
252929.03
252936.13
252943.30
252950.50
252957.63
252964.75
252971.92
252979.06
252986.22
252993.38
253000.55
253007.77
253014.88
253022.05
253029.23
253036.39
253043.56
253050.72
253057.95
253065.09
253072.27
253079.44
253086.66
253093.84
253101.05
253108.20
253115.42
253122.63
253129.83
253136.98
253144.17
253151.36
253158.61
253165.83
253173.05
253180.25
253187.44
253194.66
253201.89
253209.08
253216.31
253223.50
253230.75
253238.02
253245.25
253252.42
253259.70
253266.86
253274.13
253281.34
253288.61
253295.86
253303.11
253310.34
253317.56
253324.84
253332.06
253339.34
253346.61
253353.88
253361.13
253368.34
253375.58
253382.89
253390.14
253397.39
253404.69
253411.94
253419.27
253426.45
253433.78
253441.06
253448.31
253455.58
253462.88
253470.23
253477.50
253484.72
253492.06
253499.36
253506.64
253513.92
253521.27
253528.56
253535.89
253543.13
253550.47
253557.77
253565.09
253572.41
253579.73
253587.06
253594.36
253601.69
253608.98
253616.34
253623.64
253630.98
253638.36
253645.69
253652.95
253660.30
253667.69
253674.97
253682.36
253689.66
253697.05
253704.42
253711.77
253719.09
253726.47
253733.83
253741.13
253748.50
253755.89
253763.30
253770.63
253777.95
253785.36
253792.69
253800.11
253807.47
253814.86
253822.23
253829.63
253837.03
253844.39
253851.73
253859.20
253866.56
253873.98
253881.39
253888.78
253896.13
253903.53
253910.97
253918.34
253925.70
253933.20
253940.61
253948.02
253955.34
253962.83
253970.20
253977.63
253985.06
253992.53
253999.95
254007.38
254014.81
254022.23
254029.64
254037.11
254044.52
254052.00
254059.47
254066.88
254074.28
254081.80
254089.22
254096.67
254104.11
254111.61
254119.08
254126.55
254133.97
254141.44
254148.89
254156.38
254163.86
254171.33
254178.80
254186.23
254193.73
254201.27
254208.69
254216.19
254223.64
254231.20
254238.72
254246.22
254253.69
254261.17
254268.67
254276.13
254283.64
254291.16
254298.72
254306.22
254313.72
254321.22
254328.69
254336.19
254343.75
254351.30
254358.83
254366.36
254373.84
254381.41
254388.88
254396.48
254404.00
254411.55
254419.11
254426.61
254434.16
254441.72
254449.22
254456.80
254464.31
254471.91
254479.47
254487.03
254494.55
254502.14
254509.70
254517.27
254524.83
254532.44
254540.00
254547.58
254555.14
254562.72
254570.25
254577.88
254585.44
254593.06
254600.66
254608.22
254615.80
254623.41
254630.97
254638.56
254646.16
254653.83
254661.42
254669.03
254676.59
254684.20
254691.83
254699.44
254707.02
254714.72
254722.27
254729.95
254737.52
254745.19
254752.81
254760.45
254768.06
254775.69
254783.38
254790.98
254798.59
254806.25
254813.88
254821.55
254829.20
254836.89
254844.53
254852.17
254859.84
254867.50
254875.16
254882.78
254890.48
254898.17
254905.86
254913.55
254921.19
254928.78
254936.52
254944.22
254951.88
254959.56
254967.30
254974.98
254982.66
254990.36
254998.00
255005.72
255013.39
255021.13
255028.84
255036.56
255044.22
255051.97
255059.64
255067.39
255075.08
255082.83
255090.58
255098.27
255105.98
255113.70
255121.42
255129.16
255136.89
255144.64
255152.39
255160.16
255167.86
255175.58
255183.33
255191.08
255198.84
255206.61
255214.36
255222.06
255229.83
255237.56
255245.38
255253.11
255260.88
255268.66
255276.45
255284.22
255291.98
255299.78
255307.50
255315.31
255323.06
255330.89
255338.70
255346.47
255354.23
255362.05
255369.81
255377.64
255385.42
255393.25
255401.08
255408.86
255416.66
255424.47
255432.27
255440.09
255447.92
255455.73
255463.56
255471.41
255479.16
255487.05
255494.84
255502.69
255510.53
255518.41
255526.23
255534.03
255541.89
255549.75
255557.56
255565.44
255573.27
255581.14
255589.05
255596.88
255604.66
255612.58
255620.44
255628.27
255636.13
255644.05
255651.94
255659.78
255667.64
255675.53
255683.42
255691.31
255699.19
255707.11
255715.02
255722.88
255730.75
255738.64
255746.55
255754.47
255762.34
255770.20
255778.16
255786.09
255793.95
255801.86
255809.81
255817.73
255825.63
255833.55
255841.53
255849.42
255857.33
255865.23
255873.16
255881.13
255889.03
255897.02
255904.94
255912.91
255920.83
255928.78
255936.73
255944.69
255952.61
255960.59
255968.58
255976.52
255984.48
255992.44
256000.41
256008.38
256016.34
256024.36
256032.34
256040.31
256048.25
256056.22
256064.20
256072.17
256080.20
256088.19
256096.20
256104.20
256112.19
256120.20
256128.16
256136.19
256144.20
256152.20
256160.23
256168.28
256176.23
256184.28
256192.27
256200.31
256208.31
256216.41
256224.44
256232.48
256240.48
256248.52
256256.50
256264.58
256272.64
256280.63
256288.73
256296.80
256304.80
256312.86
256320.89
256328.95
256337.02
256345.14
256353.19
256361.25
256369.28
256377.34
256385.45
256393.50
256401.56
256409.70
256417.83
256425.86
256433.95
256442.02
256450.08
256458.23
256466.30
256474.44
256482.53
256490.63
256498.69
256506.81
256514.91
256523.03
256531.14
256539.27
256547.41
256555.47
256563.61
256571.77
256579.86
256587.95
256596.11
256604.27
256612.47
256620.58
256628.69
256636.83
256644.94
256653.11
256661.23
256669.45
256677.63
256685.72
256693.86
256702.05
256710.19
256718.36
256726.55
256734.69
256742.94
256751.08
256759.27
256767.38
256775.58
256783.75
256791.97
256800.14
256808.38
256816.58
256824.70
256832.95
256841.11
256849.31
256857.53
256865.77
256873.92
256882.20
256890.38
256898.61
256906.78
256915.08
256923.22
256931.45
256939.75
256947.98
256956.16
256964.41
256972.63
256980.88
256989.14
256997.38
257005.63
257013.89
257022.08
257030.34
257038.63
257046.80
257055.13
257063.44
257071.69
257079.97
257088.16
257096.50
257104.70
257113.03
257121.25
257129.56
257137.86
257146.13
257154.39
257162.69
257170.97
257179.25
257187.56
257195.89
257204.19
257212.47
257220.78
257229.08
257237.34
257245.73
257254.05
257262.31
257270.69
257279.02
257287.31
257295.64
257303.94
257312.28
257320.59
257328.95
257337.31
257345.69
257353.98
257362.30
257370.66
257379.05
257387.38
257395.73
257404.09
257412.50
257420.78
257429.17
257437.50
257445.88
257454.22
257462.66
257471.08
257479.42
257487.75
257496.16
257504.53
257512.97
257521.31
257529.77
257538.16
257546.53
257554.89
257563.36
257571.70
257580.14
257588.53
257596.97
257605.39
257613.81
257622.20
257630.64
257638.98
257647.45
257655.88
257664.34
257672.77
257681.16
257689.63
257698.03
257706.47
257714.92
257723.38
257731.84
257740.31
257748.75
257757.20
257765.70
257774.09
257782.59
257790.97
257799.52
257808.00
257816.47
257824.92
257833.41
257841.88
257850.38
257858.83
257867.38
257875.88
257884.41
257892.72
257901.31
257909.80
257918.28
257926.73
257935.33
257943.88
257952.31
257960.81
257969.39
257977.88
257986.39
257994.91
258003.47
258012.00
258020.53
258029.03
258037.58
258046.11
258054.67
258063.22
258071.77
258080.27
258088.91
258097.36
258105.94
258114.52
258123.09
258131.63
258140.22
258148.81
258157.36
258165.94
258174.50
258183.02
258191.66
258200.23
258208.83
258217.44
258226.05
258234.61
258243.17
258251.80
258260.39
258268.94
258277.59
258286.19
258294.83
258303.38
258312.06
258320.58
258329.23
258337.84
258346.52
258355.14
258363.80
258372.41
258381.02
258389.63
258398.28
258406.95
258415.55
258424.23
258432.88
258441.45
258450.16
258458.78
258467.45
258476.11
258484.83
258493.47
258502.11
258510.73
258519.47
258528.11
258536.83
258545.47
258554.20
258562.89
258571.55
258580.22
258588.94
258597.59
258606.30
258615.05
258623.75
258632.48
258641.19
258649.86
258658.59
258667.31
258676.03
258684.72
258693.45
258702.22
258710.89
258719.59
258728.38
258737.05
258745.84
258754.55
258763.36
258772.13
258780.86
258789.58
258798.31
258807.05
258815.80
258824.61
258833.41
258842.17
258850.94
258859.69
258868.45
258877.19
258886.02
258894.78
258903.56
258912.39
258921.16
258929.94
258938.67
258947.50
258956.30
258965.13
258973.92
258982.72
258991.58
259000.31
259009.19
259017.98
259026.78
259035.58
259044.45
259053.30
259062.11
259070.89
259079.78
259088.59
259097.44
259106.27
259115.13
259123.98
259132.84
259141.64
259150.55
259159.36
259168.19
259177.11
259185.98
259194.86
259203.72
259212.58
259221.42
259230.34
259239.23
259248.06
259256.94
259265.89
259274.78
259283.61
259292.55
259301.44
259310.30
259319.23
259328.13
259337.09
259345.95
259354.81
259363.80
259372.66
259381.66
259390.58
259399.52
259408.44
259417.42
259426.28
259435.20
259444.14
259453.13
259462.08
259471.03
259480.02
259488.92
259497.86
259506.80
259515.77
259524.75
259533.70
259542.72
259551.69
259560.63
259569.58
259578.58
259587.56
259596.55
259605.53
259614.55
259623.55
259632.56
259641.53
259650.52
259659.55
259668.55
259677.50
259686.59
259695.58
259704.58
259713.53
259722.63
259731.61
259740.66
259749.63
259758.70
259767.75
259776.83
259785.83
259794.89
259803.88
259812.94
259822.00
259831.06
259840.16
259849.23
259858.27
259867.27
259876.31
259885.41
259894.47
259903.63
259912.69
259921.77
259930.83
259939.91
259948.97
259958.11
259967.17
259976.28
259985.39
259994.47
260003.56
260012.70
260021.77
260030.91
260039.98
260049.19
260058.28
260067.39
260076.52
260085.64
260094.77
260103.92
260113.05
260122.19
260131.36
260140.52
260149.58
260158.80
260167.86
260177.08
260186.22
260195.42
260204.55
260213.73
260222.83
260232.06
260241.22
260250.41
260259.53
260268.78
260278.00
260287.19
260296.30
260305.55
260314.66
260323.92
260333.09
260342.36
260351.52
260360.73
260369.86
260379.13
260388.34
260397.56
260406.78
260416.03
260425.28
260434.50
260443.72
260452.94
260462.14
260471.42
260480.67
260489.95
260499.22
260508.45
260517.64
260526.95
260536.17
260545.45
260554.70
260564.03
260573.20
260582.58
260591.78
260601.09
260610.38
260619.64
260628.92
260638.23
260647.52
260656.86
260666.16
260675.45
260684.75
260694.05
260703.36
260712.72
260722.06
260731.38
260740.64
260749.95
260759.28
260768.64
260777.94
260787.33
260796.67
260806.02
260815.33
260824.69
260834.03
260843.36
260852.67
260862.09
260871.45
260880.86
260890.17
260899.53
260908.91
260918.30
260927.66
260937.06
260946.47
260955.86
260965.17
260974.56
260983.97
260993.38
261002.77
261012.14
261021.59
261030.98
261040.38
261049.84
261059.23
261068.64
261078.06
261087.50
261096.95
261106.34
261115.73
261125.23
261134.64
261144.13
261153.47
261163.03
261172.50
261181.92
261191.36
261200.84
261210.25
261219.75
261229.17
261238.70
261248.17
261257.63
261267.09
261276.58
261286.08
261295.55
261305.03
261314.59
261324.09
261333.58
261343.08
261352.55
261362.03
261371.61
261381.08
261390.61
261400.14
261409.63
261419.14
261428.70
261438.20
261447.75
261457.27
261466.83
261476.44
261485.92
261495.45
261505.03
261514.55
261524.14
261533.64
261543.28
261552.88
261562.39
261571.94
261581.53
261591.09
261600.67
261610.27
261619.84
261629.48
261639.09
261648.64
261658.20
261667.80
261677.44
261686.97
261696.63
261706.25
261715.89
261725.48
261735.11
261744.70
261754.34
261763.98
261773.63
261783.28
261792.89
261802.50
261812.17
261821.80
261831.42
261841.08
261850.80
261860.47
261870.08
261879.73
261889.42
261899.09
261908.77
261918.39
261928.13
261937.83
261947.53
261957.19
261966.88
261976.52
261986.23
261995.89
262005.70
262015.36
262025.16
262034.72
262044.44
262054.19
262063.95
262073.64
262083.39
262093.17
262102.88
262112.59
262122.34
262131.98
262141.84
262151.53
262161.28
262171.09
262180.88
262190.53
262200.38
262210.06
262219.84
262229.59
262239.41
262249.16
262259.00
262268.72
262278.56
262288.28
262298.06
262307.84
262317.72
262327.50
262337.25
262347.09
262356.88
262366.72
262376.50
262386.34
262396.19
262406.03
262415.84
262425.66
262435.50
262445.22
262455.09
262464.94
262474.88
262484.72
262494.56
262504.38
262514.25
262524.06
262533.94
262543.78
262553.72
262563.66
262573.47
262583.34
262593.19
262603.06
262613.00
262622.91
262632.81
262642.66
262652.63
262662.53
262672.44
262682.31
262692.22
262702.16
262712.06
262722.03
262731.91
262741.84
262751.78
262761.72
262771.66
262781.59
262791.53
262801.50
262811.47
262821.38
262831.31
262841.25
262851.22
262861.16
262871.19
262881.19
262891.16
262901.06
262911.03
262921.03
262930.97
262940.97
262951.03
262961.03
262971.06
262981.03
262991.03
263001.03
263011.03
263021.06
263031.09
263041.03
263051.13
263061.09
263071.22
263081.19
263091.25
263101.28
263111.41
263121.44
263131.44
263141.47
263151.56
263161.56
263171.66
263181.72
263191.81
263201.84
263211.94
263222.00
263232.13
263242.19
263252.31
263262.34
263272.44
263282.56
263292.66
263302.75
263312.84
263322.94
263333.03
263343.19
263353.31
263363.47
263373.56
263383.66
263393.84
263403.91
263414.09
263424.19
263434.38
263444.53
263454.69
263464.78
263474.94
263485.09
263495.28
263505.44
263515.63
263525.84
263535.91
263546.13
263556.31
263566.44
263576.72
263586.84
263597.13
263607.28
263617.50
263627.69
263637.91
263648.06
263658.31
263668.50
263678.72
263689.00
263699.22
263709.41
263719.66
263729.88
263740.06
263750.34
263760.59
263770.91
263781.16
263791.28
263801.66
263811.88
263822.19
263832.44
263842.69
263853.03
263863.28
263873.53
263883.84
263894.09
263904.44
263914.72
263925.00
263935.34
263945.66
263955.88
263966.25
263976.50
263986.84
263997.16
264007.53
264017.88
264028.16
264038.50
264048.84
264059.13
264069.53
264079.81
264090.19
264100.59
264110.94
264121.25
264131.69
264141.97
264152.34
264162.75
264173.06
264183.53
264193.84
264204.19
264214.69
264225.00
264235.47
264245.81
264256.25
264266.66
264277.06
264287.41
264297.84
264308.28
264318.66
264329.13
264339.50
264350.03
264360.47
264370.88
264381.28
264391.75
264402.22
264412.59
264423.13
264433.56
264444.06
264454.47
264464.97
264475.41
264485.94
264496.38
264506.91
264517.38
264527.88
264538.31
264548.84
264559.25
264569.78
264580.34
264590.88
264601.41
264611.91
264622.31
264632.94
264643.47
264653.97
264664.44
264675.03
264685.59
264696.09
264706.63
264717.19
264727.72
264738.31
264748.84
264759.38
264770.00
264780.53
264791.06
264801.66
264812.22
264822.84
264833.44
264844.03
264854.63
264865.22
264875.78
264886.38
264897.00
264907.59
264918.22
264928.91
264939.47
264950.09
264960.59
264971.38
264981.94
264992.63
265003.25
265013.88
265024.56
265035.16
265045.81
265056.47
265067.13
265077.81
265088.47
265099.13
265109.84
265120.53
265131.13
265141.88
265152.56
265163.28
265173.91
265184.69
265195.41
265206.06
265216.75
265227.47
265238.16
265248.94
265259.59
265270.34
265281.13
265291.84
265302.53
265313.25
265323.97
265334.75
265345.50
265356.28
265367.06
265377.81
265388.53
265399.31
265410.09
265420.84
265431.63
265442.41
265453.22
265463.94
265474.69
265485.56
265496.31
265507.09
265517.94
265528.72
265539.59
265550.38
265561.19
265572.03
265582.81
265593.69
265604.44
265615.38
265626.22
265637.09
265647.81
265658.72
265669.47
265680.44
265691.25
265702.13
265713.09
265723.88
265734.75
265745.63
265756.47
265767.44
265778.31
265789.22
265800.19
265810.97
265821.88
265832.84
265843.66
265854.63
265865.50
265876.41
265887.44
265898.31
265909.22
265920.19
265931.13
265942.06
265953.00
265963.94
265974.97
265985.88
265996.81
266007.72
266018.72
266029.72
266040.69
266051.69
266062.69
266073.63
266084.59
266095.63
266106.56
266117.59
266128.56
266139.63
266150.63
266161.69
266172.63
266183.66
266194.69
266205.72
266216.78
266227.84
266238.88
266249.81
266260.84
266271.94
266282.97
266294.13
266305.09
266316.16
266327.28
266338.34
266349.41
266360.50
266371.56
266382.66
266393.75
266404.81
266415.94
266427.06
266438.09
266449.25
266460.38
266471.50
266482.56
266493.75
266504.91
266516.00
266527.06
266538.25
266549.31
266560.50
266571.66
266582.84
266594.03
266605.19
266616.31
266627.50
266638.59
266649.81
266661.00
266672.25
266683.41
266694.53
266705.66
266716.97
266728.09
266739.28
266750.53
266761.75
266773.00
266784.22
266795.41
266806.59
266817.88
266829.06
266840.31
266851.59
266862.81
266874.13
266885.28
266896.56
266907.88
266919.09
266930.38
266941.59
266952.94
266964.22
266975.47
266986.75
266998.03
267009.31
267020.56
267031.88
267043.25
267054.56
267065.84
267077.19
267088.50
267099.78
267111.09
267122.50
267133.84
267145.13
267156.47
267167.84
267179.13
267190.53
267201.94
267213.25
267224.69
267236.00
267247.31
267258.75
267270.09
267281.53
267292.88
267304.28
267315.75
267327.09
267338.47
267349.88
267361.28
267372.69
267384.09
267395.53
267406.97
267418.41
267429.81
267441.28
267452.69
267464.13
267475.59
267487.09
267498.53
267509.94
267521.38
267532.88
267544.38
267555.81
267567.28
267578.81
267590.28
267601.81
267613.22
267624.75
267636.25
267647.78
267659.25
267670.81
267682.38
267693.88
267705.38
267716.94
267728.41
267739.97
267751.53
267763.09
267774.66
267786.19
267797.72
267809.31
267820.81
267832.38
267843.97
267855.50
267867.16
267878.78
267890.34
267901.88
267913.53
267925.09
267936.69
267948.31
267960.00
267971.56
267983.13
267994.81
268006.38
268018.06
268029.63
268041.31
268053.00
268064.63
268076.25
268087.84
268099.53
268111.19
268122.88
268134.59
268146.25
268157.94
268169.56
268181.25
268192.97
268204.59
268216.34
268228.06
268239.84
268251.53
268263.16
268274.94
268286.63
268298.34
268310.09
268321.91
268333.59
268345.38
268357.00
268368.84
268380.41
268392.31
268404.09
268415.88
268427.66
268439.50
268451.19
268463.00
268474.72
268486.59
268498.31
268510.19
268521.94
268533.78
268545.56
268557.38
268569.19
268581.06
268592.84
268604.72
268616.53
268628.38
268640.19
268652.00
268663.91
268675.78
268687.59
268699.44
268711.38
268723.22
268735.09
268747.00
268758.84
268770.75
268782.59
268794.56
268806.47
268818.44
268830.22
268842.16
268854.09
268866.03
268877.91
268889.81
268901.75
268913.75
268925.69
268937.63
268949.56
268961.50
268973.47
268985.50
268997.41
269009.44
269021.38
269033.34
269045.28
269057.34
269069.25
269081.34
269093.38
269105.34
269117.31
269129.38
269141.34
269153.38
269165.38
269177.41
269189.50
269201.50
269213.53
269225.56
269237.59
269249.69
269261.72
269273.81
269285.91
269297.94
269309.97
269322.13
269334.13
269346.25
269358.38
269370.47
269382.53
269394.69
269406.69
269418.88
269430.97
269443.13
269455.22
269467.31
269479.53
269491.69
269503.75
269515.94
269528.09
269540.25
269552.34
269564.53
269576.78
269588.97
269601.03
269613.25
269625.44
269637.56
269649.75
269662.03
269674.28
269686.50
269698.63
269710.91
269723.13
269735.28
269747.53
269759.75
269772.06
269784.19
269796.41
269808.75
269821.00
269833.28
269845.47
269857.78
269870.06
269882.41
269894.59
269906.78
269919.16
269931.50
269943.75
269956.03
269968.38
269980.69
269992.97
270005.28
270017.59
270029.88
270042.25
270054.63
270067.00
270079.28
270091.63
270104.00
270116.31
270128.75
270141.00
270153.44
270165.81
270178.25
270190.56
270202.94
270215.38
270227.75
270240.13
270252.56
270265.03
270277.47
270289.84
270302.25
270314.66
270327.13
270339.53
270352.00
270364.47
270376.94
270389.34
270401.75
270414.22
270426.72
270439.19
270451.72
270464.16
270476.69
270489.13
270501.59
270514.13
270526.63
270539.06
270551.66
270564.09
270576.69
270589.13
270601.69
270614.22
270626.78
270639.25
270651.91
270664.41
270676.97
270689.47
270702.09
270714.63
270727.22
270739.78
270752.44
270765.03
270777.63
270790.16
270802.72
270815.41
270828.00
270840.56
270853.25
270865.84
270878.53
270891.03
270903.75
270916.31
270929.03
270941.66
270954.34
270967.00
270979.75
270992.28
271005.00
271017.72
271030.38
271043.00
271055.78
271068.50
271081.16
271093.81
271106.56
271119.22
271132.00
271144.69
271157.47
271170.22
271182.94
271195.66
271208.38
271221.06
271233.84
271246.59
271259.44
271272.22
271285.00
271297.75
271310.53
271323.28
271336.03
271348.91
271361.69
271374.56
271387.38
271400.09
271412.97
271425.72
271438.66
271451.41
271464.25
271477.19
271490.03
271502.81
271515.63
271528.53
271541.47
271554.31
271567.22
271580.13
271592.97
271605.84
271618.69
271631.66
271644.50
271657.41
271670.34
271683.31
271696.22
271709.09
271722.13
271734.91
271747.91
271760.81
271773.81
271786.78
271799.75
271812.69
271825.69
271838.63
271851.69
271864.59
271877.56
271890.63
271903.63
271916.53
271929.59
271942.59
271955.63
271968.56
271981.66
271994.72
272007.78
272020.78
272033.72
272046.81
272059.91
272072.94
272086.09
272099.16
272112.22
272125.25
272138.34
272151.41
272164.53
272177.66
272190.81
272203.91
272217.00
272230.13
272243.25
272256.28
272269.41
272282.56
272295.75
272309.00
272322.06
272335.16
272348.41
272361.53
272374.75
272387.94
272401.09
272414.34
272427.53
272440.59
272453.88
272467.00
272480.25
272493.47
272506.72
272519.97
272533.16
272546.38
272559.63
272572.88
272586.09
272599.19
272612.69
272625.94
272639.19
272652.38
272665.72
272678.97
272692.28
272705.53
272718.88
272732.22
272745.56
272758.75
272772.16
272785.38
272798.78
272812.06
272825.44
272838.84
272852.22
272865.47
272878.88
272892.25
272905.56
272918.97
272932.38
272945.78
272959.16
272972.53
272985.91
272999.28
273012.75
273026.09
273039.59
273053.06
273066.47
273079.78
273093.25
273106.69
273120.16
273133.56
273147.03
273160.50
273174.06
273187.50
273200.94
273214.38
273227.91
273241.34
273254.91
273268.50
273281.94
273295.41
273308.94
273322.44
273336.00
273349.53
273363.09
273376.63
273390.09
273403.72
273417.28
273430.81
273444.44
273458.03
273471.59
273485.19
273498.84
273512.31
273526.03
273539.53
273553.19
273566.78
273580.41
273594.13
273607.75
273621.31
273634.97
273648.59
273662.31
273675.88
273689.63
273703.28
273717.00
273730.56
273744.25
273757.91
273771.63
273785.31
273799.03
273812.84
273826.50
273840.16
273853.84
273867.63
273881.28
273895.06
273908.88
273922.66
273936.41
273950.13
273963.91
273977.59
273991.41
274005.22
274019.00
274032.88
274046.66
274060.31
274074.25
274087.88
274101.81
274115.63
274129.47
274143.41
274157.22
274171.03
274184.84
274198.69
274212.56
274226.44
274240.25
274254.31
274268.09
274281.94
274295.91
274309.69
274323.69
274337.50
274351.44
274365.44
274379.38
274393.25
274407.16
274421.06
274434.97
274448.97
274463.00
274476.84
274490.91
274504.91
274518.81
274532.84
274546.81
274560.81
274574.81
274588.84
274602.84
274616.75
274630.81
274644.78
274658.91
274672.94
274687.03
274701.06
274715.13
274729.16
274743.22
274757.28
274771.28
274785.41
274799.56
274813.63
274827.75
274841.78
274856.00
274870.06
274884.16
274898.25
274912.47
274926.59
274940.78
274954.84
274969.00
274983.13
274997.31
275011.44
275025.69
275039.88
275054.03
275068.16
275082.44
275096.53
275110.72
275124.97
275139.22
275153.50
275167.66
275181.91
275196.19
275210.41
275224.59
275238.84
275253.16
275267.50
275281.72
275295.94
275310.31
275324.47
275338.81
275353.09
275367.47
275381.81
275396.13
275410.38
275424.75
275439.00
275453.41
275467.75
275482.03
275496.47
275510.84
275525.19
275539.59
275553.88
275568.34
275582.66
275597.13
275611.53
275625.94
275640.31
275654.72
275669.03
275683.59
275697.94
275712.44
275726.88
275741.34
275755.75
275770.19
275784.75
275799.13
275813.63
275828.09
275842.63
275857.06
275871.53
275886.16
275900.59
275915.09
275929.59
275944.22
275958.81
275973.28
275987.81
276002.44
276017.00
276031.56
276046.06
276060.72
276075.28
276089.78
276104.38
276119.06
276133.66
276148.22
276162.88
276177.53
276192.22
276206.78
276221.41
276236.09
276250.69
276265.34
276280.03
276294.69
276309.38
276324.13
276338.72
276353.41
276368.03
276382.72
276397.47
276412.28
276427.00
276441.72
276456.38
276470.97
276485.88
276500.69
276515.28
276530.13
276544.97
276559.69
276574.41
276589.28
276604.03
276618.81
276633.50
276648.47
276663.28
276678.16
276692.91
276707.72
276722.53
276737.41
276752.25
276767.19
276782.09
276796.91
276811.75
276826.66
276841.50
276856.38
276871.19
276886.22
276901.16
276916.06
276930.91
276945.88
276960.78
276975.72
276990.59
277005.56
277020.69
277035.59
277050.50
277065.47
277080.47
277095.47
277110.34
277125.38
277140.44
277155.53
277170.47
277185.50
277200.47
277215.56
277230.59
277245.69
277260.75
277275.78
277290.81
277305.94
277321.00
277336.03
277351.19
277366.31
277381.41
277396.50
277411.63
277426.63
277441.72
277457.00
277472.09
277487.19
277502.47
277517.59
277532.69
277547.84
277563.09
277578.22
277593.41
277608.72
277623.97
277639.06
277654.22
277669.47
277684.72
277699.94
277715.06
277730.44
277745.69
277760.88
277776.06
277791.44
277806.66
277822.03
277837.28
277852.56
277867.94
277883.19
277898.47
277913.84
277929.03
277944.50
277959.75
277975.16
277990.47
278005.88
278021.19
278036.59
278051.97
278067.38
278082.78
278098.16
278113.59
278129.03
278144.31
278159.84
278175.22
278190.63
278206.03
278221.53
278237.06
278252.47
278267.88
278283.38
278298.81
278314.38
278329.72
278345.25
278360.81
278376.31
278391.75
278407.38
278422.75
278438.44
278453.88
278469.50
278485.13
278500.56
278516.13
278531.75
278547.25
278562.94
278578.50
278594.13
278609.78
278625.34
278640.91
278656.59
278672.19
278687.88
278703.44
278719.16
278734.84
278750.56
278766.16
278781.81
278797.47
278813.19
278828.84
278844.63
278860.34
278876.09
278891.75
278907.41
278923.09
278938.94
278954.63
278970.38
278986.19
279002.06
279017.72
279033.47
279049.34
279065.09
279080.88
279096.78
279112.53
279128.38
279144.13
279160.06
279175.81
279191.69
279207.59
279223.50
279239.41
279255.22
279271.06
279287.00
279302.91
279318.72
279334.63
279350.63
279366.59
279382.53
279398.38
279414.38
279430.28
279446.22
279462.19
279478.22
279494.22
279510.19
279526.16
279542.16
279558.09
279574.16
279590.09
279606.25
279622.25
279638.31
279654.22
279670.34
279686.34
279702.44
279718.53
279734.63
279750.72
279766.88
279782.88
279799.00
279815.13
279831.22
279847.31
279863.59
279879.75
279895.88
279911.97
279928.09
279944.31
279960.44
279976.69
279992.88
280009.13
280025.28
280041.47
280057.72
280073.84
280090.19
280106.38
280122.69
280138.88
280155.22
280171.47
280187.69
280203.94
280220.25
280236.56
280252.91
280269.22
280285.50
280301.75
280318.16
280334.41
280350.81
280367.06
280383.53
280399.94
280416.31
280432.72
280449.03
280465.44
280481.78
280498.22
280514.66
280531.16
280547.63
280563.94
280580.44
280596.78
280613.28
280629.75
280646.28
280662.75
280679.28
280695.72
280712.22
280728.69
280745.19
280761.72
280778.34
280794.94
280811.47
280827.94
280844.47
280861.09
280877.69
280894.19
280910.84
280927.41
280944.03
280960.59
280977.25
280993.81
281010.53
281027.06
281043.84
281060.50
281077.13
281093.78
281110.47
281127.00
281143.88
281160.56
281177.31
281194.09
281210.66
281227.44
281244.19
281260.88
281277.63
281294.41
281311.22
281328.00
281344.75
281361.50
281378.31
281395.16
281411.94
281428.78
281445.59
281462.41
281479.31
281496.06
281512.97
281529.81
281546.69
281563.47
281580.47
281597.47
281614.25
281631.16
281648.13
281664.94
281681.91
281698.88
281715.88
281732.88
281749.81
281766.72
281783.75
281800.75
281817.72
281834.59
281851.75
281868.81
281885.84
281902.78
281919.88
281936.84
281953.97
281970.97
281988.06
282005.22
282022.31
282039.31
282056.50
282073.59
282090.72
282107.78
282124.94
282142.16
282159.22
282176.28
282193.53
282210.69
282227.88
282245.03
282262.16
282279.53
282296.75
282313.88
282331.06
282348.34
282365.63
282382.88
282400.13
282417.50
282434.69
282451.81
282469.31
282486.59
282503.81
282521.03
282538.50
282555.91
282573.22
282590.53
282607.88
282625.28
282642.50
282659.94
282677.41
282694.81
282712.22
282729.56
282746.97
282764.31
282781.84
282799.19
282816.75
282834.25
282851.69
282869.16
282886.63
282904.00
282921.59
282939.06
282956.72
282974.19
282991.81
283009.16
283026.78
283044.28
283061.94
283079.53
283097.09
283114.81
283132.41
283149.88
283167.56
283185.16
283202.81
283220.44
283238.13
283255.84
283273.44
283291.09
283308.81
283326.47
283344.16
283361.75
283379.66
283397.31
283415.03
283432.78
283450.56
283468.25
283486.09
283503.81
283521.56
283539.47
283557.19
283574.91
283592.88
283610.63
283628.47
283646.28
283664.19
283682.09
283699.97
283717.78
283735.66
283753.50
283771.50
283789.34
283807.41
283825.25
283843.19
283861.13
283879.13
283897.03
283914.97
283932.94
283951.03
283968.97
283987.06
284005.00
284023.00
284041.09
284059.09
284077.09
284095.22
284113.34
284131.31
284149.41
284167.50
284185.53
284203.78
284221.78
284239.94
284258.22
284276.31
284294.34
284312.53
284330.69
284348.94
284367.00
284385.38
284403.63
284421.81
284440.06
284458.25
284476.41
284494.75
284513.00
284531.25
284549.59
284567.91
284586.09
284604.44
284622.66
284641.13
284659.28
284677.72
284696.09
284714.38
284732.84
284751.22
284769.47
284787.91
284806.34
284824.84
284843.19
284861.72
284880.03
284898.50
284916.94
284935.47
284953.81
284972.41
284991.06
285009.47
285028.00
285046.50
285064.88
285083.56
285102.09
285120.72
285139.31
285157.91
285176.47
285195.00
285213.63
285232.19
285250.84
285269.53
285288.25
285306.88
285325.50
285344.13
285362.78
285381.50
285400.19
285418.97
285437.69
285456.47
285475.13
285493.81
285512.63
285531.47
285550.19
285569.03
285587.75
285606.63
285625.34
285644.25
285663.00
285681.97
285700.69
285719.75
285738.41
285757.31
285776.25
285795.22
285814.09
285833.00
285851.91
285870.91
285889.94
285908.88
285927.81
285946.75
285965.69
285984.72
286003.78
286022.75
286041.84
286060.78
286079.88
286098.94
286117.94
286137.13
286156.22
286175.25
286194.38
286213.53
286232.59
286251.72
286270.91
286290.13
286309.25
286328.44
286347.69
286366.81
286386.03
286405.22
286424.41
286443.78
286462.84
286482.31
286501.56
286520.81
286540.03
286559.38
286578.59
286597.94
286617.25
286636.59
286656.03
286675.31
286694.59
286714.09
286733.41
286752.75
286772.13
286791.72
286811.16
286830.56
286849.94
286869.47
286888.94
286908.44
286927.94
286947.47
286966.97
286986.47
287005.91
287025.59
287045.03
287064.69
287084.13
287103.81
287123.38
287143.06
287162.56
287182.28
287201.75
287221.44
287241.16
287260.81
287280.59
287300.16
287319.91
287339.56
287359.28
287379.03
287398.72
287418.53
287438.41
287458.16
287477.88
287497.66
287517.47
287537.31
287557.09
287577.00
287596.84
287616.63
287636.53
287656.34
287676.31
287696.28
287716.03
287736.13
287756.03
287776.03
287795.84
287815.81
287835.72
287855.81
287875.78
287895.81
287915.91
287935.91
287955.84
287975.97
287996.03
288016.13
288036.09
288056.28
288076.31
288096.53
288116.59
288136.75
288156.88
288177.09
288197.22
288217.50
288237.66
288257.81
288278.06
288298.31
288318.50
288338.75
288358.94
288379.38
288399.63
288419.94
288440.13
288460.53
288480.75
288501.13
288521.44
288541.84
288562.31
288582.72
288602.94
288623.50
288643.84
288664.25
288684.56
288705.19
288725.53
288746.25
288766.59
288787.06
288807.59
288828.16
288848.63
288869.28
288889.88
288910.47
288930.94
288951.50
288972.06
288992.75
289013.34
289034.03
289054.69
289075.38
289095.97
289116.69
289137.25
289157.94
289178.66
289199.50
289220.28
289241.09
289261.66
289282.59
289303.13
289324.06
289344.91
289365.72
289386.63
289407.41
289428.28
289449.13
289469.97
289490.91
289511.75
289532.81
289553.75
289574.69
289595.56
289616.63
289637.50
289658.53
289679.47
289700.59
289721.63
289742.63
289763.59
289784.72
289805.72
289826.78
289847.91
289869.13
289890.34
289911.41
289932.44
289953.69
289974.75
289995.91
290017.13
290038.44
290059.75
290080.91
290102.16
290123.41
290144.44
290165.91
290187.19
290208.53
290229.91
290251.25
290272.41
290293.88
290315.25
290336.69
290358.06
290379.50
290400.97
290422.31
290443.72
290465.13
290486.63
290508.06
290529.63
290551.16
290572.69
290594.28
290615.69
290637.34
290658.84
290680.50
290701.97
290723.72
290745.34
290766.97
290788.59
290810.06
290831.84
290853.56
290875.41
290897.06
290918.84
290940.53
290962.25
290984.03
291005.72
291027.63
291049.38
291071.22
291093.06
291114.78
291136.63
291158.53
291180.47
291202.41
291224.22
291246.22
291268.13
291290.19
291312.03
291333.94
291355.97
291378.06
291399.97
291422.22
291444.16
291466.19
291488.28
291510.25
291532.44
291554.59
291576.72
291598.81
291621.03
291643.22
291665.31
291687.56
291709.69
291731.94
291754.13
291776.41
291798.63
291820.78
291843.16
291865.38
291887.78
291910.09
291932.38
291954.78
291977.19
291999.53
292021.84
292044.41
292066.75
292089.25
292111.75
292134.25
292156.81
292179.22
292201.69
292224.25
292246.75
292269.31
292291.72
292314.38
292337.09
292359.63
292382.22
292404.88
292427.31
292450.06
292472.75
292495.50
292518.34
292541.06
292563.69
292586.47
292609.16
292632.03
292654.63
292677.63
292700.53
292723.38
292746.19
292769.03
292791.81
292814.69
292837.69
292860.63
292883.59
292906.50
292929.44
292952.47
292975.41
292998.44
293021.31
293044.53
293067.66
293090.63
293113.63
293136.75
293159.88
293183.00
293206.13
293229.31
293252.59
293275.84
293298.94
293322.19
293345.34
293368.69
293391.88
293415.25
293438.53
293461.78
293485.03
293508.38
293531.81
293555.22
293578.44
293601.94
293625.38
293648.78
293672.19
293695.72
293719.13
293742.63
293766.19
293789.69
293813.31
293836.84
293860.28
293883.94
293907.50
293931.25
293954.72
293978.53
294002.13
294025.97
294049.47
294073.31
294096.94
294120.63
294144.38
294168.25
294192.06
294215.88
294239.56
294263.41
294287.25
294311.09
294334.97
294359.03
294383.03
294406.75
294430.72
294454.75
294478.72
294502.78
294526.63
294550.81
294574.94
294599.06
294622.97
294647.03
294671.19
294695.38
294719.47
294743.53
294767.88
294792.09
294816.22
294840.50
294864.72
294889.00
294913.16
294937.56
294961.91
294986.16
295010.47
295034.81
295059.19
295083.63
295107.97
295132.47
295156.97
295181.31
295205.84
295230.34
295254.84
295279.47
295304.00
295328.28
295353.25
295377.81
295402.34
295427.00
295451.63
295476.16
295500.94
295525.63
295550.44
295575.16
295599.78
295624.50
295649.34
295674.22
295698.91
295723.84
295748.72
295773.44
295798.41
295823.38
295848.22
295873.28
295898.13
295923.25
295948.34
295973.25
295998.13
296023.31
296048.34
296073.44
296098.47
296123.72
296148.91
296174.03
296199.03
296224.28
296249.53
296274.81
296299.97
296325.19
296350.59
296375.88
296401.22
296426.50
296451.88
296477.19
296502.66
296528.03
296553.69
296579.13
296604.22
296629.88
296655.38
296681.00
296706.50
296732.06
296757.63
296783.38
296808.81
296834.44
296860.06
296885.72
296911.47
296937.25
296962.97
296988.72
297014.28
297040.16
297065.94
297091.75
297117.69
297143.59
297169.53
297195.41
297221.28
297247.22
297273.13
297299.13
297325.19
297351.13
297377.16
297403.22
297429.31
297455.44
297481.44
297507.56
297533.66
297560.00
297586.13
297612.38
297638.47
297664.97
297691.06
297717.44
297743.50
297770.03
297796.44
297822.78
297849.00
297875.59
297901.81
297928.44
297954.81
297981.47
298007.97
298034.53
298060.84
298087.53
298113.97
298140.69
298167.38
298194.06
298220.69
298247.50
298273.97
298300.84
298327.59
298354.25
298381.00
298408.00
298434.94
298461.78
298488.50
298515.47
298542.31
298569.31
298596.22
298623.19
298650.28
298677.34
298704.25
298731.44
298758.34
298785.34
298812.59
298839.84
298867.00
298894.28
298921.22
298948.50
298975.69
299003.25
299030.44
299057.88
299085.22
299112.63
299139.81
299167.28
299194.69
299222.38
299249.69
299277.22
299304.84
299332.34
299359.75
299387.50
299414.97
299442.59
299470.28
299497.91
299525.72
299553.41
299581.00
299608.91
299636.47
299664.50
299692.19
299720.19
299748.00
299776.00
299803.78
299831.78
299859.69
299887.66
299915.72
299943.69
299971.81
300000.00
300027.94
300056.03
300084.25
300112.41
300140.56
300168.88
300197.16
300225.41
300253.50
300281.97
300310.31
300338.53
300367.09
300395.50
300424.00
300452.44
300480.84
300509.38
300537.88
300566.47
300594.97
300623.56
300652.22
300680.88
300709.38
300738.13
300766.75
300795.59
300824.34
300853.19
300882.06
300910.91
300939.72
300968.63
300997.50
301026.47
301055.28
301084.50
301113.47
301142.63
301171.53
301200.63
301229.56
301258.72
301288.09
301317.25
301346.47
301375.53
301404.84
301434.16
301463.47
301492.75
301522.09
301551.59
301581.00
301610.47
301639.81
301669.38
301698.88
301728.19
301757.94
301787.69
301817.31
301846.88
301876.59
301906.34
301935.88
301965.75
301995.50
302025.38
302055.13
302085.06
302114.84
302144.81
302174.63
302204.69
302234.63
302264.78
302294.97
302324.97
302354.81
302385.06
302415.22
302445.34
302475.59
302505.97
302536.22
302566.56
302596.59
302626.97
302657.34
302687.81
302718.13
302748.63
302779.22
302809.53
302840.06
302870.81
302901.31
302931.91
302962.56
302993.44
303024.16
303054.94
303085.59
303116.34
303147.06
303178.13
303208.88
303239.88
303270.88
303301.81
303332.69
303363.75
303394.66
303425.84
303456.91
303488.13
303519.41
303550.59
303581.69
303613.00
303644.09
303675.53
303706.84
303738.28
303769.75
303801.06
303832.56
303864.09
303895.41
303927.06
303958.66
303990.22
304022.13
304053.81
304085.31
304117.16
304148.88
304180.84
304212.47
304244.34
304276.28
304308.28
304340.13
304372.19
304404.09
304436.16
304468.19
304500.38
304532.53
304564.56
304596.78
304629.00
304661.25
304693.50
304725.88
304758.41
304790.66
304823.28
304855.47
304888.22
304920.59
304953.13
304985.66
305018.25
305050.91
305083.69
305116.38
305149.16
305181.78
305214.78
305247.31
305280.41
305313.50
305346.41
305379.31
305412.38
305445.38
305478.56
305511.56
305544.81
305578.06
305611.22
305644.44
305677.75
305710.88
305744.25
305777.56
305811.13
305844.53
305878.16
305911.63
305945.16
305978.63
306012.31
306045.97
306079.91
306113.63
306147.31
306180.97
306215.00
306248.75
306282.38
306316.63
306350.63
306384.88
306418.81
306452.81
306486.97
306520.97
306555.25
306589.47
306623.88
306658.25
306692.56
306726.84
306761.38
306795.63
306830.22
306864.75
306899.28
306934.03
306968.63
307003.25
307038.13
307072.53
307107.50
307142.19
307176.97
307212.25
307247.09
307281.94
307317.03
307352.09
307387.22
307422.28
307457.59
307492.84
307528.09
307563.25
307598.56
307634.06
307669.22
307704.69
307740.22
307775.94
307811.41
307846.91
307882.50
307918.19
307954.13
307989.75
308025.78
308061.66
308097.47
308133.28
308169.41
308205.38
308241.50
308277.47
308313.69
308349.84
308386.13
308422.22
308458.53
308494.84
308531.06
308567.72
308604.19
308640.84
308677.31
308713.78
308750.47
308787.25
308823.91
308860.81
308897.63
308934.59
308971.50
309007.91
309045.28
309082.28
309119.25
309156.47
309193.56
309231.00
309268.25
309305.34
309342.81
309380.13
309417.47
309454.84
309492.75
309530.31
309567.91
309605.44
309643.22
309680.75
309718.69
309756.34
309794.53
309832.41
309870.41
309908.34
309946.56
309984.59
310022.81
310060.97
310099.47
310137.72
310176.06
310214.38
310252.84
310291.09
310329.75
310368.28
310407.09
310445.91
310484.78
310523.25
310562.25
310600.94
310640.03
310678.88
310718.22
310757.31
310796.44
310835.31
310874.78
310913.88
310953.41
310992.56
311032.16
311071.81
311111.25
311150.53
311190.38
311230.09
311269.97
311309.66
311349.66
311389.59
311429.63
311469.28
311509.63
311549.50
311589.81
311629.84
311670.31
311710.63
311751.25
311791.31
311831.94
311872.38
311913.13
311953.78
311994.44
312035.31
312076.06
312117.03
312157.78
312198.81
312239.91
312280.91
312322.16
312363.50
312404.69
312445.78
312487.41
312528.69
312570.28
312611.84
312653.59
312695.38
312736.94
312778.63
312820.13
312862.31
312904.41
312946.22
312988.53
313030.66
313072.91
313115.00
313157.53
313199.81
313242.31
313284.75
313327.56
313369.84
313412.81
313455.28
313498.22
313540.97
313584.00
313626.81
313670.03
313713.34
313756.56
313799.63
313843.19
313886.22
313929.69
313973.25
314016.97
314060.63
314104.28
314147.81
314191.81
314235.63
314279.41
314323.50
314367.72
314412.06
314456.34
314500.50
314544.75
314589.34
314633.81
314678.19
314723.03
314767.88
314812.53
314857.28
314902.25
314947.13
314992.09
315037.16
315082.47
315127.97
315173.13
315218.53
315264.19
315309.53
315355.22
315400.59
315446.69
315492.59
315538.44
315584.16
315630.44
315676.44
315722.78
315768.94
315815.22
315862.03
315908.47
315954.56
316001.53
316048.19
316095.19
316141.81
316189.03
316236.16
316283.00
316330.16
316377.66
316424.88
316472.47
316519.75
316567.56
316615.38
316662.84
316710.53
316758.66
316806.56
316854.88
316902.81
316951.25
316999.81
317048.13
317096.41
317145.16
317193.66
317242.44
317291.22
317340.03
317389.13
317438.38
317487.38
317536.84
317586.09
317635.69
317685.00
317734.91
317784.78
317834.47
317884.19
317934.19
317984.16
318034.06
318084.38
318134.94
318185.59
318235.94
318286.47
318337.28
318387.94
318438.88
318489.88
318541.09
318592.31
318643.50
318694.63
318746.28
318797.56
318849.50
318901.16
318953.31
319005.22
319057.41
319109.28
319161.69
319213.75
319266.28
319318.69
319371.69
319424.53
319477.34
319530.09
319583.31
319636.44
319689.66
319743.09
319796.75
319850.53
319904.19
319957.81
320011.66
320065.59
320119.94
320174.22
320228.91
320283.47
320337.84
320392.44
320447.31
320501.97
320557.25
320611.91
320667.66
320723.09
320778.63
320833.94
320890.03
320945.69
321001.75
321057.78
321114.28
321170.41
321226.88
321283.31
321340.00
321396.84
321453.84
321510.88
321568.41
321625.84
321683.25
321740.50
321798.19
321855.88
321913.94
321971.88
322030.41
322089.13
322147.19
322205.94
322264.47
322323.53
322382.63
322441.38
322501.34
322560.34
322620.13
322679.63
322739.59
322799.56
322859.97
322920.13
322980.78
323041.34
323101.97
323162.66
323223.56
323284.84
323346.16
323407.69
323469.31
323531.25
323593.38
323655.06
323717.38
323779.59
323842.16
323904.69
323968.00
324031.06
324093.63
324157.47
324221.06
324284.44
324348.38
324412.28
324476.50
324541.00
324605.28
324669.88
324734.97
324799.81
324865.13
324930.34
324995.75
325061.69
325127.72
325193.50
325259.72
325326.41
325392.88
325459.69
325526.66
325594.19
325661.22
325728.31
325796.44
325864.03
325932.47
326000.84
326069.69
326138.28
326207.47
326275.94
326345.31
326414.94
326484.81
326554.50
326625.06
326695.47
326765.81
326836.56
326907.66
326978.34
327050.22
327121.44
327193.69
327266.06
327338.38
327410.56
327483.59
327556.06
327629.34
327702.72
327776.75
327850.81
327925.19
327999.41
328074.03
328149.03
328224.06
328299.22
328375.22
328451.25
328527.59
328603.47
328680.72
328757.25
328834.56
328911.94
328989.91
329068.19
329146.47
329224.34
329304.19
329382.84
329462.44
329542.25
329622.28
329702.88
329783.53
329864.13
329945.88
330026.88
330108.84
330190.91
330273.72
330356.44
330439.81
330522.88
330606.41
330690.50
330775.41
330860.09
330944.91
331031.03
331116.56
331202.25
331289.69
331376.16
331463.50
331550.75
331639.22
331727.84
331816.22
331905.22
331995.13
332084.56
332175.44
332265.56
332357.19
332448.88
332539.88
332632.84
332725.50
332818.72
332912.44
333006.50
333101.81
333196.50
333291.84
333387.94
333484.50
333581.13
333678.56
333776.75
333875.38
333974.41
334073.44
334173.34
334274.22
334375.13
334476.28
334578.41
334681.50
334785.13
334888.75
334992.53
335098.13
335203.63
335309.72
335415.72
335524.28
335632.72
335739.84
335850.38
335959.88
336070.56
336182.78
336294.19
336407.88
336521.44
336635.44
336750.72
336866.66
336983.06
337100.81
337218.41
337338.03
337458.56
337579.03
337700.56
337823.28
337946.38
338071.19
338197.00
338323.13
338450.72
338579.53
338708.50
338839.75
338971.22
339103.84
339237.50
339372.78
339509.84
339647.19
339784.56
339925.47
340066.78
340209.97
340353.78
340499.84
340647.09
340796.38
340946.06
341098.34
341251.31
341407.09
341564.28
341723.47
341884.97
342046.63
342212.38
342379.06
342548.78
342721.06
342894.34
343069.66
343250.41
343432.59
343616.13
343804.44
343994.88
344189.03
344385.72
344586.75
344791.78
345000.25
345212.75
345430.75
345652.00
345880.72
346110.81
346350.75
346594.47
346846.03
347108.75
347377.56
347653.66
347942.31
348239.72
348549.66
348880.09
349227.16
349592.78
349985.84
350405.88
350871.63
351384.75
351978.28
352737.22
353982.34
