3226.55
3247.31
3268.06
3288.61
3309.06
3329.16
3349.23
3369.48
3389.62
3409.87
26332.68
26340.69
26348.75
26356.79
26364.88
26372.91
26380.88
26388.82
26396.87
26404.87
26412.99
26421.08
26429.18
26437.22
26445.22
26453.27
26461.31
26469.31
26477.46
26485.56
26493.66
26501.75
26509.83
26517.80
26525.88
26533.97
26542.14
26550.28
26558.42
26566.52
26574.60
26582.62
26590.67
26598.82
26607.01
26615.16
26623.37
26631.54
26639.55
26647.68
26655.76
26663.92
26672.13
26680.29
26688.53
26696.71
26704.82
26712.93
26721.07
26729.20
26737.50
26745.64
26753.96
26762.10
26770.26
26778.35
26786.57
26794.73
26803.04
26811.30
26819.55
26827.75
26835.94
26844.10
26852.27
26860.50
26868.85
26877.09
26885.41
26893.68
26901.84
26909.98
26918.24
26926.47
26934.84
26943.16
26951.50
26959.71
26968.01
26976.18
26984.51
26992.74
27001.14
27009.48
27017.83
27026.11
27034.37
27042.57
27050.89
27059.23
27067.59
27075.95
27084.43
27092.70
27101.00
27109.26
27117.60
27125.94
27134.34
27142.73
27151.16
27159.54
27167.87
27176.15
27184.52
27192.84
27201.34
27209.75
27218.21
27226.60
27234.95
27243.25
27251.62
27260.05
27268.51
27276.97
27285.44
27293.85
27302.24
27310.57
27319.00
27327.40
27335.98
27344.36
27352.96
27361.39
27369.81
27378.19
27386.59
27395.03
27403.57
27412.12
27420.67
27429.10
27437.56
27445.96
27454.45
27462.94
27471.48
27480.06
27488.66
27497.15
27505.62
27514.02
27522.56
27531.04
27539.67
27548.26
27556.88
27565.39
27573.88
27582.32
27590.81
27599.42
27608.07
27616.67
27625.30
27633.85
27642.37
27650.90
27659.41
27668.00
27676.66
27685.27
27693.94
27702.60
27711.16
27719.69
27728.26
27736.85
27745.53
27754.21
27762.93
27771.58
27780.12
27788.67
27797.35
27805.98
27814.62
27823.36
27832.07
27840.75
27849.37
27857.92
27866.65
27875.30
27884.02
27892.75
27901.55
27910.26
27918.87
27927.54
27936.19
27944.85
27953.69
27962.45
27971.24
27979.93
27988.61
27997.20
28005.99
28014.75
28023.50
28032.26
28041.13
28049.89
28058.61
28067.23
28076.00
28084.70
28093.64
28102.46
28111.29
28120.08
28128.84
28137.56
28146.32
28155.13
28163.99
28172.85
28181.73
28190.55
28199.30
28208.02
28216.84
28225.65
28234.63
28243.50
28252.38
28261.30
28270.05
28278.85
28287.67
28296.47
28305.41
28314.39
28323.32
28332.22
28341.04
28349.86
28358.75
28367.58
28376.54
28385.52
28394.50
28403.41
28412.27
28421.16
28430.04
28438.97
28447.97
28456.94
28465.98
28474.90
28483.79
28492.70
28501.59
28510.51
28519.58
28528.56
28537.69
28546.68
28555.59
28564.44
28573.46
28582.38
28591.44
28600.51
28609.62
28618.61
28627.61
28636.47
28645.52
28654.52
28663.56
28672.66
28681.78
28690.86
28699.81
28708.76
28717.82
28726.88
28735.98
28745.06
28754.29
28763.30
28772.37
28781.39
28790.43
28799.52
28808.67
28817.77
28826.98
28836.15
28845.16
28854.18
28863.29
28872.39
28881.60
28890.78
28899.95
28909.10
28918.14
28927.30
28936.45
28945.53
28954.83
28963.98
28973.28
28982.43
28991.57
29000.63
29009.80
29018.98
29028.29
29037.53
29046.81
29055.98
29065.11
29074.30
29083.50
29092.70
29101.99
29111.28
29120.56
29129.88
29138.98
29148.22
29157.42
29166.66
29175.99
29185.34
29194.68
29203.93
29213.10
29222.34
29231.61
29240.90
29250.27
29259.64
29269.00
29278.31
29287.58
29296.75
29306.10
29315.40
29324.80
29334.20
29343.58
29352.96
29362.20
29371.49
29380.82
29390.15
29399.62
29409.08
29418.51
29427.85
29437.18
29446.50
29455.85
29465.22
29474.74
29484.17
29493.65
29503.02
29512.40
29521.78
29531.16
29540.62
29550.06
29559.56
29569.08
29578.55
29587.91
29597.29
29606.73
29616.20
29625.76
29635.25
29644.80
29654.21
29663.75
29673.16
29682.65
29692.13
29701.68
29711.20
29720.78
29730.30
29739.79
29749.28
29758.76
29768.30
29777.87
29787.52
29797.13
29806.65
29816.19
29825.60
29835.23
29844.74
29854.41
29864.07
29873.71
29883.27
29892.86
29902.37
29911.92
29921.51
29931.20
29940.84
29950.57
29960.12
29969.67
29979.24
29988.89
29998.54
30008.31
30017.96
30027.71
30037.32
30046.93
30056.57
30066.20
30075.84
30085.57
30095.34
30105.13
30114.84
30124.47
30134.07
30143.77
30153.47
30163.30
30173.08
30182.86
30192.58
30202.23
30211.91
30221.70
30231.37
30241.25
30251.01
30260.94
30270.69
30280.38
30290.07
30299.85
30309.61
30319.47
30329.30
30339.22
30349.02
30358.79
30368.51
30378.33
30388.14
30398.02
30407.94
30417.89
30427.70
30437.48
30447.26
30457.11
30466.90
30476.86
30486.80
30496.74
30506.66
30516.48
30526.31
30536.18
30546.06
30556.05
30565.96
30576.02
30585.91
30595.74
30605.58
30615.48
30625.46
30635.42
30645.41
30655.51
30665.45
30675.36
30685.16
30695.16
30705.11
30715.19
30725.21
30735.29
30745.30
30755.24
30765.16
30775.18
30785.09
30795.18
30805.32
30815.47
30825.46
30835.41
30845.37
30855.44
30865.41
30875.54
30885.67
30895.87
30905.96
30915.92
30925.93
30935.99
30946.06
30956.27
30966.40
30976.59
30986.74
30996.75
31006.78
31016.84
31026.98
31037.23
31047.45
31057.66
31067.80
31077.80
31087.95
31098.04
31108.25
31118.53
31128.72
31138.99
31149.22
31159.24
31169.38
31179.60
31189.74
31200.08
31210.31
31220.57
31230.88
31240.97
31251.12
31261.36
31271.55
31281.96
31292.24
31302.58
31312.85
31323.02
31333.24
31343.52
31353.77
31364.14
31374.48
31384.87
31395.14
31405.42
31415.60
31425.93
31436.23
31446.69
31457.05
31467.49
31477.79
31488.04
31498.35
31508.69
31518.99
31529.50
31539.90
31550.38
31560.72
31571.10
31581.41
31591.76
31602.18
31612.65
31623.15
31633.58
31644.02
31654.41
31664.72
31675.15
31685.61
31696.14
31706.60
31717.16
31727.60
31737.98
31748.39
31758.79
31769.35
31779.93
31790.46
31801.02
31811.53
31821.94
31832.39
31842.87
31853.35
31863.96
31874.59
31885.22
31895.67
31906.21
31916.68
31927.23
31937.79
31948.45
31959.04
31969.70
31980.31
31990.82
32001.28
32011.90
32022.50
32033.12
32043.82
32054.52
32065.16
32075.76
32086.25
32096.88
32107.50
32118.23
32128.92
32139.75
32150.31
32160.96
32171.50
32182.22
32192.89
32203.66
32214.43
32225.22
32235.94
32246.63
32257.18
32267.89
32278.62
32289.41
32300.24
32311.06
32321.78
32332.43
32343.14
32353.90
32364.63
32375.48
32386.27
32397.20
32407.99
32418.69
32429.43
32440.26
32451.00
32461.89
32472.81
32483.72
32494.55
32505.29
32516.02
32526.89
32537.69
32548.63
32559.55
32570.56
32581.42
32592.24
32603.00
32613.92
32624.76
32635.76
32646.75
32657.75
32668.66
32679.48
32690.33
32701.21
32712.16
32723.17
32734.20
32745.26
32756.18
32767.04
32777.97
32788.90
32799.88
32810.91
32822.06
32833.17
32844.13
32855.04
32865.96
32877.04
32887.95
32899.15
32910.18
32921.36
32932.37
32943.36
32954.38
32965.37
32976.46
32987.66
32998.74
33009.96
33020.97
33032.03
33043.06
33054.18
33065.22
33076.44
33087.60
33098.87
33110.01
33121.06
33132.06
33143.25
33154.31
33165.55
33176.86
33188.11
33199.25
33210.39
33221.48
33232.70
33243.87
33255.17
33266.38
33277.71
33288.98
33300.10
33311.21
33322.46
33333.66
33345.03
33356.34
33367.71
33378.95
33390.18
33401.40
33412.60
33423.88
33435.25
33446.63
33458.07
33469.39
33480.66
33491.88
33503.19
33514.38
33525.98
33537.32
33548.78
33560.15
33571.44
33582.74
33594.07
33605.38
33616.89
33628.30
33639.82
33651.22
33662.59
33673.90
33685.30
33696.67
33708.24
33719.64
33731.23
33742.72
33754.09
33765.49
33776.89
33788.40
33799.92
33811.46
33822.99
33834.58
33846.01
33857.36
33868.91
33880.38
33891.97
33903.59
33915.19
33926.79
33938.23
33949.71
33961.27
33972.76
33984.50
33996.13
34007.79
34019.43
34030.87
34042.34
34054.00
34065.50
34077.26
34088.98
34100.76
34112.36
34123.93
34135.49
34147.12
34158.77
34170.51
34182.23
34194.03
34205.73
34217.30
34228.89
34240.58
34252.29
34264.04
34275.85
34287.62
34299.46
34311.10
34322.68
34334.45
34346.21
34358.10
34369.91
34381.82
34393.57
34405.26
34416.94
34428.65
34440.49
34452.41
34464.27
34476.14
34488.01
34499.79
34511.43
34523.32
34535.17
34547.16
34559.10
34571.01
34582.91
34594.70
34606.46
34618.38
34630.26
34642.20
34654.24
34666.22
34678.19
34690.02
34701.87
34713.79
34725.75
34737.79
34749.79
34761.94
34773.87
34785.73
34797.70
34809.68
34821.63
34833.70
34845.77
34857.96
34869.88
34881.83
34893.84
34905.86
34917.88
34930.06
34942.21
34954.32
34966.45
34978.32
34990.41
35002.52
35014.50
35026.73
35038.91
35051.16
35063.24
35075.30
35087.29
35099.47
35111.61
35123.77
35136.04
35148.37
35160.54
35172.62
35184.65
35196.87
35209.04
35221.39
35233.64
35246.00
35258.20
35270.34
35282.50
35294.71
35306.95
35319.33
35331.59
35344.02
35356.30
35368.43
35380.64
35392.95
35405.27
35417.66
35430.04
35442.54
35454.81
35467.05
35479.34
35491.66
35503.91
35516.41
35528.84
35541.28
35553.70
35566.03
35578.30
35590.70
35602.99
35615.60
35628.03
35640.60
35653.05
35665.37
35677.69
35690.13
35702.63
35715.13
35727.69
35740.30
35752.74
35765.17
35777.57
35789.92
35802.61
35815.14
35827.73
35840.36
35852.89
35865.34
35877.85
35890.39
35902.88
35915.47
35928.22
35940.95
35953.52
35966.05
35978.41
35991.13
36003.71
36016.48
36029.13
36041.91
36054.54
36067.09
36079.66
36092.29
36104.98
36117.80
36130.48
36143.29
36156.01
36168.66
36181.18
36194.00
36206.65
36219.57
36232.29
36245.18
36257.93
36270.55
36283.25
36295.97
36308.79
36321.63
36334.51
36347.43
36360.20
36372.85
36385.61
36398.47
36411.30
36424.24
36437.13
36450.11
36462.98
36475.79
36488.44
36501.36
36514.24
36527.27
36540.18
36553.23
36566.21
36579.01
36591.85
36604.72
36617.65
36630.77
36643.82
36656.85
36669.90
36682.80
36695.66
36708.63
36721.65
36734.73
36747.76
36760.91
36774.00
36786.94
36799.85
36812.94
36825.97
36839.13
36852.24
36865.41
36878.53
36891.52
36904.54
36917.61
36930.74
36943.86
36957.15
36970.48
36983.55
36996.65
37009.70
37022.82
37035.98
37049.21
37062.56
37075.88
37089.02
37102.19
37115.25
37128.46
37141.54
37155.04
37168.41
37181.63
37195.00
37208.15
37221.37
37234.61
37247.89
37261.30
37274.64
37288.02
37301.44
37314.70
37327.91
37341.24
37354.55
37368.04
37381.51
37394.87
37408.36
37421.64
37434.93
37448.29
37461.68
37475.16
37488.70
37502.24
37515.74
37529.01
37542.39
37555.82
37569.30
37582.90
37596.43
37610.04
37623.57
37636.95
37650.21
37663.88
37677.38
37690.93
37704.62
37718.27
37731.84
37745.34
37758.77
37772.33
37785.97
37799.68
37813.26
37827.06
37840.73
37854.21
37867.74
37881.41
37894.90
37908.79
37922.50
37936.33
37950.02
37963.63
37977.21
37990.93
38004.59
38018.46
38032.19
38046.04
38059.80
38073.49
38087.15
38100.94
38114.60
38128.54
38142.30
38156.26
38170.09
38183.81
38197.53
38211.38
38225.18
38239.11
38253.01
38266.99
38280.86
38294.64
38308.37
38322.31
38336.18
38350.24
38364.19
38378.30
38392.16
38406.02
38419.83
38433.78
38447.70
38461.85
38475.89
38489.99
38503.99
38517.85
38531.75
38545.78
38559.84
38573.94
38588.10
38602.23
38616.34
38630.35
38644.20
38658.32
38672.43
38686.58
38700.82
38715.10
38729.16
38743.19
38757.23
38771.39
38785.48
38799.74
38814.06
38828.31
38842.64
38856.70
38870.76
38884.91
38899.05
38913.48
38927.80
38942.10
38956.43
38970.54
38984.74
38998.98
39013.20
39027.66
39042.06
39056.52
39070.82
39085.08
39099.23
39113.60
39127.88
39142.36
39156.78
39171.34
39185.74
39200.07
39214.37
39228.76
39243.09
39257.71
39272.19
39286.82
39301.25
39315.64
39329.95
39344.49
39358.91
39373.56
39388.09
39402.76
39417.29
39431.68
39446.07
39460.69
39475.21
39489.82
39504.48
39519.28
39533.86
39548.37
39562.82
39577.35
39592.02
39606.79
39621.55
39636.27
39650.91
39665.61
39680.06
39694.74
39709.43
39724.26
39739.04
39753.91
39768.55
39783.24
39797.91
39812.59
39827.30
39842.25
39857.07
39872.02
39886.89
39901.48
39916.27
39930.98
39945.91
39960.86
39975.75
39990.80
40005.66
40020.39
40035.14
40049.97
40064.89
40080.01
40095.00
40110.05
40125.01
40139.88
40154.73
40169.70
40184.49
40199.72
40214.74
40229.90
40244.95
40259.84
40274.76
40289.77
40304.83
40319.94
40335.10
40350.34
40365.35
40380.44
40395.35
40410.49
40425.59
40440.84
40456.11
40471.38
40486.51
40501.56
40516.61
40531.82
40547.00
40562.29
40577.63
40593.02
40608.22
40623.28
40638.46
40653.71
40668.84
40684.40
40699.72
40715.17
40730.45
40745.71
40760.90
40776.26
40791.48
40806.97
40822.46
40837.93
40853.32
40868.52
40883.88
40899.27
40914.70
40930.19
40945.76
40961.25
40976.73
40992.13
41007.51
41022.96
41038.43
41054.11
41069.59
41085.26
41100.86
41116.26
41131.64
41147.27
41162.82
41178.50
41194.15
41209.92
41225.50
41241.02
41256.47
41272.21
41287.80
41303.57
41319.31
41335.03
41350.76
41366.29
41381.92
41397.66
41413.29
41429.26
41445.05
41460.95
41476.62
41492.31
41507.97
41523.77
41539.50
41555.37
41571.30
41587.38
41603.12
41618.90
41634.61
41650.48
41666.41
41682.34
41698.45
41714.45
41730.39
41746.16
41761.91
41777.94
41793.93
41809.99
41826.07
41842.25
41858.14
41874.14
41890.00
41906.05
41922.01
41938.26
41954.36
41970.62
41986.66
42002.66
42018.60
42034.70
42050.79
42067.07
42083.25
42099.57
42115.75
42131.84
42147.83
42164.02
42180.15
42196.57
42212.91
42229.24
42245.51
42261.69
42277.82
42293.96
42310.30
42326.78
42343.16
42359.52
42375.89
42392.16
42408.37
42424.77
42441.06
42457.62
42474.13
42490.56
42507.10
42523.34
42539.63
42556.05
42572.43
42589.13
42605.64
42622.25
42638.72
42655.13
42671.55
42688.11
42704.60
42721.27
42737.89
42754.62
42771.21
42787.64
42804.15
42820.71
42837.32
42854.11
42870.78
42887.65
42904.39
42920.91
42937.45
42954.09
42970.77
42987.62
43004.47
43021.37
43038.13
43054.80
43071.47
43088.23
43104.91
43121.91
43138.84
43155.82
43172.68
43189.39
43206.09
43222.99
43239.82
43256.82
43273.89
43290.86
43307.86
43324.65
43341.51
43358.38
43375.32
43392.46
43409.52
43426.71
43443.75
43460.61
43477.51
43494.54
43511.52
43528.83
43545.96
43563.21
43580.32
43597.36
43614.29
43631.50
43648.55
43665.97
43683.12
43700.40
43717.73
43734.82
43751.86
43769.17
43786.34
43803.66
43821.05
43838.51
43855.84
43873.02
43890.22
43907.38
43924.75
43942.30
43959.72
43977.28
43994.65
44011.95
44029.11
44046.58
44063.96
44081.50
44099.11
44116.66
44134.18
44151.60
44168.96
44186.36
44203.84
44221.55
44239.25
44256.79
44274.50
44292.02
44309.46
44327.01
44344.59
44362.50
44380.16
44397.98
44415.70
44433.16
44450.76
44468.50
44486.12
44504.04
44521.90
44539.67
44557.55
44575.22
44592.74
44610.60
44628.37
44646.44
44664.32
44682.35
44700.09
44717.86
44735.62
44753.47
44771.38
44789.48
44807.44
44825.64
44843.55
44861.39
44879.21
44897.26
44915.22
44933.48
44951.61
44969.80
44987.95
45005.88
45023.77
45041.89
45060.00
45078.20
45096.52
45114.82
45132.87
45151.06
45169.04
45187.25
45205.33
45223.84
45242.15
45260.56
45278.84
45297.05
45315.11
45333.32
45351.59
45370.21
45388.63
45407.18
45425.50
45443.80
45461.81
45480.34
45498.82
45517.41
45535.93
45554.56
45573.03
45591.34
45609.79
45628.31
45646.82
45665.55
45684.13
45702.84
45721.43
45739.88
45758.35
45776.97
45795.66
45814.41
45833.19
45852.07
45870.70
45889.32
45907.84
45926.61
45945.24
45964.18
45983.03
46002.04
46020.77
46039.45
46058.21
46076.97
46095.73
46114.80
46133.84
46152.79
46171.78
46190.55
46209.23
46228.24
46247.25
46266.37
46285.39
46304.65
46323.64
46342.46
46361.39
46380.51
46399.55
46418.90
46438.06
46457.33
46476.43
46495.47
46514.47
46533.65
46552.63
46572.09
46591.39
46610.82
46630.11
46649.14
46668.31
46687.54
46706.80
46726.37
46745.78
46765.22
46784.63
46803.91
46823.16
46842.54
46861.94
46881.57
46901.14
46920.79
46940.12
46959.48
46978.89
46998.41
47017.84
47037.66
47057.35
47077.11
47096.70
47116.02
47135.54
47155.23
47174.79
47194.65
47214.46
47234.27
47254.04
47273.63
47293.24
47312.96
47332.54
47352.60
47372.54
47392.52
47412.42
47432.02
47451.89
47471.59
47491.46
47511.69
47531.66
47551.79
47571.80
47591.55
47611.39
47631.43
47651.35
47671.59
47691.76
47711.89
47732.10
47752.00
47772.00
47792.08
47812.20
47832.61
47852.81
47873.10
47893.41
47913.38
47933.44
47953.75
47974.01
47994.33
48014.79
48035.35
48055.70
48075.85
48096.10
48116.30
48136.75
48157.35
48177.87
48198.54
48219.05
48239.31
48259.59
48280.19
48300.54
48321.40
48342.00
48362.77
48383.35
48403.86
48424.32
48444.85
48465.51
48486.30
48507.09
48528.05
48548.70
48569.31
48589.88
48610.63
48631.31
48652.36
48673.16
48694.26
48714.97
48735.86
48756.57
48777.45
48798.30
48819.46
48840.46
48861.64
48882.56
48903.48
48924.29
48945.33
48966.37
48987.46
49008.71
49030.14
49051.19
49072.20
49093.11
49114.30
49135.34
49156.76
49178.07
49199.50
49220.77
49241.78
49262.94
49284.30
49305.43
49327.09
49348.51
49370.06
49391.52
49412.68
49433.91
49455.45
49476.80
49498.56
49520.12
49541.77
49563.33
49584.71
49606.11
49627.55
49649.17
49670.88
49692.74
49714.59
49736.22
49757.66
49779.17
49800.95
49822.71
49844.60
49866.40
49888.46
49910.20
49931.88
49953.60
49975.34
49997.13
50019.38
50041.37
50063.35
50085.38
50107.25
50129.06
50151.18
50173.14
50195.27
50217.55
50239.73
50261.80
50283.81
50305.85
50327.96
50350.10
50372.55
50394.80
50417.16
50439.33
50461.56
50483.56
50505.91
50528.25
50550.68
50573.14
50595.78
50618.16
50640.43
50662.63
50685.19
50707.53
50730.26
50753.01
50775.59
50798.16
50820.70
50842.95
50865.68
50888.19
50911.09
50933.83
50956.58
50979.34
51002.05
51024.57
51047.35
51069.86
51092.99
51115.96
51138.79
51161.84
51184.60
51207.29
51230.16
51253.13
51276.24
51299.20
51322.49
51345.59
51368.40
51391.24
51414.43
51437.40
51460.78
51484.02
51507.45
51530.51
51553.50
51576.57
51599.81
51623.05
51646.60
51669.96
51693.50
51716.72
51740.02
51763.18
51786.68
51809.97
51833.57
51857.19
51880.86
51904.48
51927.75
51951.20
51974.74
51998.30
52022.05
52045.95
52069.79
52093.44
52116.97
52140.46
52164.21
52188.06
52211.93
52235.86
52259.95
52283.68
52307.48
52331.18
52354.91
52378.84
52402.98
52427.20
52451.30
52475.39
52499.31
52523.14
52547.23
52571.07
52595.54
52619.76
52644.10
52668.49
52692.60
52716.63
52740.82
52765.01
52789.66
52814.04
52838.65
52862.98
52887.15
52911.43
52935.75
52960.30
52984.95
53009.59
53034.38
53058.86
53083.27
53107.69
53132.36
53156.80
53181.84
53206.59
53231.47
53256.25
53280.73
53305.36
53330.21
53354.86
53380.07
53405.07
53430.24
53455.05
53479.84
53504.66
53529.54
53554.62
53579.82
53605.00
53630.30
53655.43
53680.41
53705.28
53730.40
53755.63
53780.93
53806.44
53831.87
53857.18
53882.43
53907.50
53932.89
53958.24
53983.90
54009.53
54035.15
54060.72
54086.05
54111.39
54136.95
54162.45
54188.26
54214.05
54239.90
54265.52
54291.12
54316.62
54342.29
54368.18
54394.23
54420.18
54446.09
54472.29
54497.79
54523.55
54549.60
54575.44
54601.82
54627.88
54654.29
54680.27
54706.26
54732.29
54758.20
54784.41
54810.87
54837.36
54863.78
54890.14
54916.25
54942.37
54968.77
54995.07
55021.72
55048.38
55075.03
55101.55
55127.81
55154.26
55180.85
55207.30
55234.37
55261.13
55288.05
55314.87
55341.33
55367.81
55394.68
55421.39
55448.57
55475.57
55502.78
55529.67
55556.40
55583.07
55610.00
55637.21
55664.48
55691.73
55719.10
55746.29
55773.18
55800.31
55827.50
55854.64
55882.33
55909.76
55937.29
55964.74
55991.96
56019.21
56046.68
56073.91
56101.78
56129.63
56157.34
56184.90
56212.41
56239.82
56267.32
56295.15
56323.04
56351.09
56379.11
56406.88
56434.66
56462.21
56490.17
56518.21
56546.43
56574.48
56602.72
56630.88
56658.84
56686.64
56714.83
56743.03
56771.41
56799.82
56828.34
56856.70
56884.64
56912.90
56941.27
56969.55
56998.40
57027.07
57055.83
57084.39
57112.83
57141.06
57169.78
57198.40
57227.38
57256.17
57285.20
57314.06
57342.73
57371.20
57400.16
57429.06
57458.11
57487.37
57516.52
57545.62
57574.52
57603.39
57632.46
57661.59
57691.13
57720.52
57750.01
57779.34
57808.43
57837.63
57867.03
57896.41
57926.07
57955.73
57985.45
58015.02
58044.49
58073.85
58103.39
58133.04
58163.09
58193.01
58222.89
58252.79
58282.49
58312.09
58342.05
58371.92
58402.20
58432.37
58462.89
58493.00
58522.88
58552.73
58582.91
58613.03
58643.60
58674.03
58704.60
58735.11
58765.29
58795.31
58825.81
58856.37
58887.13
58917.76
58948.65
58979.33
59009.79
59040.22
59071.09
59101.95
59132.89
59163.93
59195.15
59225.94
59256.87
59287.57
59318.68
59349.72
59381.10
59412.23
59443.82
59475.00
59506.04
59537.12
59568.46
59599.67
59631.48
59663.13
59694.89
59726.46
59757.71
59789.05
59820.76
59852.31
59884.23
59916.26
59948.27
59980.29
60011.94
60043.47
60075.39
60107.29
60139.65
60171.83
60204.32
60236.41
60268.30
60300.31
60332.42
60364.88
60397.60
60429.95
60462.68
60495.26
60527.50
60559.66
60592.37
60624.80
60657.62
60690.67
60723.46
60756.49
60789.11
60821.52
60854.57
60887.36
60920.54
60953.85
60987.29
61020.36
61053.32
61086.32
61119.41
61152.75
61186.40
61219.78
61253.61
61287.08
61320.40
61353.45
61386.99
61420.64
61454.53
61488.50
61522.30
61556.15
61589.81
61623.46
61657.55
61691.32
61725.77
61759.96
61794.24
61828.50
61862.51
61896.34
61930.69
61964.86
61999.59
62034.12
62068.95
62103.30
62137.49
62171.73
62206.66
62241.37
62276.54
62311.46
62346.38
62381.29
62416.14
62450.80
62485.87
62520.83
62556.17
62591.43
62626.84
62662.27
62697.23
62732.41
62767.80
62803.07
62838.87
62874.51
62910.64
62946.15
62981.84
63017.11
63053.00
63088.59
63124.85
63161.05
63197.46
63233.35
63269.14
63304.89
63341.19
63377.22
63414.00
63450.39
63487.15
63523.68
63559.95
63596.15
63632.64
63669.37
63706.41
63743.44
63780.49
63817.33
63854.02
63890.65
63927.53
63964.54
64001.89
64039.32
64076.93
64114.02
64151.39
64188.52
64225.98
64263.37
64301.12
64339.20
64377.05
64414.70
64452.19
64489.80
64527.65
64565.49
64603.86
64642.03
64680.61
64718.82
64756.86
64794.77
64833.18
64871.54
64910.39
64948.98
64987.88
65026.61
65064.96
65103.32
65142.30
65181.03
65220.34
65259.55
65298.99
65338.19
65376.81
65415.77
65455.06
65494.54
65534.25
65573.82
65613.79
65653.39
65692.94
65732.33
65771.91
65811.48
65852.02
65892.24
65932.45
65972.75
66012.52
66052.34
66092.68
66132.92
66174.05
66214.59
66255.43
66296.27
66336.56
66377.04
66417.93
66458.52
66499.93
66541.24
66582.73
66623.74
66664.63
66705.49
66746.88
66788.43
66830.27
66872.16
66914.05
66955.84
66997.30
67038.79
67080.63
67122.48
67164.89
67207.04
67249.93
67292.13
67334.26
67376.36
67418.83
67461.13
67504.42
67547.41
67590.48
67633.41
67675.95
67718.62
67761.59
67804.59
67848.34
67891.68
67935.58
67978.85
68022.38
68065.58
68109.36
68153.04
68197.27
68241.37
68285.80
68329.73
68373.60
68417.44
68461.71
68506.07
68550.92
68595.73
68640.76
68685.52
68730.20
68774.57
68819.67
68864.57
68910.11
68955.46
69001.11
69046.39
69091.77
69136.66
69182.46
69228.00
69274.31
69320.59
69366.95
69412.95
69458.89
69504.57
69551.09
69597.39
69644.35
69691.11
69738.21
69784.91
69831.61
69878.16
69925.14
69972.25
70019.95
70067.52
70115.27
70162.70
70210.18
70257.18
70305.21
70353.12
70401.54
70449.75
70498.35
70546.69
70594.87
70642.87
70691.61
70740.18
70789.20
70838.38
70887.77
70936.57
70985.62
71034.39
71083.94
71132.97
71183.41
71233.54
71283.47
71333.49
71383.25
71432.90
71483.17
71533.30
71584.17
71634.77
71686.07
71736.74
71787.34
71837.80
71889.01
71940.12
71991.86
72043.64
72095.44
72147.01
72198.57
72250.17
72301.86
72353.91
72406.72
72459.30
72512.17
72564.88
72617.35
72669.71
72722.57
72775.28
72828.91
72882.56
72936.56
72990.00
73043.41
73096.63
73150.45
73204.65
73259.20
73313.74
73368.91
73423.52
73477.64
73531.87
73586.88
73641.65
73697.48
73753.02
73809.19
73864.86
73920.14
73975.48
74031.26
74087.59
74144.43
74200.98
74258.10
74314.68
74371.44
74427.87
74484.72
74542.36
74600.32
74657.98
74716.09
74774.20
74831.79
74889.47
74947.77
75006.20
75065.23
75124.33
75183.96
75242.82
75301.85
75360.77
75420.27
75479.68
75540.33
75600.53
75661.25
75721.62
75781.90
75841.75
75902.39
75963.60
76025.43
76087.20
76149.12
76211.02
76272.56
76333.98
76396.40
76458.42
76521.52
76584.81
76648.27
76711.15
76774.07
76837.19
76900.91
76964.33
77029.23
77093.70
77158.83
77223.61
77287.87
77352.22
77417.42
77482.93
77548.94
77614.76
77681.70
77747.68
77814.02
77879.98
77946.87
78013.45
78081.09
78149.02
78217.30
78285.44
78353.45
78421.02
78489.68
78558.21
78627.84
78697.63
78767.59
78837.23
78906.62
78976.28
79046.95
79117.40
79189.25
79260.42
79332.61
79404.19
79475.36
79547.30
79619.46
79692.14
79765.19
79839.40
79912.91
79986.66
80060.09
80133.86
80208.55
80283.23
80358.80
80434.40
80510.66
80586.46
80662.18
80738.29
80814.94
80892.05
80970.20
81047.94
81126.87
81205.23
81283.11
81361.24
81440.70
81520.30
81600.60
81681.54
81762.72
81843.49
81923.83
82005.09
82087.00
82169.46
82252.68
82335.37
82419.89
82503.61
82587.05
82670.61
82755.94
82840.75
82926.73
83013.09
83099.99
83187.20
83273.92
83360.05
83448.56
83536.69
83626.57
83715.82
83806.39
83896.60
83986.62
84076.70
84168.38
84260.11
84353.38
84446.48
84540.09
84634.17
84728.59
84822.55
84917.58
85013.04
85110.21
85207.64
85305.83
85404.05
85501.65
85599.79
85699.24
85799.17
85900.98
86002.58
86105.61
86208.55
86310.70
86412.91
86517.80
86622.85
86729.17
86836.67
86944.51
87052.27
87160.81
87268.87
87379.11
87489.59
87602.02
87714.55
87828.74
87943.27
88057.15
88171.88
88287.70
88405.34
88524.89
88643.60
88765.07
88886.06
89007.19
89129.23
89253.14
89377.39
89503.99
89631.79
89760.75
89890.57
90020.53
90150.24
90282.69
90416.70
90552.59
90690.75
90828.32
90968.78
91108.82
91249.90
91392.23
91537.04
91685.62
91834.76
91986.69
92137.70
92290.71
92445.67
92603.49
92762.40
92924.91
93089.90
93257.87
93426.38
93596.08
93768.07
93944.32
94122.20
94305.24
94490.38
94679.63
94870.70
95063.68
95260.23
95461.48
95667.84
95878.81
96094.25
96317.34
96542.44
96770.55
97007.02
97250.66
97502.27
97761.78
98027.45
98310.66
98598.96
98897.51
99208.40
99537.07
99885.33
100257.85
100655.63
101089.38
101572.74
102121.08
102777.95
103661.35
