32199.43
32581.52
32817.39
33008.51
33177.79
33333.72
33477.40
33608.50
33731.64
33849.43
50124.79
50131.18
50137.59
50143.95
50150.40
50156.79
50163.05
50169.41
50175.74
50182.11
50188.50
50194.96
50201.41
50207.77
50214.14
50220.43
50226.80
50233.20
50239.63
50246.05
50252.51
50258.95
50265.26
50271.60
50277.95
50284.39
50290.82
50297.30
50303.73
50310.16
50316.52
50322.86
50329.21
50335.64
50342.14
50348.60
50355.04
50361.52
50367.86
50374.21
50380.64
50387.05
50393.55
50400.02
50406.55
50412.95
50419.35
50425.70
50432.11
50438.55
50445.06
50451.56
50458.08
50464.53
50470.93
50477.33
50483.77
50490.23
50496.70
50503.21
50509.74
50516.24
50522.63
50529.05
50535.47
50541.97
50548.46
50554.97
50561.52
50568.06
50574.47
50580.88
50587.31
50593.84
50600.36
50606.87
50613.45
50619.96
50626.38
50632.84
50639.32
50645.75
50652.32
50658.93
50665.46
50672.01
50678.47
50684.88
50691.36
50697.93
50704.48
50711.04
50717.63
50724.17
50730.64
50737.10
50743.62
50750.16
50756.73
50763.27
50769.91
50776.46
50782.90
50789.43
50795.94
50802.50
50809.08
50815.68
50822.28
50828.87
50835.36
50841.85
50848.36
50854.92
50861.57
50868.16
50874.79
50881.35
50887.90
50894.37
50900.95
50907.54
50914.14
50920.77
50927.40
50934.02
50940.50
50947.06
50953.59
50960.21
50966.83
50973.46
50980.11
50986.77
50993.30
50999.84
51006.39
51013.01
51019.67
51026.31
51032.99
51039.66
51046.18
51052.76
51059.32
51065.94
51072.63
51079.27
51085.97
51092.61
51099.20
51105.76
51112.36
51118.96
51125.68
51132.38
51139.06
51145.73
51152.32
51158.87
51165.53
51172.14
51178.87
51185.59
51192.27
51198.95
51205.54
51212.14
51218.75
51225.46
51232.17
51238.89
51245.63
51252.32
51258.88
51265.55
51272.17
51278.89
51285.62
51292.36
51299.09
51305.79
51312.44
51319.04
51325.68
51332.41
51339.09
51345.89
51352.68
51359.38
51366.02
51372.65
51379.32
51386.09
51392.85
51399.59
51406.38
51413.11
51419.73
51426.42
51433.13
51439.84
51446.62
51453.37
51460.20
51466.98
51473.63
51480.33
51486.95
51493.72
51500.55
51507.33
51514.18
51520.89
51527.59
51534.28
51541.01
51547.80
51554.59
51561.43
51568.23
51575.02
51581.71
51588.41
51595.14
51601.95
51608.77
51615.52
51622.43
51629.21
51635.94
51642.61
51649.41
51656.15
51663.04
51669.89
51676.74
51683.54
51690.27
51697.04
51703.79
51710.59
51717.45
51724.27
51731.14
51738.01
51744.75
51751.52
51758.28
51765.10
51771.99
51778.81
51785.72
51792.55
51799.36
51806.12
51812.94
51819.73
51826.63
51833.52
51840.43
51847.33
51854.04
51860.87
51867.66
51874.51
51881.40
51888.29
51895.26
51902.08
51908.96
51915.71
51922.54
51929.43
51936.34
51943.28
51950.22
51957.08
51963.91
51970.70
51977.57
51984.45
51991.37
51998.30
52005.27
52012.18
52018.96
52025.86
52032.68
52039.62
52046.54
52053.51
52060.50
52067.41
52074.26
52081.08
52088.01
52094.88
52101.86
52108.84
52115.82
52122.73
52129.59
52136.50
52143.38
52150.30
52157.27
52164.30
52171.22
52178.21
52185.08
52191.98
52198.89
52205.80
52212.82
52219.86
52226.84
52233.79
52240.72
52247.61
52254.51
52261.52
52268.51
52275.54
52282.53
52289.51
52296.42
52303.35
52310.30
52317.28
52324.31
52331.35
52338.41
52345.36
52352.34
52359.23
52366.16
52373.16
52380.25
52387.29
52394.36
52401.37
52408.32
52415.25
52422.21
52429.24
52436.28
52443.36
52450.48
52457.52
52464.43
52471.39
52478.35
52485.43
52492.51
52499.60
52506.72
52513.77
52520.68
52527.68
52534.69
52541.72
52548.84
52555.94
52563.07
52570.14
52577.04
52584.11
52591.11
52598.16
52605.30
52612.39
52619.54
52626.63
52633.64
52640.63
52647.70
52654.77
52661.88
52669.01
52676.18
52683.32
52690.32
52697.30
52704.38
52711.48
52718.61
52725.76
52732.95
52740.09
52747.06
52754.13
52761.21
52768.32
52775.48
52782.65
52789.86
52796.93
52804.02
52811.03
52818.12
52825.31
52832.46
52839.66
52846.84
52854.00
52861.10
52868.14
52875.22
52882.38
52889.60
52896.79
52904.02
52911.20
52918.24
52925.38
52932.46
52939.66
52946.86
52954.08
52961.31
52968.51
52975.60
52982.70
52989.84
52997.00
53004.22
53011.46
53018.70
53025.93
53033.06
53040.18
53047.32
53054.53
53061.76
53069.04
53076.29
53083.44
53090.63
53097.79
53104.97
53112.20
53119.39
53126.68
53133.97
53141.20
53148.38
53155.53
53162.71
53169.95
53177.20
53184.53
53191.84
53199.09
53206.29
53213.43
53220.65
53227.89
53235.19
53242.49
53249.82
53257.09
53264.26
53271.46
53278.70
53285.95
53293.26
53300.57
53307.93
53315.24
53322.43
53329.62
53336.86
53344.16
53351.46
53358.86
53366.20
53373.52
53380.70
53387.93
53395.20
53402.47
53409.86
53417.19
53424.56
53431.89
53439.12
53446.40
53453.65
53460.93
53468.32
53475.70
53483.06
53490.46
53497.67
53504.89
53512.26
53519.53
53526.96
53534.34
53541.78
53549.11
53556.39
53563.67
53571.00
53578.34
53585.72
53593.15
53600.59
53607.94
53615.21
53622.54
53629.82
53637.23
53644.63
53652.07
53659.53
53666.94
53674.19
53681.50
53688.86
53696.28
53703.66
53711.14
53718.59
53726.02
53733.30
53740.67
53748.05
53755.46
53762.87
53770.36
53777.84
53785.28
53792.60
53799.96
53807.35
53814.77
53822.23
53829.71
53837.21
53844.66
53852.02
53859.38
53866.77
53874.21
53881.70
53889.20
53896.76
53904.20
53911.60
53918.98
53926.38
53933.84
53941.34
53948.87
53956.39
53963.88
53971.26
53978.67
53986.04
53993.59
54001.11
54008.66
54016.21
54023.72
54031.16
54038.57
54046.02
54053.48
54061.05
54068.60
54076.18
54083.68
54091.11
54098.55
54106.02
54113.56
54121.07
54128.67
54136.27
54143.82
54151.21
54158.71
54166.19
54173.71
54181.29
54188.93
54196.53
54204.06
54211.53
54218.98
54226.45
54234.07
54241.68
54249.27
54256.89
54264.46
54271.91
54279.45
54286.97
54294.51
54302.13
54309.77
54317.43
54325.05
54332.54
54340.06
54347.57
54355.14
54362.79
54370.41
54378.11
54385.71
54393.22
54400.78
54408.35
54415.95
54423.59
54431.26
54438.96
54446.57
54454.12
54461.68
54469.18
54476.85
54484.54
54492.21
54499.93
54507.57
54515.14
54522.71
54530.30
54537.96
54545.64
54553.35
54561.04
54568.75
54576.33
54583.88
54591.51
54599.21
54606.89
54614.62
54622.36
54630.04
54637.62
54645.24
54652.91
54660.54
54668.33
54676.05
54683.79
54691.51
54699.14
54706.78
54714.38
54722.10
54729.82
54737.63
54745.39
54753.11
54760.75
54768.39
54776.07
54783.79
54791.56
54799.33
54807.10
54814.88
54822.50
54830.16
54837.89
54845.55
54853.41
54861.14
54869.01
54876.78
54884.46
54892.15
54899.84
54907.59
54915.42
54923.23
54931.06
54938.84
54946.52
54954.20
54961.95
54969.71
54977.54
54985.33
54993.26
55001.05
55008.77
55016.49
55024.23
55032.02
55039.89
55047.70
55055.55
55063.41
55071.14
55078.84
55086.61
55094.47
55102.35
55110.18
55118.11
55125.96
55133.68
55141.45
55149.24
55157.06
55164.89
55172.81
55180.80
55188.61
55196.37
55204.14
55211.98
55219.82
55227.72
55235.65
55243.59
55251.45
55259.24
55267.02
55274.88
55282.75
55290.70
55298.59
55306.61
55314.49
55322.26
55330.12
55337.91
55345.79
55353.77
55361.73
55369.73
55377.63
55385.44
55393.29
55401.18
55409.04
55417.02
55425.02
55432.98
55440.87
55448.76
55456.63
55464.50
55472.47
55480.43
55488.43
55496.48
55504.39
55512.28
55520.14
55528.04
55536.00
55543.96
55552.00
55560.11
55568.02
55575.92
55583.78
55591.74
55599.69
55607.74
55615.76
55623.79
55631.84
55639.69
55647.54
55655.54
55663.54
55671.60
55679.66
55687.73
55695.72
55703.72
55711.63
55719.60
55727.60
55735.68
55743.74
55751.81
55759.87
55767.83
55775.75
55783.73
55791.79
55799.89
55807.98
55816.11
55824.16
55832.13
55840.06
55848.06
55856.13
55864.29
55872.42
55880.51
55888.60
55896.59
55904.54
55912.60
55920.70
55928.84
55936.95
55945.12
55953.24
55961.21
55969.24
55977.29
55985.39
55993.55
56001.66
56009.83
56017.97
56026.01
56034.02
56042.16
56050.25
56058.39
56066.55
56074.75
56082.89
56090.95
56099.04
56107.07
56115.28
56123.43
56131.63
56139.86
56148.05
56156.06
56164.18
56172.29
56180.46
56188.60
56196.86
56205.09
56213.30
56221.36
56229.48
56237.60
56245.79
56253.99
56262.18
56270.53
56278.71
56286.82
56294.94
56303.12
56311.28
56319.51
56327.78
56336.12
56344.34
56352.43
56360.56
56368.75
56376.98
56385.28
56393.50
56401.82
56410.09
56418.22
56426.34
56434.61
56442.86
56451.14
56459.45
56467.76
56476.02
56484.20
56492.37
56500.60
56508.81
56517.19
56525.53
56533.90
56542.17
56550.36
56558.55
56566.78
56575.08
56583.39
56591.75
56600.14
56608.43
56616.69
56624.93
56633.07
56641.43
56649.80
56658.18
56666.56
56674.90
56683.13
56691.37
56699.66
56707.96
56716.37
56724.73
56733.17
56741.55
56749.81
56758.04
56766.33
56774.69
56783.05
56791.46
56799.97
56808.33
56816.60
56824.86
56833.21
56841.57
56849.98
56858.44
56866.86
56875.28
56883.58
56891.89
56900.25
56908.56
56917.10
56925.54
56934.05
56942.45
56950.75
56959.09
56967.48
56975.87
56984.32
56992.84
57001.36
57009.76
57018.08
57026.47
57034.87
57043.33
57051.74
57060.29
57068.85
57077.30
57085.57
57094.05
57102.41
57110.88
57119.42
57127.95
57136.49
57144.96
57153.37
57161.80
57170.19
57178.71
57187.21
57195.79
57204.30
57212.88
57221.26
57229.68
57238.11
57246.62
57255.18
57263.77
57272.39
57280.93
57289.32
57297.78
57306.23
57314.73
57323.38
57331.95
57340.57
57349.13
57357.55
57366.04
57374.54
57383.03
57391.65
57400.30
57408.96
57417.49
57425.97
57434.48
57443.00
57451.58
57460.19
57468.84
57477.50
57486.13
57494.57
57503.11
57511.64
57520.23
57528.86
57537.55
57546.25
57554.89
57563.38
57571.94
57580.52
57589.12
57597.79
57606.41
57615.16
57623.84
57632.36
57640.93
57649.46
57658.16
57666.85
57675.59
57684.29
57692.97
57701.48
57710.07
57718.73
57727.36
57736.09
57744.84
57753.58
57762.30
57770.88
57779.45
57788.09
57796.82
57805.54
57814.31
57823.03
57831.81
57840.41
57849.04
57857.67
57866.36
57875.19
57883.91
57892.75
57901.49
57910.15
57918.74
57927.43
57936.18
57945.00
57953.80
57962.60
57971.36
57980.05
57988.69
57997.39
58006.21
58015.01
58023.84
58032.66
58041.44
58050.12
58058.78
58067.57
58076.32
58085.17
58094.04
58102.89
58111.65
58120.41
58129.12
58137.84
58146.62
58155.49
58164.38
58173.29
58182.17
58190.88
58199.63
58208.39
58217.22
58226.11
58234.95
58243.95
58252.84
58261.53
58270.32
58279.09
58287.97
58296.87
58305.79
58314.77
58323.61
58332.36
58341.13
58349.99
58358.89
58367.83
58376.71
58385.76
58394.67
58403.48
58412.28
58421.09
58430.05
58438.96
58447.96
58456.94
58465.88
58474.66
58483.50
58492.39
58501.36
58510.31
58519.31
58528.36
58537.33
58546.11
58555.00
58563.85
58572.85
58581.88
58590.86
58599.95
58608.93
58617.78
58626.65
58635.63
58644.57
58653.59
58662.60
58671.70
58680.74
58689.61
58698.52
58707.46
58716.46
58725.54
58734.64
58743.68
58752.69
58761.56
58770.55
58779.52
58788.54
58797.65
58806.71
58815.85
58824.84
58833.80
58842.73
58851.79
58860.83
58869.95
58879.05
58888.23
58897.24
58906.22
58915.24
58924.27
58933.35
58942.49
58951.59
58960.77
58969.87
58978.89
58987.87
58996.91
59006.04
59015.18
59024.35
59033.56
59042.64
59051.71
59060.73
59069.83
59078.97
59088.12
59097.35
59106.57
59115.70
59124.76
59133.77
59142.90
59152.05
59161.27
59170.51
59179.74
59188.95
59197.93
59207.03
59216.14
59225.34
59234.54
59243.84
59253.12
59262.29
59271.39
59280.48
59289.62
59298.87
59308.09
59317.40
59326.68
59335.94
59345.02
59354.16
59363.35
59372.55
59381.82
59391.14
59400.43
59409.71
59418.84
59427.99
59437.20
59446.47
59455.76
59465.13
59474.45
59483.73
59492.91
59502.09
59511.29
59520.54
59529.89
59539.28
59548.69
59557.97
59567.17
59576.34
59585.61
59594.86
59604.27
59613.67
59623.08
59632.38
59641.59
59650.82
59660.12
59669.37
59678.86
59688.23
59697.66
59707.05
59716.26
59725.55
59734.86
59744.22
59753.66
59763.03
59772.51
59781.89
59791.13
59800.47
59809.80
59819.14
59828.63
59838.05
59847.55
59856.99
59866.24
59875.60
59884.93
59894.36
59903.81
59913.31
59922.79
59932.16
59941.54
59950.91
59960.27
59969.69
59979.18
59988.73
59998.26
60007.73
60017.02
60026.41
60035.81
60045.30
60054.79
60064.31
60073.90
60083.36
60092.79
60102.17
60111.61
60121.07
60130.63
60140.18
60149.80
60159.30
60168.71
60178.05
60187.61
60197.11
60206.63
60216.27
60225.88
60235.41
60244.82
60254.30
60263.80
60273.35
60282.89
60292.59
60302.20
60311.79
60321.21
60330.66
60340.22
60349.79
60359.46
60369.07
60378.77
60388.37
60397.84
60407.36
60416.86
60426.49
60436.14
60445.79
60455.52
60465.09
60474.61
60484.22
60493.77
60503.32
60513.04
60522.79
60532.46
60542.14
60551.70
60561.21
60570.79
60580.48
60590.20
60599.91
60609.69
60619.32
60628.89
60638.49
60648.16
60657.77
60667.56
60677.30
60687.07
60696.77
60706.38
60715.97
60725.63
60735.31
60745.13
60754.89
60764.70
60774.44
60784.04
60793.70
60803.36
60813.11
60822.90
60832.73
60842.55
60852.31
60861.96
60871.57
60881.27
60891.10
60900.95
60910.75
60920.67
60930.44
60940.05
60949.78
60959.52
60969.35
60979.22
60989.05
60998.94
61008.80
61018.46
61028.24
61037.98
61047.79
61057.69
61067.59
61077.50
61087.35
61097.06
61106.84
61116.64
61126.41
61136.40
61146.33
61156.28
61166.15
61175.88
61185.72
61195.50
61205.38
61215.34
61225.30
61235.29
61245.15
61254.92
61264.73
61274.61
61284.55
61294.49
61304.47
61314.40
61324.43
61334.21
61344.07
61353.93
61363.87
61373.85
61383.89
61393.89
61403.90
61413.67
61423.59
61433.53
61443.50
61453.51
61463.54
61473.63
61483.60
61493.47
61503.33
61513.31
61523.31
61533.34
61543.42
61553.54
61563.52
61573.43
61583.37
61593.33
61603.38
61613.48
61623.57
61633.71
61643.75
61653.70
61663.65
61673.61
61683.70
61693.82
61703.95
61714.09
61724.19
61734.19
61744.07
61754.13
61764.22
61774.32
61784.54
61794.73
61804.87
61814.83
61824.79
61834.89
61845.02
61855.18
61865.38
61875.63
61885.71
61895.75
61905.77
61915.87
61926.08
61936.21
61946.42
61956.72
61966.80
61976.91
61986.98
61996.96
62007.28
62017.46
62027.77
62038.07
62048.24
62058.34
62068.41
62078.54
62088.75
62099.09
62109.30
62119.64
62129.89
62139.99
62150.12
62160.32
62170.49
62180.82
62191.11
62201.41
62211.73
62221.90
62231.96
62242.20
62252.53
62262.82
62273.11
62283.61
62293.86
62303.98
62314.24
62324.49
62334.73
62345.16
62355.52
62365.91
62376.20
62386.49
62396.64
62406.93
62417.26
62427.66
62438.02
62448.51
62458.87
62469.05
62479.32
62489.64
62499.89
62510.38
62520.83
62531.33
62541.69
62551.94
62562.26
62572.59
62582.95
62593.41
62603.88
62614.36
62624.80
62635.04
62645.43
62655.76
62666.18
62676.67
62687.14
62697.69
62708.17
62718.50
62728.75
62739.19
62749.69
62760.15
62770.71
62781.23
62791.73
62802.09
62812.49
62822.84
62833.38
62843.89
62854.43
62865.08
62875.61
62885.94
62896.39
62906.91
62917.30
62927.97
62938.46
62949.14
62959.70
62970.12
62980.57
62991.02
63001.59
63012.21
63022.87
63033.51
63044.06
63054.55
63065.03
63075.54
63086.10
63096.78
63107.39
63118.13
63128.70
63139.21
63149.70
63160.27
63170.83
63181.54
63192.19
63202.99
63213.62
63224.07
63234.57
63245.17
63255.83
63266.57
63277.26
63288.01
63298.66
63309.17
63319.81
63330.44
63341.11
63351.82
63362.57
63373.38
63384.11
63394.69
63405.22
63415.92
63426.57
63437.36
63448.14
63459.03
63469.68
63480.36
63490.98
63501.69
63512.39
63523.21
63534.05
63544.88
63555.66
63566.27
63576.96
63587.69
63598.49
63609.29
63620.13
63631.08
63641.85
63652.55
63663.26
63673.93
63684.80
63695.65
63706.51
63717.44
63728.31
63738.96
63749.67
63760.49
63771.34
63782.21
63793.17
63804.13
63814.97
63825.74
63836.56
63847.29
63858.22
63869.11
63880.05
63891.07
63901.95
63912.77
63923.53
63934.37
63945.32
63956.26
63967.27
63978.28
63989.20
64000.01
64010.84
64021.73
64032.59
64043.68
64054.71
64065.77
64076.72
64087.60
64098.45
64109.32
64120.30
64131.40
64142.37
64153.47
64164.59
64175.40
64186.34
64197.22
64208.25
64219.29
64230.45
64241.55
64252.62
64263.53
64274.40
64285.45
64296.45
64307.54
64318.63
64329.87
64340.93
64351.89
64362.82
64373.85
64384.90
64396.04
64407.25
64418.44
64429.52
64440.51
64451.55
64462.53
64473.68
64484.86
64496.03
64507.24
64518.39
64529.45
64540.43
64551.54
64562.69
64573.89
64585.15
64596.34
64607.60
64618.57
64629.66
64640.82
64651.96
64663.22
64674.50
64685.80
64696.98
64708.11
64719.22
64730.36
64741.56
64752.77
64764.20
64775.50
64786.74
64797.84
64809.00
64820.17
64831.48
64842.76
64854.13
64865.46
64876.80
64887.93
64899.06
64910.34
64921.63
64932.97
64944.28
64955.73
64967.05
64978.22
64989.40
65000.76
65012.03
65023.45
65034.86
65046.29
65057.61
65068.90
65080.14
65091.45
65102.79
65114.16
65125.68
65137.21
65148.53
65159.74
65171.07
65182.34
65193.80
65205.24
65216.73
65228.27
65239.70
65250.98
65262.28
65273.64
65285.09
65296.64
65308.11
65319.67
65331.14
65342.40
65353.76
65365.20
65376.70
65388.22
65399.77
65411.40
65422.91
65434.19
65445.65
65457.11
65468.63
65480.20
65491.77
65503.43
65514.96
65526.30
65537.72
65549.25
65560.79
65572.38
65584.02
65595.70
65607.20
65618.74
65630.18
65641.71
65653.31
65664.97
65676.60
65688.33
65699.94
65711.41
65722.79
65734.40
65746.06
65757.76
65769.47
65781.18
65792.82
65804.30
65815.89
65827.49
65839.10
65850.85
65862.63
65874.41
65886.05
65897.63
65909.17
65920.80
65932.52
65944.32
65956.12
65967.91
65979.58
65991.20
66002.85
66014.45
66026.17
66038.01
66049.83
66061.71
66073.44
66085.06
66096.74
66108.49
66120.27
66132.09
66143.92
66155.84
66167.64
66179.35
66190.99
66202.73
66214.55
66226.44
66238.31
66250.27
66262.07
66273.82
66285.54
66297.30
66309.17
66321.08
66333.02
66345.02
66356.86
66368.56
66380.34
66392.22
66404.09
66416.07
66427.98
66440.03
66451.95
66463.75
66475.56
66487.38
66499.33
66511.30
66523.30
66535.38
66547.37
66559.14
66570.97
66582.89
66594.90
66606.86
66618.95
66631.02
66643.08
66654.93
66666.82
66678.71
66690.77
66702.82
66714.87
66727.02
66739.09
66751.02
66762.97
66774.80
66786.95
66799.12
66811.20
66823.44
66835.47
66847.40
66859.42
66871.35
66883.47
66895.62
66907.76
66920.03
66932.17
66944.11
66956.14
66968.22
66980.29
66992.48
67004.67
67016.98
67029.13
67041.16
67053.23
67065.25
67077.45
67089.68
67101.94
67114.22
67126.44
67138.46
67150.59
67162.73
67174.95
67187.23
67199.55
67211.86
67224.08
67236.26
67248.27
67260.54
67272.72
67285.05
67297.38
67309.82
67322.11
67334.26
67346.31
67358.55
67370.88
67383.27
67395.69
67408.06
67420.39
67432.59
67444.85
67457.05
67469.34
67481.74
67494.23
67506.66
67519.07
67531.28
67543.52
67555.88
67568.17
67580.66
67593.08
67605.63
67618.02
67630.26
67642.55
67654.90
67667.27
67679.81
67692.33
67704.85
67717.29
67729.48
67741.98
67754.34
67766.77
67779.30
67791.89
67804.45
67816.95
67829.25
67841.70
67854.13
67866.63
67879.20
67891.71
67904.38
67916.94
67929.30
67941.73
67954.27
67966.76
67979.35
67992.05
68004.66
68017.27
68029.71
68042.23
68054.70
68067.27
68079.94
68092.62
68105.39
68118.02
68130.44
68142.98
68155.39
68168.14
68180.86
68193.63
68206.20
68218.85
68231.53
68244.06
68256.65
68269.33
68282.13
68294.86
68307.63
68320.41
68332.95
68345.49
68358.18
68370.82
68383.65
68396.51
68409.35
68422.05
68434.68
68447.32
68460.00
68472.80
68485.64
68498.47
68511.41
68524.20
68536.80
68549.48
68562.22
68575.04
68587.98
68600.80
68613.73
68626.59
68639.31
68652.09
68664.78
68677.70
68690.59
68703.55
68716.46
68729.45
68742.18
68754.98
68767.76
68780.63
68793.61
68806.59
68819.63
68832.59
68845.36
68858.18
68871.06
68884.00
68897.01
68910.04
68923.14
68936.13
68948.93
68961.78
68974.71
68987.65
69000.75
69013.81
69026.98
69039.92
69052.83
69065.68
69078.71
69091.74
69104.88
69117.90
69131.09
69144.15
69157.13
69170.09
69183.08
69196.15
69209.27
69222.44
69235.70
69248.73
69261.73
69274.80
69287.80
69300.94
69314.17
69327.45
69340.70
69353.77
69366.82
69379.93
69392.98
69406.14
69419.32
69432.59
69446.02
69459.23
69472.30
69485.40
69498.53
69511.71
69525.00
69538.34
69551.70
69564.97
69578.07
69591.19
69604.40
69617.66
69630.96
69644.35
69657.73
69671.05
69684.14
69697.33
69710.67
69723.95
69737.33
69750.78
69764.22
69777.58
69790.77
69803.95
69817.33
69830.57
69844.04
69857.53
69871.08
69884.43
69897.64
69910.98
69924.36
69937.66
69951.26
69964.74
69978.28
69991.77
70005.03
70018.32
70031.72
70045.20
70058.77
70072.28
70085.81
70099.39
70112.71
70126.18
70139.57
70153.00
70166.66
70180.21
70193.91
70207.49
70220.88
70234.29
70247.75
70261.38
70274.98
70288.54
70302.23
70315.94
70329.33
70342.73
70356.23
70369.95
70383.59
70397.33
70411.09
70424.73
70438.28
70451.81
70465.26
70478.98
70492.68
70506.52
70520.27
70533.93
70547.48
70561.10
70574.76
70588.47
70602.21
70616.06
70629.91
70643.68
70657.20
70670.82
70684.49
70698.25
70712.09
70726.00
70739.94
70753.77
70767.38
70781.00
70794.73
70808.60
70822.44
70836.40
70850.27
70864.07
70877.93
70891.57
70905.38
70919.20
70933.09
70947.13
70961.14
70975.08
70988.79
71002.56
71016.31
71030.34
71044.21
71058.32
71072.34
71086.30
71100.11
71113.91
71127.87
71141.83
71155.80
71169.94
71184.01
71198.05
71211.68
71225.77
71239.68
71253.67
71267.77
71281.99
71296.17
71310.23
71324.03
71338.02
71351.98
71366.02
71380.20
71394.37
71408.64
71422.74
71436.66
71450.66
71464.70
71478.74
71493.03
71507.24
71521.52
71535.65
71549.65
71563.68
71577.80
71591.94
71606.22
71620.55
71634.81
71649.10
71663.09
71677.25
71691.27
71705.57
71719.89
71734.21
71748.63
71762.90
71777.00
71791.13
71805.34
71819.68
71833.95
71848.34
71862.80
71877.15
71891.41
71905.60
71919.77
71934.10
71948.61
71962.90
71977.49
71991.91
72006.08
72020.34
72034.55
72049.06
72063.53
72077.98
72092.58
72107.02
72121.25
72135.63
72149.91
72164.37
72178.93
72193.45
72208.13
72222.57
72236.92
72251.31
72265.59
72280.14
72294.72
72309.37
72324.10
72338.69
72352.98
72367.45
72381.88
72396.38
72411.02
72425.73
72440.38
72455.05
72469.52
72483.93
72498.52
72513.17
72527.80
72542.62
72557.43
72571.91
72586.49
72601.02
72615.61
72630.29
72645.02
72659.87
72674.66
72689.38
72703.83
72718.52
72733.25
72747.86
72762.73
72777.63
72792.37
72807.20
72821.92
72836.52
72851.12
72865.95
72880.80
72895.75
72910.73
72925.59
72940.27
72954.80
72969.63
72984.48
72999.47
73014.40
73029.38
73044.29
73058.98
73073.73
73088.49
73103.45
73118.48
73133.54
73148.64
73163.47
73178.35
73193.18
73208.04
73223.04
73238.08
73253.15
73268.32
73283.27
73298.06
73312.90
73327.93
73342.94
73358.03
73373.19
73388.38
73403.44
73418.32
73433.33
73448.28
73463.34
73478.51
73493.73
73508.99
73524.08
73539.00
73553.99
73569.05
73584.24
73599.41
73614.75
73630.05
73645.26
73660.26
73675.29
73690.38
73705.52
73720.90
73736.24
73751.59
73766.88
73781.92
73796.99
73812.24
73827.48
73842.91
73858.24
73873.71
73889.01
73904.10
73919.33
73934.59
73949.82
73965.31
73980.60
73996.23
74011.63
74026.76
74042.06
74057.41
74072.73
74088.20
74103.65
74119.20
74134.65
74149.94
74165.19
74180.58
74195.98
74211.59
74227.14
74242.73
74258.27
74273.55
74289.00
74304.38
74319.92
74335.47
74351.05
74366.73
74382.38
74397.68
74413.12
74428.70
74444.30
74459.85
74475.64
74491.41
74506.98
74522.46
74537.98
74553.48
74569.20
74584.88
74600.64
74616.45
74632.15
74647.67
74663.17
74678.85
74694.52
74710.34
74726.13
74742.04
74757.77
74773.30
74788.81
74804.47
74820.33
74836.22
74852.17
74868.06
74883.91
74899.51
74915.19
74930.88
74946.63
74962.68
74978.75
74994.73
75010.63
75026.18
75042.01
75057.80
75073.77
75089.77
75105.81
75121.88
75137.80
75153.61
75169.41
75185.27
75201.23
75217.24
75233.20
75249.53
75265.59
75281.37
75297.27
75313.28
75329.17
75345.27
75361.48
75377.74
75393.77
75409.73
75425.65
75441.64
75457.68
75474.03
75490.20
75506.51
75522.66
75538.63
75554.63
75570.68
75586.87
75603.12
75619.39
75635.80
75651.98
75668.02
75684.05
75700.31
75716.55
75732.84
75749.27
75765.69
75781.97
75798.04
75814.15
75830.34
75846.70
75863.11
75879.51
75896.04
75912.35
75928.52
75944.69
75961.04
75977.38
75993.93
76010.44
76027.00
76043.34
76059.55
76075.94
76092.25
76108.73
76125.18
76141.83
76158.48
76174.99
76191.31
76207.69
76223.97
76240.55
76257.24
76273.84
76290.53
76307.20
76323.47
76339.88
76356.45
76373.02
76389.70
76406.52
76423.27
76439.89
76456.35
76472.83
76489.39
76506.04
76522.84
76539.65
76556.52
76573.21
76589.74
76606.27
76622.91
76639.63
76656.58
76673.29
76690.27
76707.09
76723.65
76740.35
76756.98
76773.85
76790.79
76807.61
76824.67
76841.45
76858.21
76874.88
76891.73
76908.46
76925.48
76942.59
76959.59
76976.66
76993.30
77010.17
77026.98
77043.93
77061.06
77078.10
77095.28
77112.28
77129.12
77145.92
77162.88
77179.91
77197.07
77214.23
77231.45
77248.45
77265.38
77282.35
77299.41
77316.43
77333.59
77350.91
77368.25
77385.41
77402.34
77419.38
77436.46
77453.63
77470.89
77488.23
77505.62
77522.85
77539.91
77557.06
77574.20
77591.38
77608.80
77626.26
77643.73
77661.04
77678.11
77695.33
77712.59
77729.88
77747.28
77764.88
77782.30
77799.76
77816.96
77834.09
77851.47
77868.85
77886.44
77904.01
77921.62
77939.08
77956.38
77973.69
77991.01
78008.51
78026.13
78043.86
78061.41
78079.05
78096.39
78113.86
78131.35
78148.80
78166.52
78184.26
78202.09
78219.71
78237.15
78254.62
78272.23
78289.86
78307.65
78325.45
78343.34
78361.03
78378.45
78396.05
78413.70
78431.48
78449.33
78467.24
78485.19
78502.84
78520.54
78538.14
78555.87
78573.66
78591.68
78609.60
78627.53
78645.51
78663.11
78680.97
78698.70
78716.63
78734.58
78752.70
78770.76
78788.82
78806.49
78824.34
78842.23
78860.22
78878.28
78896.38
78914.73
78932.73
78950.59
78968.48
78986.43
79004.54
79022.71
79040.95
79059.20
79077.42
79095.15
79113.23
79131.25
79149.46
79167.70
79186.04
79204.29
79222.60
79240.61
79258.72
79276.85
79295.01
79313.34
79331.84
79350.33
79368.54
79386.66
79404.87
79423.09
79441.34
79459.81
79478.30
79496.77
79515.18
79533.44
79551.63
79569.94
79588.47
79606.98
79625.42
79644.20
79662.64
79680.88
79699.25
79717.59
79736.20
79754.76
79773.31
79792.19
79810.73
79829.07
79847.48
79865.98
79884.56
79903.32
79922.02
79940.85
79959.52
79977.92
79996.52
80014.91
80033.75
80052.48
80071.30
80090.31
80109.04
80127.54
80146.11
80164.85
80183.63
80202.61
80221.38
80240.45
80259.29
80278.00
80296.68
80315.34
80334.26
80353.20
80372.29
80391.25
80410.35
80429.07
80447.77
80466.61
80485.63
80504.60
80523.70
80543.02
80562.03
80580.84
80599.66
80618.58
80637.64
80656.88
80676.08
80695.34
80714.53
80733.44
80752.27
80771.30
80790.58
80809.78
80829.02
80848.55
80867.73
80886.70
80905.80
80924.98
80944.23
80963.47
80982.91
81002.45
81021.76
81040.91
81060.01
81079.27
81098.61
81118.02
81137.57
81157.08
81176.58
81195.68
81214.89
81234.27
81253.70
81273.31
81292.97
81312.63
81332.03
81351.34
81370.80
81390.13
81409.64
81429.40
81449.09
81468.87
81488.61
81507.88
81527.30
81546.75
81566.46
81586.24
81606.05
81626.01
81645.63
81665.17
81684.71
81704.30
81724.10
81743.91
81763.92
81783.80
81803.58
81823.25
81842.91
81862.55
81882.43
81902.34
81922.41
81942.49
81962.41
81982.13
82001.79
82021.68
82041.55
82061.64
82081.79
82101.94
82122.05
82141.84
82161.70
82181.60
82201.70
82221.88
82242.09
82262.40
82282.45
82302.24
82322.33
82342.34
82362.53
82382.71
82403.10
82423.52
82443.73
82463.68
82483.69
82503.92
82524.17
82544.53
82565.05
82585.45
82605.78
82625.93
82646.09
82666.30
82686.71
82707.15
82727.73
82748.43
82768.95
82789.02
82809.21
82829.59
82850.13
82870.73
82891.39
82912.11
82932.67
82953.02
82973.37
82993.86
83014.38
83035.15
83055.87
83076.72
83097.28
83117.80
83138.16
83158.89
83179.45
83200.32
83221.20
83242.21
83262.99
83283.49
83304.01
83324.78
83345.48
83366.38
83387.52
83408.55
83429.48
83450.02
83470.73
83491.51
83512.30
83533.45
83554.73
83575.89
83596.85
83617.63
83638.43
83659.34
83680.36
83701.53
83722.58
83743.95
83765.09
83786.03
83806.78
83827.93
83849.10
83870.28
83891.63
83913.07
83934.32
83955.29
83976.23
83997.55
84018.70
84040.20
84061.59
84083.12
84104.47
84125.59
84146.70
84168.05
84189.21
84210.87
84232.34
84254.16
84275.62
84296.75
84318.03
84339.45
84360.92
84382.58
84404.23
84426.02
84447.59
84468.76
84490.37
84511.79
84533.45
84555.16
84576.91
84598.88
84620.47
84642.00
84663.63
84685.18
84706.83
84728.78
84750.77
84772.73
84794.53
84816.12
84837.73
84859.46
84881.34
84903.31
84925.52
84947.60
84969.51
84991.18
85012.88
85034.66
85056.71
85078.95
85101.09
85123.28
85145.39
85167.17
85189.14
85211.07
85233.08
85255.39
85277.78
85300.12
85322.45
85344.28
85366.38
85388.45
85410.67
85433.19
85455.55
85478.01
85500.38
85522.46
85544.55
85566.77
85589.23
85611.72
85634.27
85656.89
85679.38
85701.51
85723.86
85746.12
85768.69
85791.39
85814.01
85836.79
85859.41
85881.66
85904.17
85926.66
85949.32
85972.20
85994.89
86017.84
86040.52
86063.05
86085.52
86108.15
86130.91
86153.85
86176.78
86199.86
86222.73
86245.19
86267.84
86290.68
86313.66
86336.62
86359.79
86382.80
86405.80
86428.54
86451.38
86474.38
86497.40
86520.47
86543.77
86567.15
86590.29
86613.12
86635.87
86659.09
86682.32
86705.65
86729.09
86752.49
86775.73
86798.75
86821.76
86845.03
86868.24
86891.81
86915.23
86938.84
86962.30
86985.27
87008.57
87032.02
87055.46
87079.00
87102.75
87126.41
87150.06
87173.19
87196.56
87220.13
87243.74
87267.48
87291.16
87315.11
87338.95
87362.31
87385.76
87409.35
87433.04
87456.91
87481.01
87505.07
87528.95
87552.51
87576.15
87599.83
87623.66
87647.81
87671.89
87696.02
87720.02
87743.76
87767.54
87791.45
87815.53
87839.55
87864.04
87888.25
87912.52
87936.35
87960.37
87984.37
88008.51
88032.72
88057.27
88081.88
88106.12
88130.17
88154.27
88178.43
88202.70
88227.24
88251.80
88276.47
88300.92
88325.13
88349.30
88373.68
88398.19
88422.91
88447.63
88472.29
88497.02
88521.35
88545.73
88570.21
88594.73
88619.76
88644.46
88669.59
88694.41
88718.80
88743.55
88768.04
88792.90
88817.91
88842.87
88867.97
88892.91
88917.60
88942.29
88967.17
88992.15
89017.30
89042.52
89067.76
89092.93
89117.73
89142.56
89167.64
89192.76
89217.99
89243.43
89268.88
89294.23
89319.00
89344.15
89369.31
89394.61
89420.08
89445.68
89471.23
89496.47
89521.78
89546.97
89572.29
89597.71
89623.43
89649.08
89674.94
89700.52
89725.65
89751.25
89776.72
89802.21
89828.23
89854.11
89880.07
89905.88
89931.40
89956.69
89982.57
90008.43
90034.38
90060.27
90086.59
90112.35
90138.20
90163.76
90189.67
90215.74
90241.89
90268.05
90294.41
90320.52
90346.30
90372.29
90398.30
90424.51
90450.77
90477.21
90503.85
90530.13
90555.88
90582.09
90608.33
90634.66
90661.15
90687.76
90714.52
90741.05
90767.15
90793.23
90819.80
90846.27
90873.05
90899.82
90926.68
90953.34
90979.68
91006.20
91032.77
91059.41
91086.45
91113.45
91140.49
91167.29
91193.96
91220.48
91247.31
91274.32
91301.30
91328.23
91355.57
91382.77
91409.45
91436.30
91463.12
91490.24
91517.64
91545.02
91572.34
91599.35
91626.51
91653.65
91680.68
91708.05
91735.38
91763.17
91790.67
91818.21
91845.27
91872.43
91899.88
91927.39
91955.05
91982.81
92010.71
92038.17
92065.52
92093.02
92120.54
92148.13
92176.05
92204.01
92232.09
92259.90
92287.34
92314.90
92342.80
92370.68
92398.83
92426.95
92455.27
92483.23
92511.01
92538.76
92566.80
92594.83
92622.99
92651.62
92680.03
92708.29
92736.14
92764.15
92792.22
92820.63
92849.23
92877.78
92906.39
92934.70
92963.02
92991.23
93019.45
93048.23
93077.02
93105.77
93134.63
93163.38
93191.74
93220.11
93248.73
93277.45
93306.41
93335.20
93364.52
93393.46
93422.04
93450.58
93479.29
93508.48
93537.52
93566.78
93596.26
93625.20
93654.06
93682.96
93712.07
93741.23
93770.58
93800.18
93829.66
93859.03
93888.02
93917.02
93946.35
93975.77
94005.30
94035.09
94064.82
94094.48
94123.66
94152.98
94182.60
94212.19
94242.01
94272.01
94302.02
94331.88
94361.27
94390.94
94420.58
94450.56
94480.67
94510.76
94541.18
94571.22
94600.84
94630.58
94660.55
94690.68
94720.91
94751.38
94781.85
94812.33
94842.20
94872.09
94902.55
94932.85
94963.53
94994.18
95024.92
95055.30
95085.55
95115.98
95146.34
95176.89
95207.63
95238.75
95269.55
95300.54
95330.91
95361.30
95392.22
95422.99
95454.18
95485.24
95516.64
95547.74
95578.33
95609.12
95640.13
95671.29
95702.51
95734.09
95765.58
95796.81
95827.80
95858.87
95890.17
95921.46
95953.08
95984.89
96016.78
96048.27
96079.56
96110.82
96142.29
96173.98
96205.74
96237.73
96269.97
96301.38
96333.29
96364.91
96396.65
96428.41
96460.67
96492.98
96525.30
96557.41
96589.02
96620.99
96653.04
96685.19
96717.60
96750.13
96782.84
96815.21
96847.39
96879.51
96911.75
96944.25
96976.86
97009.79
97042.63
97075.32
97107.66
97140.30
97172.68
97205.41
97238.54
97271.58
97304.76
97337.92
97370.39
97403.01
97435.98
97469.16
97502.30
97535.74
97569.37
97602.72
97635.59
97668.63
97701.78
97735.08
97768.64
97802.30
97836.29
97869.81
97903.12
97936.29
97969.64
98003.52
98037.36
98071.44
98105.60
98139.52
98173.02
98206.63
98240.41
98274.41
98308.64
98342.93
98377.39
98411.65
98445.47
98479.22
98513.18
98547.71
98582.24
98616.98
98651.77
98686.19
98720.29
98754.80
98789.12
98823.95
98858.70
98893.72
98928.77
98963.60
98998.19
99032.75
99067.48
99102.52
99137.63
99173.06
99208.33
99243.70
99278.41
99313.35
99348.38
99383.80
99419.52
99454.94
99490.97
99526.53
99561.59
99596.93
99632.34
99667.97
99703.88
99739.93
99776.16
99811.95
99847.45
99883.04
99918.96
99954.95
99991.23
100027.63
100064.34
100100.56
100136.29
100172.23
100208.47
100244.83
100281.46
100318.21
100355.12
100391.77
100427.87
100464.32
100500.66
100537.54
100574.60
100611.63
100648.90
100686.06
100722.76
100759.30
100796.22
100833.37
100870.80
100908.32
100946.11
100982.98
101020.32
101057.38
101094.65
101132.20
101170.00
101207.77
101246.09
101283.91
101321.04
101358.87
101396.49
101434.31
101472.59
101510.88
101549.43
101587.63
101625.22
101663.16
101701.05
101739.58
101778.23
101817.04
101855.79
101894.41
101932.70
101971.08
102009.58
102048.31
102087.31
102126.35
102165.85
102204.80
102243.47
102282.09
102321.14
102360.17
102399.82
102439.15
102479.09
102518.63
102557.57
102596.88
102636.21
102675.83
102715.71
102755.84
102795.80
102835.98
102875.49
102914.93
102954.66
102994.87
103035.39
103075.81
103116.38
103156.73
103196.69
103236.96
103277.10
103317.62
103358.27
103399.54
103440.70
103481.73
103521.79
103562.24
103603.18
103644.27
103685.59
103727.04
103768.59
103810.08
103850.66
103892.11
103933.15
103974.73
104016.45
104058.60
104100.59
104142.45
104183.70
104225.32
104266.79
104308.95
104351.25
104393.88
104435.90
104478.95
104520.58
104562.74
104604.77
104647.44
104690.54
104733.00
104776.58
104819.49
104861.87
104904.11
104947.07
104990.27
105033.70
105077.31
105120.79
105164.45
105207.35
105250.44
105293.82
105337.38
105381.40
105425.48
105469.51
105513.59
105557.27
105600.93
105644.67
105688.91
105733.42
105778.14
105822.98
105867.66
105911.46
105955.78
106000.34
106045.23
106090.30
106135.35
106180.79
106225.98
106270.58
106315.56
106360.62
106405.59
106451.80
106497.55
106543.73
106589.58
106634.32
106679.95
106725.95
106771.73
106818.20
106864.67
106911.47
106957.68
107003.69
107049.77
107096.18
107142.63
107189.74
107236.78
107284.45
107331.43
107377.94
107424.48
107471.57
107518.87
107566.58
107614.44
107662.35
107710.20
107757.12
107804.94
107851.97
107900.67
107948.85
107997.33
108046.16
108094.61
108142.24
108190.45
108238.91
108287.70
108336.45
108385.59
108435.40
108484.73
108533.29
108582.13
108631.23
108680.52
108730.35
108780.40
108830.55
108880.61
108930.00
108979.26
109029.18
109079.67
109130.13
109180.52
109232.18
109282.49
109332.73
109383.30
109433.80
109484.87
109536.31
109587.72
109639.76
109691.26
109742.01
109793.28
109844.52
109896.63
109948.91
110001.15
110054.12
110106.38
110157.88
110210.23
110262.45
110315.15
110367.98
110421.74
110475.27
110528.52
110580.97
110633.66
110686.99
110740.70
110794.68
110848.69
110903.29
110957.53
111011.11
111064.80
111119.05
111173.31
111228.09
111283.04
111338.88
111393.54
111448.43
111503.12
111558.22
111613.95
111669.95
111725.88
111781.76
111838.25
111893.75
111949.68
112005.32
112062.38
112119.06
112176.13
112233.72
112291.04
112347.44
112404.13
112461.23
112518.69
112576.88
112635.02
112693.62
112751.84
112809.39
112867.32
112925.57
112984.24
113043.42
113102.52
113162.39
113221.80
113280.49
113339.66
113398.98
113458.81
113519.23
113579.82
113640.68
113701.38
113760.95
113821.25
113881.90
113942.91
114004.33
114066.24
114128.44
114189.48
114251.52
114312.80
114374.77
114436.89
114499.70
114563.04
114626.61
114689.33
114752.04
114815.00
114877.91
114941.73
115005.91
115070.42
115134.77
115199.66
115263.47
115327.66
115392.52
115457.58
115523.39
115589.20
115655.44
115721.56
115786.84
115852.23
115918.42
115985.30
116052.35
116119.62
116187.88
116255.41
116322.40
116389.23
116457.04
116525.43
116594.17
116663.34
116733.07
116802.17
116870.70
116939.34
117008.41
117078.66
117148.75
117220.22
117291.31
117362.11
117432.77
117503.33
117574.30
117645.89
117718.34
117791.20
117864.18
117936.83
118009.42
118082.08
118155.19
118228.87
118302.91
118377.45
118452.73
118527.67
118602.19
118676.31
118751.52
118826.87
118903.66
118980.34
119057.73
119134.72
119211.02
119287.23
119365.34
119443.45
119521.84
119600.90
119680.41
119759.87
119838.13
119917.48
119996.60
120077.05
120158.70
120240.26
120321.90
120404.05
120485.38
120566.93
120649.05
120731.48
120815.72
120900.16
120985.15
121069.55
121152.91
121237.44
121322.59
121408.46
121494.69
121582.00
121669.80
121757.45
121844.20
121931.45
122019.35
122107.69
122197.95
122288.25
122379.04
122470.07
122560.13
122650.56
122742.04
122834.15
122927.42
123021.33
123116.05
123210.38
123303.66
123397.59
123492.93
123589.02
123686.33
123783.37
123882.27
123980.82
124078.20
124176.13
124274.82
124375.00
124475.91
124578.44
124681.86
124784.79
124886.30
124989.35
125093.37
125198.05
125303.48
125411.25
125517.90
125625.94
125733.70
125841.52
125950.04
126059.93
126171.86
126284.32
126398.48
126511.89
126623.88
126737.65
126852.72
126969.12
127086.78
127205.88
127325.13
127445.39
127565.16
127685.70
127807.63
127931.03
128055.92
128182.59
128308.89
128438.23
128564.41
128693.66
128823.65
128954.69
129089.81
129224.28
129360.73
129498.80
129635.48
129773.48
129913.02
130054.98
130199.67
130346.48
130494.08
130642.57
130791.60
130941.88
131093.56
131248.89
131406.81
131565.83
131728.84
131892.92
132056.58
132221.80
132390.03
132561.56
132735.89
132913.64
133097.50
133280.48
133463.97
133650.20
133841.45
134035.38
134237.11
134440.55
134648.41
134862.03
135074.66
135293.73
135517.06
135747.80
135986.30
136229.91
136486.11
136743.59
137010.41
137284.72
137570.38
137868.80
138181.05
138514.19
138863.05
139230.45
