35.11 0.01 0.44 0.00 6.00 23817 0.00
35.11 0.01 0.44 0.00 6.00 23837 0.00
35.11 0.01 0.35 0.00 6.00 23857 0.00
35.11 0.01 0.35 0.00 6.00 23877 0.00
35.11 0.01 0.35 0.00 6.00 23897 0.00
35.11 0.01 0.35 0.00 6.00 23917 0.00
35.11 0.01 0.44 0.00 6.00 23937 0.00
35.11 0.01 0.44 0.00 6.00 23957 0.00
35.11 0.01 0.44 0.00 6.00 23977 0.00
35.11 0.01 0.35 0.00 6.00 23997 0.00
35.11 0.01 0.35 0.00 6.00 24017 0.00
35.11 0.01 0.35 0.00 6.00 24037 0.00
35.11 0.01 0.35 0.00 6.00 24057 0.00
35.11 0.01 0.44 0.00 6.00 24077 0.00
35.11 0.01 0.44 0.00 6.00 24097 0.00
35.11 0.01 0.44 0.00 6.00 24117 0.00
35.11 0.01 0.44 0.00 6.00 24137 0.00
35.11 0.01 0.35 0.00 6.00 24157 0.00
35.11 0.01 0.35 0.00 6.00 24177 0.00
35.11 0.01 0.35 0.00 6.00 24197 0.00
35.11 0.01 0.44 0.00 6.00 24217 0.00
35.11 0.01 0.44 0.00 6.00 24237 0.00
35.11 0.01 0.44 0.00 6.00 24257 0.00
35.11 0.01 0.44 0.00 6.00 24277 0.00
35.11 0.01 0.44 0.00 6.00 24297 0.00
35.11 0.01 0.44 0.00 6.00 24317 0.00
35.11 0.01 0.44 0.00 6.00 24337 0.00
35.11 0.01 0.35 0.00 6.00 24357 0.00
35.11 0.01 0.35 0.00 6.00 24377 0.00
35.11 0.01 0.35 0.00 6.00 24397 0.00
35.11 0.01 0.35 0.00 6.00 24417 0.00
35.11 0.01 0.44 0.00 6.00 24437 0.00
35.11 0.01 0.44 0.00 6.00 24457 0.00
35.11 0.01 0.44 0.00 6.00 24477 0.00
35.11 0.01 0.44 0.00 6.00 24497 0.00
35.11 0.01 0.44 0.00 6.00 24517 0.00
35.11 0.01 0.44 0.00 6.00 24537 0.00
35.11 0.01 0.44 0.00 6.00 24557 0.00
35.11 0.01 0.35 0.00 6.00 24577 0.00
35.11 0.01 0.35 0.00 6.00 24597 0.00
35.11 0.01 0.35 0.00 6.00 24617 0.00
35.11 0.01 0.35 0.00 6.00 24637 0.00
35.11 0.01 0.35 0.00 6.00 24657 0.00
35.11 0.01 0.35 0.00 6.00 24677 0.00
35.11 0.01 0.35 0.00 6.00 24697 0.00
35.11 0.01 0.35 0.00 6.00 24717 0.00
35.11 0.01 0.35 0.00 6.00 24737 0.00
35.11 0.01 0.35 0.00 6.00 24757 0.00
35.11 0.01 0.35 0.00 6.00 24777 0.00
35.11 0.01 0.44 0.00 6.00 24797 0.47
35.11 0.01 0.44 0.00 6.00 24817 0.47
35.11 0.01 0.44 0.00 6.00 24837 0.47
35.11 0.01 0.44 0.00 6.00 24857 0.47
35.10 0.14 5.09 0.00 6.00 24877 0.47
35.10 0.14 5.09 0.00 6.00 24897 0.47
35.10 0.14 5.09 0.00 6.00 24917 0.47
35.02 2.77 97.09 0.00 6.00 24937 0.47
35.02 2.77 97.09 0.00 6.00 24957 0.47
35.02 2.77 97.09 0.00 6.00 24977 0.47
35.02 2.77 97.09 0.00 6.00 24997 0.47
34.99 5.42 189.81 0.00 6.00 25017 0.47
34.99 5.42 189.81 0.00 6.00 25037 0.47
34.99 5.42 189.81 9.45 6.00 25057 0.47
34.99 5.42 189.81 9.45 6.00 25077 0.47
34.95 7.30 255.31 9.45 6.00 25097 0.47
34.95 7.30 255.31 9.45 6.00 25117 0.47
34.95 7.30 255.31 9.35 6.00 25137 0.47
34.94 8.02 280.33 9.35 6.00 25157 0.47
34.94 8.02 280.33 9.29 6.00 25177 0.47
34.94 8.02 280.33 9.29 6.00 25197 0.47
34.94 8.02 280.33 9.29 6.00 25217 0.47
34.94 8.30 289.89 9.24 6.00 25237 0.47
34.94 8.30 289.89 9.24 6.00 25257 0.47
34.94 8.30 289.89 9.20 6.00 25277 0.47
34.94 8.26 288.67 9.17 6.00 25297 0.47
34.94 8.26 288.69 9.17 6.00 25317 0.47
34.94 8.26 288.69 9.15 6.00 25337 0.47
34.94 8.26 288.69 9.15 6.00 25357 0.47
34.94 8.29 289.73 9.12 6.00 25377 0.47
34.94 8.29 289.73 9.10 6.00 25397 0.47
34.94 8.29 289.73 9.09 6.00 25417 0.47
34.94 8.29 289.73 9.09 6.00 25437 0.47
34.95 7.96 278.28 9.07 6.00 25457 0.47
34.95 7.96 278.28 9.06 6.00 25477 0.47
34.95 7.96 278.28 9.05 6.00 25497 0.47
34.95 7.81 273.13 9.04 6.00 25517 0.47
34.95 7.81 273.13 9.03 6.00 25537 0.47
34.95 7.81 273.13 9.02 6.00 25557 0.47
34.95 7.81 273.13 9.01 6.00 25577 0.47
34.95 7.63 266.70 9.01 6.00 25597 0.47
34.95 7.63 266.70 9.01 6.00 25617 0.47
34.95 7.63 266.70 9.00 6.00 25637 0.47
34.95 7.63 266.70 9.00 6.00 25657 0.47
34.95 7.57 264.77 9.00 6.00 25677 0.47
34.95 7.57 264.77 9.00 6.00 25697 0.47
34.95 7.57 264.77 9.00 6.00 25717 0.47
34.96 7.47 261.14 9.01 6.00 25737 0.47
34.96 7.47 261.14 9.02 6.00 25757 0.47
34.96 7.47 261.14 9.03 6.00 25777 0.47
34.96 7.47 261.14 9.03 6.00 25797 0.47
34.96 7.35 256.96 9.04 6.00 25817 0.47
34.96 7.35 256.96 9.06 6.00 25837 0.47
34.96 7.35 256.96 9.08 6.00 25857 0.47
34.96 7.30 255.30 9.09 6.00 25877 0.47
34.96 7.30 255.30 9.12 6.00 25897 0.47
34.96 7.30 255.30 9.14 6.00 25917 0.47
34.96 7.30 255.30 9.18 6.00 25937 0.47
34.97 6.99 244.34 9.19 6.00 25957 0.47
34.97 6.99 244.34 9.24 6.00 25977 0.47
34.97 6.99 244.34 9.27 6.00 25997 0.47
34.97 6.99 244.34 9.33 6.00 26017 0.47
34.97 6.87 240.15 9.37 6.00 26037 0.47
34.97 6.87 240.15 9.46 6.00 26057 0.47
34.97 6.87 240.15 9.52 6.00 26077 0.47
34.97 6.67 233.45 9.68 6.00 26097 0.47
34.97 6.67 233.45 10.52 6.00 26117 0.47
34.97 6.67 233.45 55.23 6.00 26137 0.47
34.97 6.67 233.45 61.53 6.00 26157 0.47
34.97 6.64 232.31 65.72 6.00 26177 0.47
34.97 6.64 232.31 69.27 6.00 26197 0.47
34.97 6.64 232.31 70.73 6.00 26217 0.47
34.97 6.64 232.31 73.64 6.00 26237 0.47
34.98 6.51 227.62 76.36 6.00 26257 0.47
34.98 6.51 227.62 78.83 6.00 26277 0.47
34.98 6.51 227.62 81.17 6.00 26297 0.47
34.98 6.43 225.08 83.38 6.00 26317 0.47
34.98 6.43 225.08 85.47 6.00 26337 0.47
34.98 6.43 225.08 87.43 6.00 26357 0.47
34.98 6.43 225.08 88.46 6.00 26377 0.47
34.98 6.36 222.48 90.35 6.00 26397 0.47
34.98 6.36 222.48 92.13 6.00 26417 0.47
34.98 6.36 222.48 93.94 6.00 26437 0.47
34.98 6.25 218.64 96.48 6.00 26457 0.47
34.98 6.25 218.64 98.12 6.00 26477 0.47
34.98 6.25 218.64 99.71 6.00 26497 0.47
34.98 6.25 218.64 101.23 6.00 26517 0.47
34.99 6.05 211.76 102.75 6.00 26537 0.47
34.99 6.05 211.76 104.24 6.00 26557 0.47
34.99 6.05 211.76 105.66 6.00 26577 0.47
34.99 6.05 211.76 107.78 6.00 26597 0.47
34.99 5.92 207.14 109.16 6.00 26617 0.47
34.99 5.92 207.14 110.54 6.00 26637 0.47
34.99 5.92 207.14 111.84 6.00 26657 0.47
34.99 5.87 205.30 113.80 6.00 26677 0.47
34.99 5.87 205.30 114.93 6.00 26697 0.47
34.99 5.87 205.30 116.25 6.00 26717 0.47
34.99 5.87 205.30 117.50 6.00 26737 0.47
34.99 5.74 200.77 119.23 6.00 26757 0.47
34.99 5.74 200.77 120.26 6.00 26777 0.47
34.99 5.74 200.77 122.15 6.00 26797 0.47
34.99 5.66 198.06 123.27 6.00 26817 0.47
35.00 5.66 198.09 124.35 6.00 26837 0.47
35.00 5.66 198.09 125.95 6.00 26857 0.47
35.00 5.66 198.09 127.06 6.00 26877 0.47
35.00 5.56 194.75 128.60 6.00 26897 0.47
35.00 5.56 194.75 129.58 6.00 26917 0.47
35.00 5.56 194.75 131.21 6.00 26937 0.47
35.00 5.56 194.75 132.11 6.00 26957 0.47
35.00 5.56 194.75 133.58 6.00 26977 0.47
35.00 5.56 194.75 135.04 6.00 26997 0.48
35.00 5.56 194.75 136.01 6.00 27017 0.48
35.00 5.54 193.89 137.37 6.00 27037 0.48
35.00 5.54 193.89 138.80 6.00 27057 0.48
35.00 5.54 193.89 139.67 6.00 27077 0.48
35.00 5.54 193.89 141.09 6.00 27097 0.48
35.00 5.54 194.05 142.41 6.00 27117 0.48
35.00 5.54 194.05 143.23 6.00 27137 0.48
35.00 5.54 194.05 144.64 6.00 27157 0.48
35.00 5.54 194.05 145.87 6.00 27177 0.48
34.99 5.64 197.46 147.06 6.00 27197 0.48
34.99 5.64 197.46 147.97 6.00 27217 0.48
34.99 5.64 197.46 149.21 6.00 27237 0.48
35.00 5.60 195.98 150.43 6.00 27257 0.48
35.00 5.60 195.98 151.53 6.00 27277 0.48
35.00 5.60 195.98 152.94 6.00 27297 0.48
35.00 5.60 195.98 154.01 6.00 27317 0.48
34.99 5.67 198.60 155.38 6.00 27337 0.48
34.99 5.67 198.60 156.41 6.00 27357 0.48
34.99 5.67 198.60 157.58 6.00 27377 0.48
34.99 5.63 197.11 158.71 6.00 27397 0.48
34.99 5.63 197.11 159.82 6.00 27417 0.48
34.99 5.63 197.11 160.94 6.00 27437 0.48
34.99 5.63 197.11 162.15 6.00 27457 0.48
35.00 5.54 193.80 163.48 6.00 27477 0.48
35.00 5.54 193.80 164.38 6.00 27497 0.49
35.00 5.54 193.80 165.37 6.00 27517 0.49
35.00 5.54 193.80 166.46 6.00 27537 0.49
35.00 5.54 193.88 167.50 6.00 27557 0.49
35.00 5.54 193.88 168.63 6.00 27577 0.49
35.00 5.54 193.88 169.80 6.00 27597 0.49
34.99 5.61 196.15 170.77 6.00 27617 0.49
34.99 5.61 196.15 171.98 6.00 27637 0.49
34.99 5.61 196.15 172.98 6.00 27657 0.49
34.99 5.61 196.15 174.12 6.00 27677 0.49
34.99 5.79 202.77 175.20 6.00 27697 0.49
34.99 5.79 202.77 176.47 6.00 27717 0.49
34.99 5.79 202.77 177.49 6.00 27737 0.49
34.99 5.79 202.77 178.55 6.00 27757 0.49
34.99 5.77 201.82 179.83 6.00 27777 0.49
34.99 5.77 201.82 180.84 6.00 27797 0.49
34.99 5.77 201.82 181.66 6.00 27817 0.49
34.99 5.75 201.12 183.12 6.00 27837 0.49
34.99 5.75 201.12 184.07 6.00 27857 0.49
34.99 5.75 201.12 184.97 6.00 27877 0.49
34.99 5.75 201.12 186.08 6.00 27897 0.49
34.99 5.72 200.24 187.06 6.00 27917 0.49
34.99 5.72 200.24 188.51 6.00 27937 0.49
34.99 5.72 200.24 189.36 6.00 27957 0.49
34.99 5.68 198.68 190.35 6.00 27977 0.49
34.99 5.68 198.68 191.42 6.00 27997 0.49
34.99 5.68 198.68 192.61 6.00 28017 0.49
34.99 5.68 198.68 193.43 6.00 28037 0.49
35.00 5.63 197.12 194.81 6.00 28057 0.49
35.00 5.63 197.12 195.63 6.00 28077 0.49
35.00 5.63 197.12 196.68 6.00 28097 0.49
35.00 5.63 197.12 197.94 6.00 28117 0.50
35.00 5.63 197.20 198.62 6.00 28137 0.50
35.00 5.63 197.20 199.84 6.00 28157 0.50
35.00 5.63 197.20 201.15 6.00 28177 0.50
34.99 5.61 196.50 201.83 6.00 28197 0.50
34.99 5.61 196.50 202.91 6.00 28217 0.50
34.99 5.61 196.50 203.94 6.00 28237 0.50
34.99 5.61 196.50 205.18 6.00 28257 0.50
34.99 5.61 196.23 206.10 6.00 28277 0.50
34.99 5.61 196.23 207.21 6.00 28297 0.50
34.99 5.61 196.23 208.06 6.00 28317 0.50
34.99 5.70 199.38 209.20 6.00 28337 0.50
34.99 5.70 199.38 210.30 6.00 28357 0.50
34.99 5.70 199.38 211.07 6.00 28377 0.50
34.99 5.70 199.38 212.09 6.00 28397 0.50
34.99 5.75 201.11 213.17 6.00 28417 0.50
34.99 5.75 201.11 214.19 6.00 28437 0.50
34.99 5.75 201.11 215.15 6.00 28457 0.50
34.99 5.75 201.11 216.24 6.00 28477 0.50
34.99 5.69 199.21 217.24 6.00 28497 0.50
34.99 5.69 199.21 218.19 6.00 28517 0.50
34.99 5.69 199.21 219.18 6.00 28537 0.50
34.99 5.65 197.90 220.15 6.00 28557 0.50
34.99 5.65 197.90 221.35 6.00 28577 0.50
34.99 5.65 197.90 222.20 6.00 28597 0.50
34.99 5.65 197.90 223.15 6.00 28617 0.50
35.00 5.59 195.54 224.17 6.00 28637 0.50
35.00 5.59 195.54 225.12 6.00 28657 0.50
35.00 5.59 195.54 225.94 6.00 28677 0.50
35.00 5.59 195.54 227.00 6.00 28697 0.51
34.99 5.68 198.86 227.92 6.00 28717 0.51
34.99 5.68 198.86 228.84 6.00 28737 0.51
34.99 5.68 198.86 230.02 6.00 28757 0.51
35.00 5.60 195.89 230.94 6.00 28777 0.51
35.00 5.60 195.89 231.88 6.00 28797 0.51
35.00 5.60 195.89 232.81 6.00 28817 0.51
35.00 5.60 195.89 233.54 6.00 28837 0.51
35.00 5.56 194.75 234.76 6.00 28857 0.51
35.00 5.56 194.75 235.70 6.00 28877 0.51
35.00 5.56 194.75 236.59 6.00 28897 0.51
34.99 5.64 197.46 237.69 6.00 28917 0.51
34.99 5.64 197.46 238.58 6.00 28937 0.51
34.99 5.64 197.46 239.64 6.00 28957 0.51
34.99 5.64 197.46 240.41 6.00 28977 0.51
34.99 5.66 198.06 241.23 6.00 28997 0.51
34.99 5.66 198.06 242.44 6.00 29017 0.51
34.99 5.66 198.06 243.40 6.00 29037 0.51
34.99 5.66 198.06 244.40 6.00 29057 0.51
34.99 5.75 201.20 245.02 6.00 29077 0.51
34.99 5.75 201.20 246.16 6.00 29097 0.51
34.99 5.75 201.20 246.97 6.00 29117 0.51
34.99 5.79 202.69 247.97 6.00 29137 0.51
34.99 5.79 202.69 248.78 6.00 29157 0.51
34.99 5.79 202.69 249.79 6.00 29177 0.51
34.99 5.79 202.69 250.66 6.00 29197 0.51
34.99 5.77 202.07 251.77 6.00 29217 0.51
34.99 5.77 202.07 252.54 6.00 29237 0.51
34.99 5.77 202.07 253.88 6.00 29257 0.51
34.99 5.77 202.07 254.64 6.00 29277 0.51
34.99 5.75 201.12 255.39 6.00 29297 0.51
34.99 5.75 201.12 256.18 6.00 29317 0.51
34.99 5.75 201.12 257.31 6.00 29337 0.52
34.99 5.65 197.81 258.31 6.00 29357 0.52
34.99 5.65 197.81 259.21 6.00 29377 0.52
34.99 5.65 197.81 259.97 6.00 29397 0.52
34.99 5.65 197.81 261.18 6.00 29417 0.52
34.99 5.65 197.72 261.98 6.00 29437 0.52
34.99 5.65 197.72 262.94 6.00 29457 0.52
34.99 5.65 197.72 263.79 6.00 29477 0.52
35.00 5.61 196.42 264.47 6.00 29497 0.52
35.00 5.61 196.42 265.57 6.00 29517 0.52
35.00 5.61 196.42 266.43 6.00 29537 0.52
35.00 5.61 196.42 267.15 6.00 29557 0.52
34.99 5.71 199.98 268.28 6.00 29577 0.52
34.99 5.71 199.98 269.10 6.00 29597 0.52
34.99 5.71 199.98 270.19 6.00 29617 0.52
34.99 5.71 199.98 270.88 6.00 29637 0.52
34.99 5.74 200.94 272.06 6.00 29657 0.52
34.99 5.74 200.94 272.84 6.00 29677 0.52
34.99 5.74 200.94 273.51 6.00 29697 0.52
34.99 5.72 200.26 274.77 6.00 29717 0.52
34.99 5.72 200.26 275.55 6.00 29737 0.52
34.99 5.72 200.26 276.47 6.00 29757 0.52
34.99 5.72 200.26 277.18 6.00 29777 0.52
35.00 5.63 197.12 278.18 6.00 29797 0.52
35.00 5.63 197.12 278.85 6.00 29817 0.52
35.00 5.63 197.12 279.84 6.00 29837 0.52
35.00 5.64 197.29 280.62 6.00 29857 0.52
34.99 5.64 197.28 281.56 6.00 29877 0.52
34.99 5.64 197.28 282.48 6.00 29897 0.52
34.99 5.64 197.28 283.44 6.00 29917 0.52
34.99 5.66 198.07 284.21 6.00 29937 0.52
34.99 5.66 198.07 285.13 6.00 29957 0.53
34.99 5.66 198.07 286.16 6.00 29977 0.53
34.99 5.66 198.07 286.83 6.00 29997 0.53
34.99 5.70 199.47 287.95 6.00 30017 0.53
34.99 5.70 199.47 288.50 6.00 30037 0.53
34.99 5.70 199.47 289.60 6.00 30057 0.53
34.99 5.66 198.24 290.22 6.00 30077 0.53
34.99 5.66 198.24 291.24 6.00 30097 0.53
34.99 5.66 198.24 292.21 6.00 30117 0.53
34.99 5.66 198.24 292.50 6.00 30137 0.53
34.99 5.68 198.76 293.88 6.00 30157 0.53
34.99 5.68 198.76 294.85 6.00 30177 0.53
34.99 5.68 198.76 295.54 6.00 30197 0.53
34.99 5.68 198.76 296.26 6.00 30217 0.53
34.99 5.70 199.65 297.16 6.00 30237 0.53
34.99 5.70 199.65 297.91 6.00 30257 0.53
34.99 5.70 199.65 299.26 6.00 30277 0.53
34.99 5.70 199.55 299.90 6.00 30297 0.53
34.99 5.70 199.55 300.42 6.00 30317 0.53
34.99 5.70 199.55 301.46 6.00 30337 0.53
34.99 5.70 199.55 302.33 6.00 30357 0.53
34.99 5.69 199.30 303.20 6.00 30377 0.53
34.99 5.69 199.30 303.94 6.00 30397 0.53
34.99 5.69 199.30 304.84 6.00 30417 0.53
34.99 5.71 199.89 305.81 6.00 30437 0.53
34.99 5.71 199.89 306.35 6.00 30457 0.53
34.99 5.71 199.89 307.58 6.00 30477 0.53
34.99 5.71 199.89 308.15 6.00 30497 0.53
34.99 5.64 197.46 309.05 6.00 30517 0.53
34.99 5.64 197.46 310.05 6.00 30537 0.53
34.99 5.64 197.46 310.69 6.00 30557 0.53
34.99 5.64 197.46 311.49 6.00 30577 0.54
34.99 5.70 199.38 312.27 6.00 30597 0.54
34.99 5.70 199.38 313.28 6.00 30617 0.54
34.99 5.70 199.38 314.02 6.00 30637 0.54
34.99 5.73 200.43 315.00 6.00 30657 0.54
34.99 5.73 200.43 315.88 6.00 30677 0.54
34.99 5.73 200.43 316.39 6.00 30697 0.54
34.99 5.73 200.43 317.42 6.00 30717 0.54
34.99 5.70 199.46 318.23 6.00 30737 0.54
34.99 5.70 199.46 319.02 6.00 30757 0.54
34.99 5.70 199.46 319.99 6.00 30777 0.54
34.99 5.70 199.46 320.67 6.00 30797 0.54
34.99 5.80 203.03 321.61 6.00 30817 0.54
34.99 5.80 203.03 322.42 6.00 30837 0.54
34.99 5.80 203.03 323.03 6.00 30857 0.54
34.99 5.75 201.38 323.96 6.00 30877 0.54
34.99 5.75 201.38 324.56 6.00 30897 0.54
34.99 5.75 201.38 325.44 6.00 30917 0.54
34.99 5.75 201.38 326.51 6.00 30937 0.54
34.99 5.71 199.82 327.15 6.00 30957 0.54
34.99 5.71 199.82 328.11 6.00 30977 0.54
34.99 5.71 199.82 328.93 6.00 30997 0.54
34.99 5.72 200.33 329.63 6.00 31017 0.54
34.99 5.72 200.33 330.68 6.00 31037 0.54
34.99 5.72 200.33 331.62 6.00 31057 0.54
34.99 5.72 200.33 331.96 6.00 31077 0.54
34.99 5.72 200.16 332.96 6.00 31097 0.54
34.99 5.72 200.16 333.66 6.00 31117 0.54
34.99 5.72 200.16 334.61 6.00 31137 0.54
34.99 5.72 200.16 335.26 6.00 31157 0.54
34.99 5.68 198.86 336.06 6.00 31177 0.54
34.99 5.68 198.86 336.91 6.00 31197 0.54
34.99 5.68 198.86 337.71 6.00 31217 0.54
34.99 5.70 199.64 338.36 6.00 31237 0.54
34.99 5.70 199.64 339.24 6.00 31257 0.54
34.99 5.70 199.64 340.37 6.00 31277 0.54
34.99 5.70 199.64 341.01 6.00 31297 0.55
34.99 5.65 197.72 341.85 6.00 31317 0.55
34.99 5.65 197.72 342.53 6.00 31337 0.55
34.99 5.65 197.72 343.37 6.00 31357 0.55
34.99 5.64 197.46 344.08 6.00 31377 0.55
34.99 5.64 197.46 344.69 6.00 31397 0.55
34.99 5.64 197.46 345.71 6.00 31417 0.55
34.99 5.64 197.46 346.31 6.00 31437 0.55
34.99 5.73 200.51 347.24 6.00 31457 0.55
34.99 5.73 200.51 348.07 6.00 31477 0.55
34.99 5.73 200.51 348.78 6.00 31497 0.55
34.99 5.73 200.51 349.57 6.00 31517 0.55
34.99 5.70 199.63 350.47 6.00 31537 0.55
34.99 5.70 199.63 351.20 6.00 31557 0.55
34.99 5.70 199.63 352.04 6.00 31577 0.55
34.99 5.75 201.38 352.40 6.00 31597 0.55
34.99 5.75 201.38 353.65 6.00 31617 0.55
34.99 5.75 201.38 354.45 6.00 31637 0.55
34.99 5.75 201.38 354.97 6.00 31657 0.55
34.99 5.76 201.64 355.83 6.00 31677 0.55
34.99 5.76 201.64 356.66 6.00 31697 0.55
34.99 5.76 201.64 357.25 6.00 31717 0.55
34.99 5.76 201.64 358.24 6.00 31737 0.55
34.99 5.78 202.34 358.89 6.00 31757 0.55
34.99 5.78 202.34 359.72 6.00 31777 0.55
34.99 5.78 202.34 360.39 6.00 31797 0.55
34.99 5.69 199.30 361.15 6.00 31817 0.55
34.99 5.69 199.30 362.28 6.00 31837 0.55
34.99 5.69 199.30 362.84 6.00 31857 0.55
34.99 5.69 199.30 363.61 6.00 31877 0.55
35.00 5.61 196.24 364.17 6.00 31897 0.55
35.00 5.61 196.24 365.35 6.00 31917 0.55
35.00 5.61 196.24 365.56 6.00 31937 0.55
34.99 5.70 199.46 366.67 6.00 31957 0.55
34.99 5.70 199.46 367.48 6.00 31977 0.56
34.99 5.70 199.46 368.36 6.00 31997 0.56
34.99 5.70 199.46 368.75 6.00 32017 0.56
34.99 5.75 201.21 369.67 6.00 32037 0.56
34.99 5.75 201.21 370.45 6.00 32057 0.56
34.99 5.75 201.21 371.53 6.00 32077 0.56
34.99 5.75 201.21 372.21 6.00 32097 0.56
34.99 5.79 202.78 373.06 6.00 32117 0.56
34.99 5.79 202.78 373.25 6.00 32137 0.56
34.99 5.79 202.78 374.20 6.00 32157 0.56
34.99 5.79 202.52 374.91 6.00 32177 0.56
34.99 5.79 202.52 375.59 6.00 32197 0.56
34.99 5.79 202.52 376.53 6.00 32217 0.56
34.99 5.79 202.52 377.41 6.00 32237 0.56
34.99 5.83 204.01 377.75 6.00 32257 0.56
34.99 5.83 204.01 378.74 6.00 32277 0.56
34.99 5.83 204.01 379.65 6.00 32297 0.56
34.99 5.83 204.01 380.38 6.00 32317 0.56
34.99 5.74 200.86 380.89 6.00 32337 0.56
34.99 5.74 200.86 381.62 6.00 32357 0.56
34.99 5.74 200.86 382.48 6.00 32377 0.56
34.99 5.73 200.69 383.73 6.00 32397 0.56
34.99 5.73 200.69 384.00 6.00 32417 0.56
34.99 5.73 200.69 384.29 6.00 32437 0.56
34.99 5.73 200.69 385.29 6.00 32457 0.56
34.99 5.69 199.29 385.99 6.00 32477 0.56
34.99 5.69 199.29 386.87 6.00 32497 0.56
34.99 5.69 199.29 387.71 6.00 32517 0.56
34.99 5.74 200.77 388.57 6.00 32537 0.56
34.99 5.74 200.77 388.77 6.00 32557 0.56
34.99 5.74 200.77 389.87 6.00 32577 0.56
34.99 5.74 200.77 390.93 6.00 32597 0.56
34.99 5.70 199.38 391.36 6.00 32617 0.56
34.99 5.70 199.38 392.00 6.00 32637 0.56
34.99 5.70 199.38 392.85 6.00 32657 0.56
34.99 5.70 199.38 393.39 6.00 32677 0.56
34.99 5.67 198.59 394.24 6.00 32697 0.56
34.99 5.67 198.59 395.02 6.00 32717 0.56
34.99 5.67 198.59 395.71 6.00 32737 0.56
34.99 5.71 199.81 396.46 6.00 32757 0.57
34.99 5.71 199.81 397.00 6.00 32777 0.57
34.99 5.71 199.81 398.02 6.00 32797 0.57
34.99 5.71 199.81 398.62 6.00 32817 0.57
34.99 5.76 201.47 399.14 6.00 32837 0.57
34.99 5.76 201.47 399.78 6.00 32857 0.57
34.99 5.76 201.47 400.76 6.00 32877 0.57
34.99 5.74 201.03 401.51 6.00 32897 0.57
34.99 5.74 201.03 402.46 6.00 32917 0.57
34.99 5.74 201.03 403.13 6.00 32937 0.57
34.99 5.74 201.03 403.61 6.00 32957 0.57
34.99 5.72 200.25 404.17 6.00 32977 0.57
34.99 5.72 200.25 404.86 6.00 32997 0.57
34.99 5.72 200.25 405.76 6.00 33017 0.57
34.99 5.72 200.25 406.82 6.00 33037 0.57
34.99 5.77 201.82 407.10 6.00 33057 0.57
34.99 5.77 201.82 407.96 6.00 33077 0.57
34.99 5.77 201.82 408.87 6.00 33097 0.57
34.99 5.76 201.56 409.40 6.00 33117 0.57
34.99 5.76 201.56 410.19 6.00 33137 0.57
34.99 5.76 201.56 410.63 6.00 33157 0.57
34.99 5.76 201.56 411.42 6.00 33177 0.57
34.99 5.75 201.21 412.25 6.00 33197 0.57
34.99 5.75 201.21 413.09 6.00 33217 0.57
34.99 5.75 201.21 413.75 6.00 33237 0.57
34.99 5.75 201.21 414.24 6.00 33257 0.57
34.99 5.72 200.08 414.96 6.00 33277 0.57
34.99 5.72 200.08 415.94 6.00 33297 0.57
34.99 5.72 200.08 416.56 6.00 33317 0.57
34.99 5.67 198.60 417.19 6.00 33337 0.57
34.99 5.67 198.60 418.13 6.00 33357 0.57
34.99 5.67 198.60 418.65 6.00 33377 0.57
34.99 5.67 198.60 419.24 6.00 33397 0.57
34.99 5.61 196.32 420.04 6.00 33417 0.57
34.99 5.61 196.32 420.93 6.00 33437 0.57
34.99 5.61 196.32 421.15 6.00 33457 0.57
34.99 5.75 201.12 421.98 6.00 33477 0.58
34.99 5.75 201.12 422.49 6.00 33497 0.58
34.99 5.75 201.12 423.45 6.00 33517 0.58
34.99 5.75 201.12 424.26 6.00 33537 0.58
34.99 5.74 200.86 424.72 6.00 33557 0.58
34.99 5.74 200.86 425.64 6.00 33577 0.58
34.99 5.74 200.86 426.59 6.00 33597 0.58
34.99 5.74 200.86 426.87 6.00 33617 0.58
34.99 5.80 203.12 427.60 6.00 33637 0.58
34.99 5.80 203.12 428.26 6.00 33657 0.58
34.99 5.80 203.12 428.84 6.00 33677 0.58
34.99 5.87 205.39 429.86 6.00 33697 0.58
34.99 5.87 205.39 430.29 6.00 33717 0.58
34.99 5.87 205.39 430.91 6.00 33737 0.58
34.99 5.87 205.39 431.93 6.00 33757 0.58
34.99 5.79 202.53 432.19 6.00 33777 0.58
34.99 5.79 202.53 433.10 6.00 33797 0.58
34.99 5.79 202.53 434.03 6.00 33817 0.58
34.99 5.79 202.53 434.61 6.00 33837 0.58
34.99 5.79 202.51 435.37 6.00 33857 0.58
34.99 5.79 202.51 435.91 6.00 33877 0.58
34.99 5.79 202.51 436.80 6.00 33897 0.58
34.99 5.74 200.78 437.51 6.00 33917 0.58
34.99 5.74 200.78 438.10 6.00 33937 0.58
34.99 5.74 200.78 438.41 6.00 33957 0.58
34.99 5.74 200.78 439.29 6.00 33977 0.58
34.99 5.63 197.20 440.12 6.00 33997 0.58
34.99 5.63 197.20 440.88 6.00 34017 0.58
34.99 5.63 197.20 441.61 6.00 34037 0.58
35.00 5.52 193.20 442.29 6.00 34057 0.58
35.00 5.52 193.20 443.03 6.00 34077 0.58
35.00 5.52 193.20 443.15 6.00 34097 0.58
35.00 5.52 193.20 444.15 6.00 34117 0.58
35.00 5.55 194.32 444.67 6.00 34137 0.58
35.00 5.55 194.32 445.38 6.00 34157 0.58
35.00 5.55 194.32 446.04 6.00 34177 0.58
35.00 5.55 194.32 446.49 6.00 34197 0.59
34.99 5.67 198.33 447.18 6.00 34217 0.59
34.99 5.67 198.33 448.21 6.00 34237 0.59
34.99 5.67 198.33 448.69 6.00 34257 0.59
34.99 5.82 203.73 449.15 6.00 34277 0.59
34.99 5.82 203.73 449.89 6.00 34297 0.59
34.99 5.82 203.73 450.41 6.00 34317 0.59
34.99 5.82 203.73 451.40 6.00 34337 0.59
34.99 5.90 206.44 452.05 6.00 34357 0.59
34.99 5.90 206.44 452.55 6.00 34377 0.59
34.99 5.90 206.44 453.10 6.00 34397 0.59
34.99 5.95 208.18 453.96 6.00 34417 0.59
34.99 5.95 208.18 454.75 6.00 34437 0.59
34.99 5.95 208.18 455.39 6.00 34457 0.59
34.99 5.95 208.18 455.93 6.00 34477 0.59
34.99 5.89 206.00 456.83 6.00 34497 0.59
34.99 5.89 206.00 457.18 6.00 34517 0.59
34.99 5.89 206.00 457.99 6.00 34537 0.59
34.99 5.89 206.00 458.68 6.00 34557 0.59
34.99 5.73 200.70 459.54 6.00 34577 0.59
34.99 5.73 200.70 460.50 6.00 34597 0.59
34.99 5.73 200.70 460.79 6.00 34617 0.59
34.99 5.63 197.01 461.17 6.00 34637 0.59
34.99 5.63 197.01 461.94 6.00 34657 0.59
34.99 5.63 197.01 462.85 6.00 34677 0.59
34.99 5.63 197.01 463.22 6.00 34697 0.59
34.99 5.77 201.91 463.99 6.00 34717 0.59
34.99 5.77 201.91 464.76 6.00 34737 0.59
34.99 5.77 201.91 465.38 6.00 34757 0.59
34.99 5.77 201.91 465.89 6.00 34777 0.59
34.99 5.70 199.37 466.46 6.00 34797 0.59
34.99 5.70 199.37 467.25 6.00 34817 0.59
34.99 5.70 199.37 468.08 6.00 34837 0.59
34.99 5.70 199.65 468.85 6.00 34857 0.59
34.99 5.70 199.65 469.42 6.00 34877 0.59
34.99 5.70 199.65 469.64 6.00 34897 0.59
34.99 5.70 199.65 470.51 6.00 34917 0.59
34.99 5.79 202.69 471.34 6.00 34937 0.59
34.99 5.79 202.69 471.71 6.00 34957 0.59
34.99 5.79 202.69 472.56 6.00 34977 0.59
35.00 5.64 197.29 473.01 6.00 34997 0.59
35.00 5.64 197.29 473.73 6.00 35017 0.59
35.00 5.64 197.29 474.48 6.00 35037 0.59
35.00 5.64 197.29 475.08 6.00 35057 0.60
34.99 5.66 198.06 475.75 6.00 35077 0.60
34.99 5.66 198.06 476.25 6.00 35097 0.60
34.99 5.66 198.06 477.07 6.00 35117 0.60
34.99 5.66 198.06 477.58 6.00 35137 0.60
34.99 5.76 201.56 478.17 6.00 35157 0.60
34.99 5.76 201.56 478.76 6.00 35177 0.60
34.99 5.76 201.56 479.63 6.00 35197 0.60
34.99 5.76 201.72 480.50 6.00 35217 0.60
34.99 5.76 201.72 481.12 6.00 35237 0.60
34.99 5.76 201.72 481.06 6.00 35257 0.60
34.99 5.76 201.72 482.28 6.00 35277 0.60
34.99 5.77 201.91 482.25 6.00 35297 0.60
34.99 5.77 201.91 483.18 6.00 35317 0.60
34.99 5.77 201.91 483.89 6.00 35337 0.60
34.99 5.77 201.91 484.47 6.00 35357 0.60
34.99 5.80 203.04 484.80 6.00 35377 0.60
34.99 5.80 203.04 485.96 6.00 35397 0.60
34.99 5.80 203.04 486.72 6.00 35417 0.60
34.99 5.77 202.07 487.04 6.00 35437 0.60
34.99 5.77 202.07 487.98 6.00 35457 0.60
34.99 5.77 202.07 488.43 6.00 35477 0.60
34.99 5.77 202.07 489.58 6.00 35497 0.60
34.99 5.73 200.69 489.70 6.00 35517 0.60
34.99 5.73 200.69 490.30 6.00 35537 0.60
34.99 5.73 200.69 491.16 6.00 35557 0.60
34.99 5.72 200.08 491.67 6.00 35577 0.60
34.99 5.72 200.08 492.20 6.00 35597 0.60
34.99 5.72 200.08 492.57 6.00 35617 0.60
34.99 5.72 200.08 493.32 6.00 35637 0.60
34.99 5.73 200.51 494.36 6.00 35657 0.60
34.99 5.73 200.51 494.57 6.00 35677 0.60
34.99 5.73 200.51 495.24 6.00 35697 0.60
34.99 5.73 200.51 495.79 6.00 35717 0.60
34.99 5.78 202.42 496.34 6.00 35737 0.60
34.99 5.78 202.42 497.03 6.00 35757 0.60
34.99 5.78 202.42 497.75 6.00 35777 0.60
34.99 5.71 199.73 498.57 6.00 35797 0.60
34.99 5.71 199.73 498.94 6.00 35817 0.61
34.99 5.71 199.73 499.87 6.00 35837 0.61
34.99 5.71 199.73 500.28 6.00 35857 0.61
34.99 5.74 200.94 500.83 6.00 35877 0.61
34.99 5.74 200.94 501.27 6.00 35897 0.61
34.99 5.74 200.94 501.81 6.00 35917 0.61
34.99 5.84 204.25 502.68 6.00 35937 0.61
34.99 5.84 204.25 503.29 6.00 35957 0.61
34.99 5.84 204.25 503.60 6.00 35977 0.61
34.99 5.84 204.25 504.56 6.00 35997 0.61
34.99 5.77 202.09 505.01 6.00 36017 0.61
34.99 5.77 202.09 505.71 6.00 36037 0.61
34.99 5.77 202.09 506.44 6.00 36057 0.61
34.99 5.77 202.09 506.96 6.00 36077 0.61
34.99 5.72 200.34 507.20 6.00 36097 0.61
34.99 5.72 200.34 508.01 6.00 36117 0.61
34.99 5.72 200.34 509.37 6.00 36137 0.61
34.99 5.69 199.12 509.36 6.00 36157 0.61
34.99 5.69 199.12 510.08 6.00 36177 0.61
34.99 5.69 199.12 510.88 6.00 36197 0.61
34.99 5.69 199.12 511.43 6.00 36217 0.61
34.99 5.77 201.81 511.78 6.00 36237 0.61
34.99 5.77 201.81 512.26 6.00 36257 0.61
34.99 5.77 201.81 512.93 6.00 36277 0.61
34.99 5.77 201.81 513.79 6.00 36297 0.61
34.99 5.84 204.25 514.25 6.00 36317 0.61
34.99 5.84 204.25 514.81 6.00 36337 0.61
34.99 5.84 204.25 515.54 6.00 36357 0.61
34.99 5.86 204.96 516.54 6.00 36377 0.61
34.99 5.86 204.96 516.51 6.00 36397 0.61
34.99 5.86 204.96 517.79 6.00 36417 0.61
34.99 5.86 204.96 518.47 6.00 36437 0.61
34.99 5.81 203.39 518.55 6.00 36457 0.61
34.99 5.81 203.39 519.49 6.00 36477 0.61
34.99 5.81 203.39 519.67 6.00 36497 0.61
35.00 5.65 197.64 520.56 6.00 36517 0.61
35.00 5.65 197.64 520.89 6.00 36537 0.61
35.00 5.65 197.64 521.51 6.00 36557 0.61
35.00 5.65 197.64 521.89 6.00 36577 0.61
34.99 5.69 199.03 523.04 6.00 36597 0.61
34.99 5.69 199.03 523.37 6.00 36617 0.61
34.99 5.69 199.03 524.28 6.00 36637 0.61
34.99 5.69 199.03 524.84 6.00 36657 0.62
34.99 5.72 200.16 525.21 6.00 36677 0.62
34.99 5.72 200.16 525.92 6.00 36697 0.62
34.99 5.72 200.16 526.10 6.00 36717 0.62
34.99 5.80 202.87 526.88 6.00 36737 0.62
34.99 5.80 202.87 527.61 6.00 36757 0.62
34.99 5.80 202.87 528.17 6.00 36777 0.62
34.99 5.80 202.87 528.83 6.00 36797 0.62
34.99 5.79 202.77 529.86 6.00 36817 0.62
34.99 5.79 202.77 529.80 6.00 36837 0.62
34.99 5.79 202.77 530.45 6.00 36857 0.62
34.99 5.79 202.77 531.14 6.00 36877 0.62
34.99 5.85 204.78 531.93 6.00 36897 0.62
34.99 5.85 204.78 532.33 6.00 36917 0.62
34.99 5.85 204.78 533.43 6.00 36937 0.62
34.99 5.83 203.99 533.41 6.00 36957 0.62
34.99 5.83 203.99 534.24 6.00 36977 0.62
34.99 5.83 203.99 535.18 6.00 36997 0.62
34.99 5.83 203.99 535.49 6.00 37017 0.62
34.99 5.79 202.61 535.82 6.00 37037 0.62
34.99 5.79 202.61 536.57 6.00 37057 0.62
34.99 5.79 202.61 537.03 6.00 37077 0.62
34.99 5.79 202.60 537.93 6.00 37097 0.62
34.99 5.79 202.60 538.35 6.00 37117 0.62
34.99 5.79 202.60 538.86 6.00 37137 0.62
34.99 5.79 202.60 539.49 6.00 37157 0.62
34.99 5.74 200.86 540.31 6.00 37177 0.62
34.99 5.74 200.86 541.03 6.00 37197 0.62
34.99 5.74 200.86 541.09 6.00 37217 0.62
34.99 5.74 200.86 541.72 6.00 37237 0.62
34.99 5.74 201.02 542.40 6.00 37257 0.62
34.99 5.74 201.02 543.50 6.00 37277 0.62
34.99 5.74 201.02 544.01 6.00 37297 0.62
34.99 5.77 202.08 544.27 6.00 37317 0.62
34.99 5.77 202.08 544.85 6.00 37337 0.62
34.99 5.77 202.08 545.50 6.00 37357 0.62
34.99 5.77 202.08 545.78 6.00 37377 0.62
34.99 5.78 202.17 546.54 6.00 37397 0.62
34.99 5.78 202.17 547.14 6.00 37417 0.62
34.99 5.78 202.17 547.98 6.00 37437 0.62
34.99 5.79 202.52 548.33 6.00 37457 0.62
34.99 5.79 202.52 549.45 6.00 37477 0.62
34.99 5.79 202.52 549.58 6.00 37497 0.62
34.99 5.79 202.52 550.07 6.00 37517 0.62
34.99 5.66 198.07 550.52 6.00 37537 0.62
34.99 5.66 198.07 551.16 6.00 37557 0.63
34.99 5.66 198.07 552.15 6.00 37577 0.63
34.99 5.66 198.07 551.70 6.00 37597 0.63
34.99 5.68 198.68 552.83 6.00 37617 0.63
34.99 5.68 198.68 553.37 6.00 37637 0.63
34.99 5.68 198.68 554.18 6.00 37657 0.63
34.99 5.73 200.68 554.71 6.00 37677 0.63
34.99 5.73 200.68 555.13 6.00 37697 0.63
34.99 5.73 200.68 555.59 6.00 37717 0.63
34.99 5.73 200.68 556.12 6.00 37737 0.63
34.99 5.66 198.16 556.63 6.00 37757 0.63
34.99 5.66 198.16 557.32 6.00 37777 0.63
34.99 5.66 198.16 558.16 6.00 37797 0.63
34.99 5.66 198.16 558.39 6.00 37817 0.63
34.99 5.72 200.33 558.76 6.00 37837 0.63
34.99 5.72 200.33 559.70 6.00 37857 0.63
34.99 5.72 200.33 560.10 6.00 37877 0.63
34.99 5.75 201.12 561.01 6.00 37897 0.63
34.99 5.75 201.12 561.76 6.00 37917 0.63
34.99 5.75 201.12 561.78 6.00 37937 0.63
34.99 5.75 201.12 562.10 6.00 37957 0.63
34.99 5.70 199.64 562.84 6.00 37977 0.63
34.99 5.70 199.64 563.51 6.00 37997 0.63
34.99 5.70 199.64 564.28 6.00 38017 0.63
34.99 5.75 201.21 564.98 6.00 38037 0.63
34.99 5.75 201.21 564.71 6.00 38057 0.63
34.99 5.75 201.21 565.74 6.00 38077 0.63
34.99 5.75 201.21 566.22 6.00 38097 0.63
34.99 5.80 203.13 566.56 6.00 38117 0.63
34.99 5.80 203.13 567.46 6.00 38137 0.63
34.99 5.80 203.13 568.09 6.00 38157 0.63
34.99 5.80 203.13 568.91 6.00 38177 0.63
34.99 5.86 204.95 569.16 6.00 38197 0.63
34.99 5.86 204.95 570.32 6.00 38217 0.63
34.99 5.86 204.95 570.16 6.00 38237 0.63
34.99 5.80 202.95 570.55 6.00 38257 0.63
34.99 5.80 202.95 571.37 6.00 38277 0.63
34.99 5.80 202.95 572.23 6.00 38297 0.63
34.99 5.80 202.95 572.37 6.00 38317 0.63
34.99 5.86 204.95 572.83 6.00 38337 0.64
34.99 5.86 204.95 574.16 6.00 38357 0.64
34.99 5.86 204.95 574.42 6.00 38377 0.64
34.99 5.87 205.47 575.07 6.00 38397 0.64
34.99 5.87 205.48 575.55 6.00 38417 0.64
34.99 5.87 205.48 576.10 6.00 38437 0.64
34.99 5.87 205.48 576.26 6.00 38457 0.64
34.99 5.86 205.05 577.20 6.00 38477 0.64
34.99 5.86 205.05 577.59 6.00 38497 0.64
34.99 5.86 205.05 578.10 6.00 38517 0.64
34.99 5.86 205.05 578.89 6.00 38537 0.64
34.99 5.83 204.00 579.43 6.00 38557 0.64
34.99 5.83 204.00 580.09 6.00 38577 0.64
34.99 5.83 204.00 580.32 6.00 38597 0.64
34.99 5.75 201.13 580.95 6.00 38617 0.64
34.99 5.75 201.13 581.54 6.00 38637 0.64
34.99 5.75 201.13 582.07 6.00 38657 0.64
34.99 5.75 201.13 583.23 6.00 38677 0.64
34.99 5.79 202.52 583.12 6.00 38697 0.64
34.99 5.79 202.52 583.81 6.00 38717 0.64
34.99 5.79 202.52 584.44 6.00 38737 0.64
34.99 5.79 202.52 584.92 6.00 38757 0.64
34.99 5.81 203.39 584.76 6.00 38777 0.64
34.99 5.81 203.39 586.33 6.00 38797 0.64
34.99 5.81 203.39 586.62 6.00 38817 0.64
34.99 5.74 200.77 587.13 6.00 38837 0.64
34.99 5.74 200.77 587.93 6.00 38857 0.64
34.99 5.74 200.77 587.74 6.00 38877 0.64
34.99 5.74 200.77 588.70 6.00 38897 0.64
34.99 5.75 201.21 589.44 6.00 38917 0.64
34.99 5.75 201.21 589.70 6.00 38937 0.64
34.99 5.75 201.21 590.55 6.00 38957 0.64
34.99 5.74 200.86 590.92 6.00 38977 0.64
34.99 5.74 200.86 591.53 6.00 38997 0.64
34.99 5.74 200.86 591.97 6.00 39017 0.64
34.99 5.74 200.86 592.70 6.00 39037 0.64
34.99 5.76 201.56 593.11 6.00 39057 0.64
34.99 5.76 201.56 593.50 6.00 39077 0.64
34.99 5.76 201.56 594.38 6.00 39097 0.64
34.99 5.76 201.56 595.37 6.00 39117 0.64
34.99 5.78 202.42 595.44 6.00 39137 0.64
34.99 5.78 202.42 595.92 6.00 39157 0.64
34.99 5.78 202.42 596.43 6.00 39177 0.64
34.99 5.83 203.92 596.79 6.00 39197 0.64
34.99 5.83 203.92 597.45 6.00 39217 0.64
34.99 5.83 203.92 598.28 6.00 39237 0.64
34.99 5.83 203.92 598.74 6.00 39257 0.64
34.99 5.82 203.82 599.17 6.00 39277 0.64
34.99 5.82 203.82 600.29 6.00 39297 0.64
34.99 5.82 203.82 600.10 6.00 39317 0.65
34.99 5.82 203.82 600.57 6.00 39337 0.65
34.99 5.87 205.41 601.38 6.00 39357 0.65
34.99 5.87 205.41 602.33 6.00 39377 0.65
34.99 5.87 205.41 602.46 6.00 39397 0.65
34.99 5.74 200.86 603.16 6.00 39417 0.65
34.99 5.74 200.86 603.37 6.00 39437 0.65
34.99 5.74 200.86 603.76 6.00 39457 0.65
34.99 5.74 200.86 604.28 6.00 39477 0.65
34.99 5.71 199.73 604.99 6.00 39497 0.65
34.99 5.71 199.73 605.41 6.00 39517 0.65
34.99 5.71 199.73 605.67 6.00 39537 0.65
34.99 5.65 197.89 606.73 6.00 39557 0.65
34.99 5.65 197.89 607.32 6.00 39577 0.65
34.99 5.65 197.89 607.95 6.00 39597 0.65
34.99 5.65 197.89 607.64 6.00 39617 0.65
34.99 5.74 201.02 608.66 6.00 39637 0.65
34.99 5.74 201.02 609.50 6.00 39657 0.65
34.99 5.74 201.02 609.42 6.00 39677 0.65
34.99 5.74 201.02 610.49 6.00 39697 0.65
34.99 5.90 206.35 610.97 6.00 39717 0.65
34.99 5.90 206.35 611.39 6.00 39737 0.65
34.99 5.90 206.35 612.17 6.00 39757 0.65
34.99 5.93 207.49 612.43 6.00 39777 0.65
34.99 5.93 207.49 612.96 6.00 39797 0.65
34.99 5.93 207.49 613.70 6.00 39817 0.65
34.99 5.93 207.49 614.38 6.00 39837 0.65
34.99 5.91 206.87 614.77 6.00 39857 0.65
34.99 5.91 206.87 615.72 6.00 39877 0.65
34.99 5.91 206.87 615.88 6.00 39897 0.65
34.99 5.84 204.42 616.40 6.00 39917 0.65
34.99 5.84 204.44 616.94 6.00 39937 0.65
34.99 5.84 204.44 617.29 6.00 39957 0.65
34.99 5.84 204.44 618.06 6.00 39977 0.65
34.99 5.75 201.29 618.37 6.00 39997 0.65
34.99 5.75 201.29 618.83 6.00 40017 0.65
34.99 5.75 201.29 619.67 6.00 40037 0.65
34.99 5.75 201.29 619.62 6.00 40057 0.65
34.99 5.76 201.47 620.83 6.00 40077 0.65
34.99 5.76 201.47 621.50 6.00 40097 0.65
34.99 5.76 201.47 621.41 6.00 40117 0.65
34.99 5.76 201.74 622.27 6.00 40137 0.65
34.99 5.76 201.74 622.46 6.00 40157 0.65
34.99 5.76 201.74 623.01 6.00 40177 0.65
34.99 5.76 201.74 622.96 6.00 40197 0.65
34.99 5.73 200.68 624.15 6.00 40217 0.65
34.99 5.73 200.68 624.83 6.00 40237 0.65
34.99 5.73 200.68 625.12 6.00 40257 0.65
34.99 5.73 200.68 625.61 6.00 40277 0.66
34.99 5.74 200.86 626.33 6.00 40297 0.66
34.99 5.74 200.86 626.66 6.00 40317 0.66
34.99 5.74 200.86 627.52 6.00 40337 0.66
34.99 5.71 199.98 627.67 6.00 40357 0.66
34.99 5.71 199.98 628.63 6.00 40377 0.66
34.99 5.71 199.98 628.52 6.00 40397 0.66
34.99 5.71 199.98 629.39 6.00 40417 0.66
34.99 5.74 200.86 629.93 6.00 40437 0.66
34.99 5.74 200.86 629.85 6.00 40457 0.66
34.99 5.74 200.86 631.53 6.00 40477 0.66
34.99 5.77 201.83 631.56 6.00 40497 0.66
34.99 5.77 201.83 631.37 6.00 40517 0.66
34.99 5.77 201.83 632.44 6.00 40537 0.66
34.99 5.77 201.83 632.88 6.00 40557 0.66
34.99 5.76 201.56 633.48 6.00 40577 0.66
34.99 5.76 201.56 634.08 6.00 40597 0.66
34.99 5.76 201.56 634.42 6.00 40617 0.66
34.99 5.76 201.56 634.92 6.00 40637 0.66
34.99 5.83 204.17 635.40 6.00 40657 0.66
34.99 5.83 204.17 636.05 6.00 40677 0.66
34.99 5.83 204.17 636.26 6.00 40697 0.66
34.99 5.80 203.04 636.98 6.00 40717 0.66
34.99 5.80 203.04 637.44 6.00 40737 0.66
34.99 5.80 203.04 637.95 6.00 40757 0.66
34.99 5.80 203.04 638.14 6.00 40777 0.66
34.99 5.76 201.73 639.26 6.00 40797 0.66
34.99 5.76 201.73 639.14 6.00 40817 0.66
34.99 5.76 201.73 640.11 6.00 40837 0.66
34.99 5.76 201.73 640.42 6.00 40857 0.66
34.99 5.71 199.99 640.92 6.00 40877 0.66
34.99 5.71 199.99 641.37 6.00 40897 0.66
34.99 5.71 199.99 641.90 6.00 40917 0.66
34.99 5.70 199.55 642.78 6.00 40937 0.66
34.99 5.70 199.55 643.77 6.00 40957 0.66
34.99 5.70 199.55 643.69 6.00 40977 0.66
34.99 5.70 199.55 643.77 6.00 40997 0.66
34.99 5.77 201.90 644.77 6.00 41017 0.66
34.99 5.77 201.90 645.11 6.00 41037 0.66
34.99 5.77 201.90 645.38 6.00 41057 0.66
34.99 5.78 202.25 646.36 6.00 41077 0.66
34.99 5.78 202.25 646.43 6.00 41097 0.67
34.99 5.78 202.25 647.19 6.00 41117 0.67
34.99 5.78 202.25 647.59 6.00 41137 0.67
34.99 5.93 207.56 648.62 6.00 41157 0.67
34.99 5.93 207.56 648.43 6.00 41177 0.67
34.99 5.93 207.56 648.91 6.00 41197 0.67
34.99 5.93 207.56 649.71 6.00 41217 0.67
34.99 5.94 207.75 649.68 6.00 41237 0.67
34.99 5.94 207.75 650.73 6.00 41257 0.67
34.99 5.94 207.75 651.39 6.00 41277 0.67
34.99 5.90 206.52 651.78 6.00 41297 0.67
34.99 5.90 206.52 652.79 6.00 41317 0.67
34.99 5.90 206.52 652.62 6.00 41337 0.67
34.99 5.90 206.52 653.53 6.00 41357 0.67
34.99 5.88 205.66 653.86 6.00 41377 0.67
34.99 5.88 205.66 654.48 6.00 41397 0.67
34.99 5.88 205.66 655.01 6.00 41417 0.67
34.99 5.80 203.04 655.43 6.00 41437 0.67
34.99 5.80 203.04 655.68 6.00 41457 0.67
34.99 5.80 203.04 656.05 6.00 41477 0.67
34.99 5.80 203.04 657.48 6.00 41497 0.67
34.99 5.80 202.95 657.00 6.00 41517 0.67
34.99 5.80 202.95 657.95 6.00 41537 0.67
34.99 5.80 202.95 658.24 6.00 41557 0.67
34.99 5.80 202.95 658.75 6.00 41577 0.67
34.99 5.67 198.42 659.41 6.00 41597 0.67
34.99 5.67 198.42 660.15 6.00 41617 0.67
34.99 5.67 198.42 660.65 6.00 41637 0.67
34.99 5.67 198.59 660.71 6.00 41657 0.67
34.99 5.67 198.59 661.48 6.00 41677 0.67
34.99 5.67 198.59 661.61 6.00 41697 0.67
34.99 5.67 198.59 663.05 6.00 41717 0.67
34.99 5.67 198.60 663.09 6.00 41737 0.67
34.99 5.67 198.60 663.13 6.00 41757 0.67
34.99 5.67 198.60 664.00 6.00 41777 0.67
34.99 5.67 198.60 664.36 6.00 41797 0.67
34.99 5.74 200.94 664.55 6.00 41817 0.67
34.99 5.74 200.94 665.07 6.00 41837 0.67
34.99 5.74 200.94 665.76 6.00 41857 0.67
34.99 5.77 202.07 666.42 6.00 41877 0.67
34.99 5.77 202.07 666.59 6.00 41897 0.67
34.99 5.77 202.07 667.02 6.00 41917 0.67
34.99 5.77 202.07 667.94 6.00 41937 0.67
34.99 5.78 202.43 668.49 6.00 41957 0.67
34.99 5.78 202.43 668.58 6.00 41977 0.67
34.99 5.78 202.43 668.71 6.00 41997 0.67
34.99 5.81 203.39 669.76 6.00 42017 0.67
34.99 5.81 203.39 670.29 6.00 42037 0.67
34.99 5.81 203.39 670.50 6.00 42057 0.67
34.99 5.81 203.39 671.11 6.00 42077 0.68
34.99 5.86 204.96 671.57 6.00 42097 0.68
34.99 5.86 204.96 672.04 6.00 42117 0.68
34.99 5.86 204.96 672.24 6.00 42137 0.68
34.99 5.86 204.96 673.02 6.00 42157 0.68
34.99 5.89 206.27 673.47 6.00 42177 0.68
34.99 5.89 206.27 674.07 6.00 42197 0.68
34.99 5.89 206.27 674.80 6.00 42217 0.68
34.99 5.72 200.34 675.49 6.00 42237 0.68
34.99 5.72 200.34 675.68 6.00 42257 0.68
34.99 5.72 200.34 675.95 6.00 42277 0.68
34.99 5.72 200.34 676.63 6.00 42297 0.68
34.99 5.71 199.81 677.08 6.00 42317 0.68
34.99 5.71 199.81 677.55 6.00 42337 0.68
34.99 5.71 199.81 678.08 6.00 42357 0.68
34.99 5.71 199.81 678.69 6.00 42377 0.68
34.99 5.85 204.61 679.28 6.00 42397 0.68
34.99 5.85 204.61 679.44 6.00 42417 0.68
34.99 5.85 204.61 680.50 6.00 42437 0.68
34.99 5.81 203.30 680.50 6.00 42457 0.68
34.99 5.81 203.30 681.11 6.00 42477 0.68
34.99 5.81 203.30 681.72 6.00 42497 0.68
34.99 5.81 203.30 681.30 6.00 42517 0.68
34.99 5.83 204.17 682.69 6.00 42537 0.68
34.99 5.83 204.17 682.73 6.00 42557 0.68
34.99 5.83 204.17 683.42 6.00 42577 0.68
34.99 5.80 203.13 683.55 6.00 42597 0.68
34.99 5.80 203.13 683.61 6.00 42617 0.68
34.99 5.80 203.13 684.57 6.00 42637 0.68
34.99 5.80 203.13 685.39 6.00 42657 0.68
34.99 5.78 202.26 685.36 6.00 42677 0.68
34.99 5.78 202.26 686.04 6.00 42697 0.68
34.99 5.78 202.26 686.70 6.00 42717 0.68
34.99 5.78 202.26 687.03 6.00 42737 0.68
34.99 5.83 204.16 687.73 6.00 42757 0.68
34.99 5.83 204.16 688.29 6.00 42777 0.68
34.99 5.83 204.16 688.40 6.00 42797 0.68
34.99 5.82 203.82 688.86 6.00 42817 0.68
34.99 5.82 203.82 689.48 6.00 42837 0.68
34.99 5.82 203.82 690.63 6.00 42857 0.68
34.99 5.82 203.82 690.58 6.00 42877 0.68
34.99 5.88 205.82 690.85 6.00 42897 0.68
34.99 5.88 205.82 691.24 6.00 42917 0.68
34.99 5.88 205.82 692.10 6.00 42937 0.68
34.99 5.81 203.37 692.62 6.00 42957 0.68
34.99 5.81 203.39 693.14 6.00 42977 0.68
34.99 5.81 203.39 693.39 6.00 42997 0.68
34.99 5.81 203.39 694.22 6.00 43017 0.68
34.99 5.79 202.60 694.94 6.00 43037 0.68
34.99 5.79 202.60 695.06 6.00 43057 0.68
34.99 5.79 202.60 695.58 6.00 43077 0.68
34.99 5.79 202.60 695.88 6.00 43097 0.68
34.99 5.83 203.91 696.35 6.00 43117 0.68
34.99 5.83 203.91 696.42 6.00 43137 0.69
34.99 5.83 203.91 697.46 6.00 43157 0.69
34.99 5.78 202.42 697.59 6.00 43177 0.69
34.99 5.78 202.42 698.44 6.00 43197 0.69
34.99 5.78 202.42 699.18 6.00 43217 0.69
34.99 5.78 202.42 699.81 6.00 43237 0.69
34.99 5.77 202.07 699.13 6.00 43257 0.69
34.99 5.77 202.07 700.40 6.00 43277 0.69
34.99 5.77 202.07 700.85 6.00 43297 0.69
34.99 5.77 202.07 702.14 6.00 43317 0.69
34.99 5.75 201.12 701.14 6.00 43337 0.69
34.99 5.75 201.12 701.68 6.00 43357 0.69
34.99 5.75 201.12 702.64 6.00 43377 0.69
34.99 5.78 202.34 702.88 6.00 43397 0.69
34.99 5.78 202.34 703.38 6.00 43417 0.69
34.99 5.78 202.34 704.00 6.00 43437 0.69
34.99 5.78 202.34 704.65 6.00 43457 0.69
34.99 5.82 203.55 705.48 6.00 43477 0.69
34.99 5.82 203.55 705.14 6.00 43497 0.69
34.99 5.82 203.55 705.48 6.00 43517 0.69
34.99 5.84 204.25 706.02 6.00 43537 0.69
34.99 5.84 204.25 706.21 6.00 43557 0.69
34.99 5.84 204.25 707.63 6.00 43577 0.69
34.99 5.84 204.25 707.66 6.00 43597 0.69
34.99 5.81 203.21 707.96 6.00 43617 0.69
34.99 5.81 203.21 708.94 6.00 43637 0.69
34.99 5.81 203.21 709.08 6.00 43657 0.69
34.99 5.81 203.21 709.78 6.00 43677 0.69
34.99 5.94 207.83 710.01 6.00 43697 0.69
34.99 5.94 207.83 710.13 6.00 43717 0.69
34.99 5.94 207.83 710.91 6.00 43737 0.69
34.99 5.91 206.97 712.27 6.00 43757 0.69
34.99 5.91 206.97 711.65 6.00 43777 0.69
34.99 5.91 206.97 712.26 6.00 43797 0.69
34.99 5.91 206.97 712.84 6.00 43817 0.69
34.99 5.76 201.65 713.22 6.00 43837 0.69
34.99 5.76 201.65 713.98 6.00 43857 0.69
34.99 5.76 201.65 713.84 6.00 43877 0.69
34.99 5.76 201.65 714.49 6.00 43897 0.69
34.99 5.78 202.25 714.97 6.00 43917 0.69
34.99 5.78 202.25 715.61 6.00 43937 0.69
34.99 5.78 202.25 716.14 6.00 43957 0.69
34.99 5.75 201.21 716.75 6.00 43977 0.69
34.99 5.75 201.21 716.45 6.00 43997 0.69
34.99 5.75 201.21 717.21 6.00 44017 0.69
34.99 5.75 201.21 718.13 6.00 44037 0.69
34.99 5.80 202.86 717.79 6.00 44057 0.69
34.99 5.80 202.86 719.08 6.00 44077 0.69
34.99 5.80 202.86 719.16 6.00 44097 0.69
34.99 5.86 205.21 719.58 6.00 44117 0.69
34.99 5.86 205.21 720.30 6.00 44137 0.69
34.99 5.86 205.21 720.82 6.00 44157 0.69
34.99 5.86 205.21 721.08 6.00 44177 0.69
34.99 5.78 202.17 721.38 6.00 44197 0.70
34.99 5.78 202.17 721.61 6.00 44217 0.70
34.99 5.78 202.17 722.59 6.00 44237 0.70
34.99 5.78 202.17 722.75 6.00 44257 0.70
34.99 5.78 202.17 723.76 6.00 44277 0.70
34.99 5.78 202.17 723.78 6.00 44297 0.70
34.99 5.78 202.17 724.24 6.00 44317 0.70
34.99 5.79 202.69 723.91 6.00 44337 0.70
34.99 5.79 202.69 725.36 6.00 44357 0.70
34.99 5.79 202.69 725.63 6.00 44377 0.70
34.99 5.79 202.69 726.29 6.00 44397 0.70
34.99 5.80 203.04 726.99 6.00 44417 0.70
34.99 5.80 203.04 726.98 6.00 44437 0.70
34.99 5.80 203.04 727.11 6.00 44457 0.70
34.99 5.77 201.91 727.75 6.00 44477 0.70
34.99 5.77 201.91 728.69 6.00 44497 0.70
34.99 5.77 201.91 729.31 6.00 44517 0.70
34.99 5.77 201.91 729.95 6.00 44537 0.70
34.99 5.84 204.26 729.67 6.00 44557 0.70
34.99 5.84 204.26 730.18 6.00 44577 0.70
34.99 5.84 204.26 730.80 6.00 44597 0.70
34.99 5.84 204.26 730.66 6.00 44617 0.70
34.99 5.77 201.83 731.43 6.00 44637 0.70
34.99 5.77 201.83 732.70 6.00 44657 0.70
34.99 5.77 201.83 732.16 6.00 44677 0.70
34.99 5.76 201.73 732.80 6.00 44697 0.70
34.99 5.76 201.73 733.43 6.00 44717 0.70
34.99 5.76 201.73 733.70 6.00 44737 0.70
34.99 5.76 201.73 733.44 6.00 44757 0.70
34.99 5.74 201.03 734.54 6.00 44777 0.70
34.99 5.74 201.03 735.31 6.00 44797 0.70
34.99 5.74 201.03 735.04 6.00 44817 0.70
34.99 5.74 201.03 735.28 6.00 44837 0.70
34.99 5.75 201.12 736.39 6.00 44857 0.70
34.99 5.75 201.12 736.79 6.00 44877 0.70
34.99 5.75 201.12 737.36 6.00 44897 0.70
34.99 5.85 204.87 737.98 6.00 44917 0.70
34.99 5.85 204.87 738.18 6.00 44937 0.70
34.99 5.85 204.87 738.69 6.00 44957 0.70
34.99 5.85 204.87 739.23 6.00 44977 0.70
34.99 5.82 203.82 739.39 6.00 44997 0.70
34.99 5.82 203.82 740.05 6.00 45017 0.70
34.99 5.82 203.82 740.49 6.00 45037 0.70
34.99 5.93 207.67 740.59 6.00 45057 0.70
34.99 5.93 207.67 741.40 6.00 45077 0.70
34.99 5.93 207.67 742.15 6.00 45097 0.70
34.99 5.93 207.67 741.88 6.00 45117 0.70
34.99 5.96 208.63 742.91 6.00 45137 0.70
34.99 5.96 208.63 742.79 6.00 45157 0.70
34.99 5.96 208.63 743.60 6.00 45177 0.70
34.99 5.96 208.63 744.44 6.00 45197 0.70
34.99 5.87 205.57 745.07 6.00 45217 0.70
34.99 5.87 205.57 745.15 6.00 45237 0.70
34.99 5.87 205.57 745.04 6.00 45257 0.70
34.99 5.82 203.74 745.73 6.00 45277 0.70
34.99 5.82 203.74 746.57 6.00 45297 0.71
34.99 5.82 203.74 747.02 6.00 45317 0.71
34.99 5.82 203.74 746.78 6.00 45337 0.71
34.99 5.76 201.73 747.59 6.00 45357 0.71
34.99 5.76 201.73 747.57 6.00 45377 0.71
34.99 5.76 201.73 748.51 6.00 45397 0.71
34.99 5.76 201.73 749.16 6.00 45417 0.71
34.99 5.70 199.64 749.50 6.00 45437 0.71
34.99 5.70 199.64 749.91 6.00 45457 0.71
34.99 5.70 199.64 750.60 6.00 45477 0.71
34.99 5.73 200.59 751.56 6.00 45497 0.71
34.99 5.73 200.59 751.48 6.00 45517 0.71
34.99 5.73 200.59 751.96 6.00 45537 0.71
34.99 5.73 200.59 751.89 6.00 45557 0.71
34.99 5.79 202.51 751.95 6.00 45577 0.71
34.99 5.79 202.51 752.73 6.00 45597 0.71
34.99 5.79 202.51 753.40 6.00 45617 0.71
34.99 5.82 203.65 754.06 6.00 45637 0.71
34.99 5.82 203.65 754.40 6.00 45657 0.71
34.99 5.82 203.65 754.76 6.00 45677 0.71
34.99 5.82 203.65 755.15 6.00 45697 0.71
34.99 5.83 204.17 755.84 6.00 45717 0.71
34.99 5.83 204.17 755.85 6.00 45737 0.71
34.99 5.83 204.17 756.05 6.00 45757 0.71
34.99 5.83 204.17 756.72 6.00 45777 0.71
34.99 5.80 203.12 757.13 6.00 45797 0.71
34.99 5.80 203.12 757.89 6.00 45817 0.71
34.99 5.80 203.12 757.84 6.00 45837 0.71
34.99 5.81 203.21 758.55 6.00 45857 0.71
34.99 5.81 203.21 759.27 6.00 45877 0.71
34.99 5.81 203.21 758.98 6.00 45897 0.71
34.99 5.81 203.21 759.73 6.00 45917 0.71
34.99 5.75 201.21 760.16 6.00 45937 0.71
34.99 5.75 201.21 760.98 6.00 45957 0.71
34.99 5.75 201.21 761.51 6.00 45977 0.71
34.99 5.81 203.30 762.16 6.00 45997 0.71
34.99 5.81 203.30 762.22 6.00 46017 0.71
34.99 5.81 203.30 762.20 6.00 46037 0.71
34.99 5.81 203.30 763.49 6.00 46057 0.71
34.99 5.86 205.22 763.15 6.00 46077 0.71
34.99 5.86 205.22 763.73 6.00 46097 0.71
34.99 5.86 205.22 764.73 6.00 46117 0.71
34.99 5.86 205.22 764.50 6.00 46137 0.71
34.99 5.89 206.09 765.22 6.00 46157 0.71
34.99 5.89 206.09 765.23 6.00 46177 0.71
34.99 5.89 206.09 765.97 6.00 46197 0.71
34.99 5.90 206.61 766.52 6.00 46217 0.71
34.99 5.90 206.61 766.57 6.00 46237 0.71
34.99 5.90 206.61 767.51 6.00 46257 0.71
34.99 5.90 206.61 768.03 6.00 46277 0.71
34.99 5.87 205.48 768.46 6.00 46297 0.71
34.99 5.87 205.48 768.86 6.00 46317 0.71
34.99 5.87 205.48 769.05 6.00 46337 0.71
34.99 5.87 205.48 769.64 6.00 46357 0.71
34.99 5.85 204.78 770.12 6.00 46377 0.72
34.99 5.85 204.78 770.68 6.00 46397 0.72
34.99 5.85 204.78 770.96 6.00 46417 0.72
34.99 5.87 205.49 771.53 6.00 46437 0.72
34.99 5.87 205.49 770.76 6.00 46457 0.72
34.99 5.87 205.49 772.07 6.00 46477 0.72
34.99 5.87 205.49 772.58 6.00 46497 0.72
34.99 5.83 204.17 772.68 6.00 46517 0.72
34.99 5.83 204.17 773.83 6.00 46537 0.72
34.99 5.83 204.17 773.67 6.00 46557 0.72
34.99 5.88 205.65 774.28 6.00 46577 0.72
34.99 5.88 205.65 774.43 6.00 46597 0.72
34.99 5.88 205.65 775.73 6.00 46617 0.72
34.99 5.88 205.65 776.04 6.00 46637 0.72
34.99 5.88 205.65 775.92 6.00 46657 0.72
34.99 5.88 205.65 776.23 6.00 46677 0.72
34.99 5.88 205.65 776.95 6.00 46697 0.72
34.99 5.88 205.65 777.25 6.00 46717 0.72
34.99 5.82 203.74 777.65 6.00 46737 0.72
34.99 5.82 203.74 777.94 6.00 46757 0.72
34.99 5.82 203.74 777.90 6.00 46777 0.72
34.99 5.72 200.16 779.05 6.00 46797 0.72
34.99 5.72 200.16 779.86 6.00 46817 0.72
34.99 5.72 200.16 779.96 6.00 46837 0.72
34.99 5.72 200.16 779.88 6.00 46857 0.72
34.99 5.72 200.07 780.59 6.00 46877 0.72
34.99 5.72 200.07 781.40 6.00 46897 0.72
34.99 5.72 200.07 781.87 6.00 46917 0.72
34.99 5.72 200.07 781.81 6.00 46937 0.72
34.99 5.75 201.12 782.89 6.00 46957 0.72
34.99 5.75 201.12 782.72 6.00 46977 0.72
34.99 5.75 201.12 783.26 6.00 46997 0.72
34.99 5.82 203.82 783.43 6.00 47017 0.72
34.99 5.82 203.82 784.15 6.00 47037 0.72
34.99 5.82 203.82 784.66 6.00 47057 0.72
34.99 5.82 203.82 784.53 6.00 47077 0.72
34.99 5.88 205.83 785.43 6.00 47097 0.72
34.99 5.88 205.83 785.70 6.00 47117 0.72
34.99 5.88 205.83 786.28 6.00 47137 0.72
34.99 5.90 206.35 786.25 6.00 47157 0.72
34.99 5.90 206.35 787.21 6.00 47177 0.72
34.99 5.90 206.35 787.32 6.00 47197 0.72
34.99 5.90 206.35 788.22 6.00 47217 0.72
34.99 5.87 205.57 788.86 6.00 47237 0.72
34.99 5.87 205.57 788.61 6.00 47257 0.72
34.99 5.87 205.57 789.21 6.00 47277 0.72
34.99 5.87 205.57 789.78 6.00 47297 0.72
34.99 5.86 204.96 789.22 6.00 47317 0.72
34.99 5.86 204.96 790.59 6.00 47337 0.72
34.99 5.86 204.96 790.57 6.00 47357 0.72
34.99 5.79 202.77 791.13 6.00 47377 0.72
34.99 5.79 202.77 791.73 6.00 47397 0.72
34.99 5.79 202.77 792.76 6.00 47417 0.72
34.99 5.79 202.77 792.47 6.00 47437 0.72
34.99 5.79 202.61 793.46 6.00 47457 0.72
34.99 5.79 202.61 793.67 6.00 47477 0.72
34.99 5.79 202.61 794.13 6.00 47497 0.72
34.99 5.70 199.46 794.40 6.00 47517 0.73
34.99 5.70 199.46 794.72 6.00 47537 0.73
34.99 5.70 199.46 795.25 6.00 47557 0.73
34.99 5.70 199.46 795.88 6.00 47577 0.73
34.99 5.78 202.17 795.81 6.00 47597 0.73
34.99 5.78 202.17 795.99 6.00 47617 0.73
34.99 5.78 202.17 796.71 6.00 47637 0.73
34.99 5.78 202.17 797.16 6.00 47657 0.73
34.99 5.71 199.90 797.29 6.00 47677 0.73
34.99 5.71 199.90 797.44 6.00 47697 0.73
34.99 5.71 199.90 798.11 6.00 47717 0.73
34.99 5.72 200.16 799.09 6.00 47737 0.73
34.99 5.72 200.16 799.38 6.00 47757 0.73
34.99 5.72 200.16 799.59 6.00 47777 0.73
34.99 5.72 200.16 800.16 6.00 47797 0.73
34.99 5.79 202.51 800.27 6.00 47817 0.73
34.99 5.79 202.51 800.70 6.00 47837 0.73
34.99 5.79 202.51 800.52 6.00 47857 0.73
34.99 5.79 202.51 801.97 6.00 47877 0.73
34.99 5.88 205.65 801.79 6.00 47897 0.73
34.99 5.88 205.65 802.55 6.00 47917 0.73
34.99 5.88 205.65 803.30 6.00 47937 0.73
34.99 5.88 205.83 803.82 6.00 47957 0.73
34.99 5.88 205.83 803.74 6.00 47977 0.73
34.99 5.88 205.83 804.21 6.00 47997 0.73
34.99 5.88 205.83 804.34 6.00 48017 0.73
34.99 5.85 204.60 805.04 6.00 48037 0.73
34.99 5.85 204.60 805.26 6.00 48057 0.73
34.99 5.85 204.60 805.46 6.00 48077 0.73
34.99 5.89 206.17 806.18 6.00 48097 0.73
34.99 5.89 206.17 806.73 6.00 48117 0.73
34.99 5.89 206.17 807.70 6.00 48137 0.73
34.99 5.89 206.17 808.07 6.00 48157 0.73
34.99 5.88 205.92 808.59 6.00 48177 0.73
34.99 5.88 205.92 808.36 6.00 48197 0.73
34.99 5.88 205.92 808.61 6.00 48217 0.73
34.99 5.88 205.92 809.60 6.00 48237 0.73
34.99 5.83 204.09 810.06 6.00 48257 0.73
34.99 5.83 204.09 809.95 6.00 48277 0.73
34.99 5.83 204.09 810.30 6.00 48297 0.73
34.99 5.83 203.91 811.45 6.00 48317 0.73
34.99 5.83 203.91 811.07 6.00 48337 0.73
34.99 5.83 203.91 811.89 6.00 48357 0.73
34.99 5.83 203.91 811.88 6.00 48377 0.73
34.99 5.78 202.34 812.41 6.00 48397 0.73
34.99 5.78 202.34 813.20 6.00 48417 0.73
34.99 5.78 202.34 812.96 6.00 48437 0.73
34.99 5.78 202.34 813.63 6.00 48457 0.73
34.99 5.82 203.82 814.61 6.00 48477 0.73
34.99 5.82 203.82 814.83 6.00 48497 0.73
34.99 5.82 203.82 814.51 6.00 48517 0.73
34.99 5.81 203.22 815.22 6.00 48537 0.73
34.99 5.81 203.22 816.22 6.00 48557 0.73
34.99 5.81 203.22 816.15 6.00 48577 0.74
34.99 5.81 203.22 816.25 6.00 48597 0.74
34.99 5.76 201.56 817.00 6.00 48617 0.74
34.99 5.76 201.56 817.59 6.00 48637 0.74
34.99 5.76 201.56 817.56 6.00 48657 0.74
34.99 5.76 201.56 818.69 6.00 48677 0.74
34.99 5.76 201.56 818.41 6.00 48697 0.74
34.99 5.76 201.56 818.69 6.00 48717 0.74
34.99 5.76 201.56 819.15 6.00 48737 0.74
34.99 5.88 205.92 820.47 6.00 48757 0.74
34.99 5.88 205.92 820.14 6.00 48777 0.74
34.99 5.88 205.92 820.60 6.00 48797 0.74
34.99 5.88 205.92 821.30 6.00 48817 0.74
34.99 5.87 205.57 821.79 6.00 48837 0.74
34.99 5.87 205.57 821.32 6.00 48857 0.74
34.99 5.87 205.57 822.19 6.00 48877 0.74
34.99 6.02 210.79 822.70 6.00 48897 0.74
34.99 6.02 210.79 823.33 6.00 48917 0.74
34.99 6.02 210.79 823.89 6.00 48937 0.74
34.99 6.02 210.79 824.05 6.00 48957 0.74
34.99 5.91 206.97 824.38 6.00 48977 0.74
34.99 5.91 206.97 824.82 6.00 48997 0.74
34.99 5.91 206.97 825.66 6.00 49017 0.74
34.99 5.76 201.73 825.70 6.00 49037 0.74
34.99 5.76 201.73 825.84 6.00 49057 0.74
34.99 5.76 201.73 826.62 6.00 49077 0.74
34.99 5.76 201.73 826.70 6.00 49097 0.74
34.99 5.79 202.77 826.90 6.00 49117 0.74
34.99 5.79 202.77 827.85 6.00 49137 0.74
34.99 5.79 202.77 828.28 6.00 49157 0.74
34.99 5.79 202.77 828.48 6.00 49177 0.74
34.99 5.76 201.64 829.80 6.00 49197 0.74
34.99 5.76 201.64 829.36 6.00 49217 0.74
34.99 5.76 201.64 829.81 6.00 49237 0.74
34.99 5.78 202.16 830.46 6.00 49257 0.74
34.99 5.78 202.16 830.27 6.00 49277 0.74
34.99 5.78 202.16 831.55 6.00 49297 0.74
34.99 5.78 202.16 830.56 6.00 49317 0.74
34.99 5.72 200.08 831.65 6.00 49337 0.74
34.99 5.72 200.08 832.11 6.00 49357 0.74
34.99 5.72 200.08 831.83 6.00 49377 0.74
34.99 5.72 200.08 832.65 6.00 49397 0.74
34.99 5.71 199.90 832.74 6.00 49417 0.74
34.99 5.71 199.90 833.43 6.00 49437 0.74
34.99 5.71 199.90 833.29 6.00 49457 0.74
34.99 5.79 202.51 834.46 6.00 49477 0.74
34.99 5.79 202.51 834.65 6.00 49497 0.74
34.99 5.79 202.51 835.79 6.00 49517 0.74
34.99 5.79 202.51 835.71 6.00 49537 0.74
34.99 5.91 206.86 836.28 6.00 49557 0.74
34.99 5.91 206.86 835.98 6.00 49577 0.74
34.99 5.91 206.86 837.12 6.00 49597 0.74
34.99 5.87 205.57 836.90 6.00 49617 0.74
34.99 5.87 205.57 837.74 6.00 49637 0.74
34.99 5.87 205.57 838.15 6.00 49657 0.74
34.99 5.87 205.57 838.29 6.00 49677 0.74
34.99 5.87 205.57 838.29 6.00 49697 0.74
34.99 5.87 205.57 838.30 6.00 49717 0.75
34.99 5.87 205.57 838.89 6.00 49737 0.75
34.99 5.87 205.57 839.81 6.00 49757 0.75
34.99 5.93 207.57 839.91 6.00 49777 0.75
34.99 5.93 207.57 840.65 6.00 49797 0.75
34.99 5.93 207.57 841.47 6.00 49817 0.75
34.99 5.82 203.63 841.56 6.00 49837 0.75
34.99 5.82 203.63 841.47 6.00 49857 0.75
34.99 5.82 203.63 841.11 6.00 49877 0.75
34.99 5.82 203.63 842.00 6.00 49897 0.75
34.99 5.80 202.88 843.28 6.00 49917 0.75
34.99 5.80 202.88 843.02 6.00 49937 0.75
34.99 5.80 202.88 843.62 6.00 49957 0.75
34.99 5.80 202.88 843.79 6.00 49977 0.75
34.99 5.85 204.87 844.84 6.00 49997 0.75
34.99 5.85 204.87 844.95 6.00 50017 0.75
34.99 5.85 204.87 844.86 6.00 50037 0.75
34.99 5.84 204.25 845.58 6.00 50057 0.75
34.99 5.84 204.25 845.82 6.00 50077 0.75
34.99 5.84 204.25 846.88 6.00 50097 0.75
34.99 5.84 204.25 846.63 6.00 50117 0.75
34.99 5.84 204.44 847.88 6.00 50137 0.75
34.99 5.84 204.44 848.03 6.00 50157 0.75
34.99 5.84 204.44 847.90 6.00 50177 0.75
34.99 5.72 200.34 848.45 6.00 50197 0.75
34.99 5.72 200.34 849.58 6.00 50217 0.75
34.99 5.72 200.34 849.15 6.00 50237 0.75
34.99 5.72 200.34 849.63 6.00 50257 0.75
34.99 5.89 206.08 850.44 6.00 50277 0.75
34.99 5.89 206.08 850.14 6.00 50297 0.75
34.99 5.89 206.08 850.27 6.00 50317 0.75
34.99 5.89 206.08 850.88 6.00 50337 0.75
34.99 5.89 206.18 851.90 6.00 50357 0.75
34.99 5.89 206.18 851.51 6.00 50377 0.75
34.99 5.89 206.18 852.62 6.00 50397 0.75
34.99 5.88 205.84 852.81 6.00 50417 0.75
34.99 5.88 205.84 853.56 6.00 50437 0.75
34.99 5.88 205.84 853.76 6.00 50457 0.75
34.99 5.88 205.84 854.36 6.00 50477 0.75
34.99 5.84 204.25 855.05 6.00 50497 0.75
34.99 5.84 204.25 853.90 6.00 50517 0.75
34.99 5.84 204.25 855.48 6.00 50537 0.75
34.99 5.96 208.43 855.27 6.00 50557 0.75
34.99 5.96 208.43 855.83 6.00 50577 0.75
34.99 5.96 208.43 856.16 6.00 50597 0.75
34.99 5.96 208.43 856.82 6.00 50617 0.75
34.99 5.97 208.80 857.22 6.00 50637 0.75
34.99 5.97 208.80 857.24 6.00 50657 0.75
34.99 5.97 208.80 858.36 6.00 50677 0.75
34.99 5.97 208.80 858.38 6.00 50697 0.75
34.99 5.94 207.75 859.02 6.00 50717 0.75
34.99 5.94 207.75 859.11 6.00 50737 0.75
34.99 5.94 207.75 859.07 6.00 50757 0.75
34.99 5.84 204.53 860.33 6.00 50777 0.75
34.99 5.84 204.53 860.03 6.00 50797 0.75
34.99 5.84 204.53 860.70 6.00 50817 0.75
34.99 5.84 204.53 860.82 6.00 50837 0.75
34.99 5.73 200.60 861.47 6.00 50857 0.75
34.99 5.73 200.60 861.55 6.00 50877 0.75
34.99 5.73 200.60 862.03 6.00 50897 0.75
34.99 5.73 200.60 862.24 6.00 50917 0.75
34.99 5.78 202.42 861.93 6.00 50937 0.75
34.99 5.78 202.42 863.48 6.00 50957 0.75
34.99 5.78 202.42 863.98 6.00 50977 0.75
34.99 5.75 201.12 863.78 6.00 50997 0.75
34.99 5.75 201.12 865.66 6.00 51017 0.75
34.99 5.75 201.12 864.93 6.00 51037 0.76
34.99 5.75 201.12 864.82 6.00 51057 0.76
34.99 5.81 203.21 865.46 6.00 51077 0.76
34.99 5.81 203.21 865.80 6.00 51097 0.76
34.99 5.81 203.21 866.18 6.00 51117 0.76
34.99 5.95 208.35 866.79 6.00 51137 0.76
34.99 5.95 208.35 866.46 6.00 51157 0.76
34.99 5.95 208.35 867.87 6.00 51177 0.76
34.99 5.95 208.35 867.90 6.00 51197 0.76
34.99 5.98 209.40 868.24 6.00 51217 0.76
34.99 5.98 209.40 868.92 6.00 51237 0.76
34.99 5.98 209.40 868.95 6.00 51257 0.76
34.99 5.98 209.40 869.91 6.00 51277 0.76
34.99 5.93 207.48 869.86 6.00 51297 0.76
34.99 5.93 207.48 870.54 6.00 51317 0.76
34.99 5.93 207.48 870.71 6.00 51337 0.76
34.99 5.72 200.17 871.18 6.00 51357 0.76
34.99 5.72 200.17 871.26 6.00 51377 0.76
34.99 5.72 200.17 871.42 6.00 51397 0.76
34.99 5.72 200.17 871.14 6.00 51417 0.76
34.99 5.67 198.50 872.45 6.00 51437 0.76
34.99 5.67 198.50 873.38 6.00 51457 0.76
34.99 5.67 198.50 872.60 6.00 51477 0.76
34.99 5.67 198.50 873.93 6.00 51497 0.76
34.99 5.71 199.89 873.92 6.00 51517 0.76
34.99 5.71 199.89 874.16 6.00 51537 0.76
34.99 5.71 199.89 874.97 6.00 51557 0.76
34.99 5.79 202.69 874.67 6.00 51577 0.76
34.99 5.79 202.69 875.43 6.00 51597 0.76
34.99 5.79 202.69 876.33 6.00 51617 0.76
34.99 5.79 202.69 876.51 6.00 51637 0.76
34.99 5.78 202.43 877.37 6.00 51657 0.76
34.99 5.78 202.43 876.24 6.00 51677 0.76
34.99 5.78 202.43 877.19 6.00 51697 0.76
34.99 5.75 201.21 877.49 6.00 51717 0.76
34.99 5.75 201.21 877.90 6.00 51737 0.76
34.99 5.75 201.21 878.12 6.00 51757 0.76
34.99 5.75 201.21 879.19 6.00 51777 0.76
34.99 5.95 208.09 878.99 6.00 51797 0.76
34.99 5.95 208.09 879.43 6.00 51817 0.76
34.99 5.95 208.09 879.52 6.00 51837 0.76
34.99 5.95 208.09 880.28 6.00 51857 0.76
34.99 6.01 210.45 880.60 6.00 51877 0.76
34.99 6.01 210.45 881.23 6.00 51897 0.76
34.99 6.01 210.45 881.83 6.00 51917 0.76
34.99 6.03 210.97 881.70 6.00 51937 0.76
34.99 6.03 210.97 882.26 6.00 51957 0.76
34.99 6.03 210.97 881.89 6.00 51977 0.76
34.99 6.03 210.97 882.65 6.00 51997 0.76
34.99 5.99 209.58 883.99 6.00 52017 0.76
34.99 5.99 209.58 883.93 6.00 52037 0.76
34.99 5.99 209.58 884.51 6.00 52057 0.76
34.99 5.97 208.97 884.64 6.00 52077 0.76
34.99 5.97 208.97 884.72 6.00 52097 0.76
34.99 5.97 208.97 885.43 6.00 52117 0.76
34.99 5.97 208.97 886.43 6.00 52137 0.76
34.99 5.87 205.49 886.42 6.00 52157 0.76
34.99 5.87 205.49 886.21 6.00 52177 0.76
34.99 5.87 205.49 887.47 6.00 52197 0.76
34.99 5.87 205.49 887.46 6.00 52217 0.76
34.99 5.75 201.29 887.52 6.00 52237 0.76
34.99 5.75 201.29 888.57 6.00 52257 0.76
34.99 5.75 201.29 888.44 6.00 52277 0.76
34.99 5.69 199.11 888.98 6.00 52297 0.76
34.99 5.69 199.11 888.95 6.00 52317 0.76
34.99 5.69 199.11 889.60 6.00 52337 0.76
34.99 5.69 199.11 890.75 6.00 52357 0.76
34.99 5.66 198.25 890.64 6.00 52377 0.77
34.99 5.66 198.25 890.59 6.00 52397 0.77
34.99 5.66 198.25 890.66 6.00 52417 0.77
34.99 5.66 198.25 890.80 6.00 52437 0.77
34.99 5.74 200.77 890.88 6.00 52457 0.77
34.99 5.74 200.77 891.70 6.00 52477 0.77
34.99 5.74 200.77 892.26 6.00 52497 0.77
34.99 5.79 202.69 893.03 6.00 52517 0.77
34.99 5.79 202.69 893.50 6.00 52537 0.77
34.99 5.79 202.69 893.36 6.00 52557 0.77
34.99 5.79 202.69 893.70 6.00 52577 0.77
34.99 5.72 200.34 894.64 6.00 52597 0.77
34.99 5.72 200.34 894.99 6.00 52617 0.77
34.99 5.72 200.34 894.95 6.00 52637 0.77
34.99 5.85 204.69 895.35 6.00 52657 0.77
34.99 5.85 204.69 895.19 6.00 52677 0.77
34.99 5.85 204.69 896.33 6.00 52697 0.77
34.99 5.85 204.69 896.28 6.00 52717 0.77
34.99 5.78 202.34 897.10 6.00 52737 0.77
34.99 5.78 202.34 897.32 6.00 52757 0.77
34.99 5.78 202.34 897.65 6.00 52777 0.77
34.99 5.78 202.34 897.38 6.00 52797 0.77
34.99 5.89 206.17 897.69 6.00 52817 0.77
34.99 5.89 206.17 897.95 6.00 52837 0.77
34.99 5.89 206.17 899.39 6.00 52857 0.77
34.99 5.90 206.54 898.80 6.00 52877 0.77
34.99 5.90 206.54 899.54 6.00 52897 0.77
34.99 5.90 206.54 900.55 6.00 52917 0.77
34.99 5.90 206.54 900.18 6.00 52937 0.77
34.99 5.88 205.82 901.02 6.00 52957 0.77
34.99 5.88 205.82 901.12 6.00 52977 0.77
34.99 5.88 205.82 901.19 6.00 52997 0.77
34.99 5.88 205.82 902.26 6.00 53017 0.77
34.99 5.81 203.39 901.85 6.00 53037 0.77
34.99 5.81 203.39 902.34 6.00 53057 0.77
34.99 5.81 203.39 903.71 6.00 53077 0.77
34.99 5.85 204.87 903.23 6.00 53097 0.77
34.99 5.85 204.87 903.60 6.00 53117 0.77
34.99 5.85 204.87 904.10 6.00 53137 0.77
34.99 5.85 204.87 905.15 6.00 53157 0.77
34.99 5.92 207.31 904.58 6.00 53177 0.77
34.99 5.92 207.31 905.46 6.00 53197 0.77
34.99 5.92 207.31 905.76 6.00 53217 0.77
34.99 5.81 203.47 905.76 6.00 53237 0.77
34.99 5.81 203.47 905.97 6.00 53257 0.77
34.99 5.81 203.47 907.18 6.00 53277 0.77
34.99 5.81 203.47 907.25 6.00 53297 0.77
34.99 5.89 206.18 907.02 6.00 53317 0.77
34.99 5.89 206.18 907.78 6.00 53337 0.77
34.99 5.89 206.18 908.10 6.00 53357 0.77
34.99 5.89 206.18 907.96 6.00 53377 0.77
34.99 5.90 206.35 909.45 6.00 53397 0.77
34.99 5.90 206.35 909.61 6.00 53417 0.77
34.99 5.90 206.35 909.41 6.00 53437 0.77
34.99 5.90 206.44 910.37 6.00 53457 0.77
34.99 5.90 206.44 910.46 6.00 53477 0.77
34.99 5.90 206.44 910.80 6.00 53497 0.77
34.99 5.90 206.44 911.13 6.00 53517 0.77
34.99 5.93 207.48 910.47 6.00 53537 0.77
34.99 5.93 207.48 910.93 6.00 53557 0.77
34.99 5.93 207.48 911.37 6.00 53577 0.77
34.99 5.85 204.87 912.23 6.00 53597 0.77
34.99 5.85 204.87 912.95 6.00 53617 0.77
34.99 5.85 204.87 913.01 6.00 53637 0.78
34.99 5.85 204.87 913.39 6.00 53657 0.78
34.99 5.86 205.13 914.29 6.00 53677 0.78
34.99 5.86 205.13 914.69 6.00 53697 0.78
34.99 5.86 205.13 914.06 6.00 53717 0.78
34.99 5.86 205.13 914.91 6.00 53737 0.78
34.99 5.77 201.82 915.96 6.00 53757 0.78
34.99 5.77 201.82 915.42 6.00 53777 0.78
34.99 5.77 201.82 915.92 6.00 53797 0.78
34.99 5.70 199.46 916.59 6.00 53817 0.78
34.99 5.70 199.46 916.62 6.00 53837 0.78
34.99 5.70 199.46 917.15 6.00 53857 0.78
34.99 5.70 199.46 917.57 6.00 53877 0.78
34.99 5.74 200.78 917.36 6.00 53897 0.78
34.99 5.74 200.78 918.10 6.00 53917 0.78
34.99 5.74 200.78 919.22 6.00 53937 0.78
34.99 5.74 200.78 918.51 6.00 53957 0.78
34.99 5.75 201.38 919.12 6.00 53977 0.78
34.99 5.75 201.38 919.37 6.00 53997 0.78
34.99 5.75 201.38 919.09 6.00 54017 0.78
34.99 5.80 202.95 920.65 6.00 54037 0.78
34.99 5.80 202.95 920.22 6.00 54057 0.78
34.99 5.80 202.95 920.67 6.00 54077 0.78
34.99 5.80 202.95 921.52 6.00 54097 0.78
34.99 5.88 205.65 921.91 6.00 54117 0.78
34.99 5.88 205.65 921.66 6.00 54137 0.78
34.99 5.88 205.65 922.58 6.00 54157 0.78
34.99 5.87 205.39 922.54 6.00 54177 0.78
34.99 5.87 205.39 922.98 6.00 54197 0.78
34.99 5.87 205.39 923.49 6.00 54217 0.78
34.99 5.87 205.39 923.90 6.00 54237 0.78
34.99 5.89 206.27 923.87 6.00 54257 0.78
34.99 5.89 206.27 924.90 6.00 54277 0.78
34.99 5.89 206.27 925.20 6.00 54297 0.78
34.99 5.89 206.27 924.39 6.00 54317 0.78
34.99 5.91 206.88 926.28 6.00 54337 0.78
34.99 5.91 206.88 926.31 6.00 54357 0.78
34.99 5.91 206.88 927.21 6.00 54377 0.78
34.99 5.89 206.27 926.44 6.00 54397 0.78
34.99 5.89 206.27 927.34 6.00 54417 0.78
34.99 5.89 206.27 926.97 6.00 54437 0.78
34.99 5.89 206.27 927.31 6.00 54457 0.78
34.99 5.92 207.05 927.72 6.00 54477 0.78
34.99 5.92 207.05 929.04 6.00 54497 0.78
34.99 5.92 207.05 928.78 6.00 54517 0.78
34.99 5.92 207.05 928.35 6.00 54537 0.78
34.99 5.89 206.01 930.39 6.00 54557 0.78
34.99 5.89 206.01 929.57 6.00 54577 0.78
34.99 5.89 206.01 930.13 6.00 54597 0.78
34.99 5.86 205.13 930.17 6.00 54617 0.78
34.99 5.86 205.13 931.40 6.00 54637 0.78
34.99 5.86 205.13 931.06 6.00 54657 0.78
34.99 5.86 205.13 932.40 6.00 54677 0.78
34.99 5.82 203.82 931.46 6.00 54697 0.78
34.99 5.82 203.82 932.40 6.00 54717 0.78
34.99 5.82 203.82 933.13 6.00 54737 0.78
34.99 5.79 202.77 932.89 6.00 54757 0.78
34.99 5.79 202.77 933.14 6.00 54777 0.78
34.99 5.79 202.77 933.55 6.00 54797 0.78
34.99 5.79 202.77 933.65 6.00 54817 0.78
34.99 5.80 203.04 934.96 6.00 54837 0.79
34.99 5.80 203.04 934.32 6.00 54857 0.79
34.99 5.80 203.04 935.32 6.00 54877 0.79
34.99 5.80 203.04 934.89 6.00 54897 0.79
34.99 5.89 206.16 935.54 6.00 54917 0.79
34.99 5.89 206.16 936.74 6.00 54937 0.79
34.99 5.89 206.16 936.62 6.00 54957 0.79
34.99 5.87 205.40 936.58 6.00 54977 0.79
34.99 5.87 205.40 937.06 6.00 54997 0.79
34.99 5.87 205.40 937.35 6.00 55017 0.79
34.99 5.87 205.40 937.79 6.00 55037 0.79
34.99 5.81 203.39 938.10 6.00 55057 0.79
34.99 5.81 203.39 938.19 6.00 55077 0.79
34.99 5.81 203.39 938.70 6.00 55097 0.79
34.99 5.82 203.65 938.69 6.00 55117 0.79
34.99 5.82 203.65 939.70 6.00 55137 0.79
34.99 5.82 203.65 939.92 6.00 55157 0.79
34.99 5.82 203.65 940.39 6.00 55177 0.79
34.99 5.82 203.82 940.88 6.00 55197 0.79
34.99 5.82 203.82 941.71 6.00 55217 0.79
34.99 5.82 203.82 941.06 6.00 55237 0.79
34.99 5.82 203.82 941.47 6.00 55257 0.79
34.99 5.78 202.43 941.44 6.00 55277 0.79
34.99 5.78 202.43 942.48 6.00 55297 0.79
34.99 5.78 202.43 942.79 6.00 55317 0.79
34.99 5.82 203.82 943.34 6.00 55337 0.79
34.99 5.82 203.82 943.22 6.00 55357 0.79
34.99 5.82 203.82 943.83 6.00 55377 0.79
34.99 5.82 203.82 944.05 6.00 55397 0.79
34.99 5.87 205.57 943.99 6.00 55417 0.79
34.99 5.87 205.57 945.30 6.00 55437 0.79
34.99 5.87 205.57 944.73 6.00 55457 0.79
34.99 5.87 205.57 945.69 6.00 55477 0.79
34.99 5.89 206.18 946.21 6.00 55497 0.79
34.99 5.89 206.18 946.12 6.00 55517 0.79
34.99 5.89 206.18 947.61 6.00 55537 0.79
34.99 5.87 205.48 946.76 6.00 55557 0.79
34.99 5.87 205.48 947.06 6.00 55577 0.79
34.99 5.87 205.48 947.64 6.00 55597 0.79
34.99 5.87 205.48 947.33 6.00 55617 0.79
34.99 5.86 204.95 948.20 6.00 55637 0.79
34.99 5.86 204.95 947.75 6.00 55657 0.79
34.99 5.86 204.95 948.86 6.00 55677 0.79
34.99 5.88 205.92 949.94 6.00 55697 0.79
34.99 5.88 205.92 950.45 6.00 55717 0.79
34.99 5.88 205.92 950.30 6.00 55737 0.79
34.99 5.88 205.92 951.17 6.00 55757 0.79
34.99 5.91 206.79 950.78 6.00 55777 0.79
34.99 5.91 206.79 951.38 6.00 55797 0.79
34.99 5.91 206.79 951.63 6.00 55817 0.79
34.99 5.91 206.79 952.70 6.00 55837 0.79
34.99 5.86 205.04 950.99 6.00 55857 0.79
34.99 5.86 205.04 952.56 6.00 55877 0.79
34.99 5.86 205.04 953.00 6.00 55897 0.79
34.99 5.88 205.83 954.00 6.00 55917 0.79
34.99 5.88 205.83 953.97 6.00 55937 0.79
34.99 5.88 205.83 954.30 6.00 55957 0.79
34.99 5.88 205.83 954.27 6.00 55977 0.79
34.99 5.85 204.79 955.08 6.00 55997 0.79
34.99 5.85 204.79 954.79 6.00 56017 0.79
34.99 5.85 204.79 955.61 6.00 56037 0.79
34.99 5.76 201.72 954.90 6.00 56057 0.79
34.99 5.76 201.73 955.89 6.00 56077 0.79
34.99 5.76 201.73 956.34 6.00 56097 0.79
34.99 5.76 201.73 955.67 6.00 56117 0.79
34.99 5.83 204.00 956.42 6.00 56137 0.79
34.99 5.83 204.00 957.03 6.00 56157 0.79
34.99 5.83 204.00 956.92 6.00 56177 0.80
34.99 5.83 204.00 957.79 6.00 56197 0.80
34.99 5.83 204.09 958.62 6.00 56217 0.80
34.99 5.83 204.09 957.95 6.00 56237 0.80
34.99 5.83 204.09 958.96 6.00 56257 0.80
34.99 5.92 207.30 959.59 6.00 56277 0.80
34.99 5.92 207.30 959.36 6.00 56297 0.80
34.99 5.92 207.30 959.62 6.00 56317 0.80
34.99 5.92 207.30 960.66 6.00 56337 0.80
34.99 5.91 206.70 960.86 6.00 56357 0.80
34.99 5.91 206.70 961.52 6.00 56377 0.80
34.99 5.91 206.70 961.52 6.00 56397 0.80
34.99 5.91 206.70 961.54 6.00 56417 0.80
34.99 5.89 206.18 960.75 6.00 56437 0.80
34.99 5.89 206.18 962.36 6.00 56457 0.80
34.99 5.89 206.18 962.83 6.00 56477 0.80
34.99 5.89 206.26 963.31 6.00 56497 0.80
34.99 5.89 206.26 963.72 6.00 56517 0.80
34.99 5.89 206.26 963.96 6.00 56537 0.80
34.99 5.89 206.26 963.08 6.00 56557 0.80
34.99 5.87 205.57 963.92 6.00 56577 0.80
34.99 5.87 205.57 964.86 6.00 56597 0.80
34.99 5.87 205.57 966.04 6.00 56617 0.80
34.99 5.90 206.53 965.67 6.00 56637 0.80
34.99 5.90 206.53 964.96 6.00 56657 0.80
34.99 5.90 206.53 965.86 6.00 56677 0.80
34.99 5.90 206.53 966.31 6.00 56697 0.80
34.99 5.82 203.65 966.25 6.00 56717 0.80
34.99 5.82 203.65 967.31 6.00 56737 0.80
34.99 5.82 203.65 967.04 6.00 56757 0.80
34.99 5.82 203.65 967.96 6.00 56777 0.80
34.99 5.78 202.34 967.91 6.00 56797 0.80
34.99 5.78 202.34 968.32 6.00 56817 0.80
34.99 5.78 202.34 968.71 6.00 56837 0.80
34.99 5.86 205.12 969.65 6.00 56857 0.80
34.99 5.86 205.12 969.56 6.00 56877 0.80
34.99 5.86 205.12 969.95 6.00 56897 0.80
34.99 5.86 205.12 969.56 6.00 56917 0.80
34.99 5.72 200.34 970.50 6.00 56937 0.80
34.99 5.72 200.34 970.84 6.00 56957 0.80
34.99 5.72 200.34 971.13 6.00 56977 0.80
34.99 5.72 200.34 970.69 6.00 56997 0.80
34.99 5.80 202.94 972.21 6.00 57017 0.80
34.99 5.80 202.94 972.04 6.00 57037 0.80
34.99 5.80 202.94 973.50 6.00 57057 0.80
34.99 5.82 203.82 972.59 6.00 57077 0.80
34.99 5.82 203.82 973.20 6.00 57097 0.80
34.99 5.82 203.82 973.98 6.00 57117 0.80
34.99 5.82 203.82 973.43 6.00 57137 0.80
34.99 5.81 203.31 973.39 6.00 57157 0.80
34.99 5.81 203.31 974.69 6.00 57177 0.80
34.99 5.81 203.31 973.87 6.00 57197 0.80
34.99 5.87 205.55 975.24 6.00 57217 0.80
34.99 5.87 205.55 974.88 6.00 57237 0.80
34.99 5.87 205.55 974.23 6.00 57257 0.80
34.99 5.87 205.55 976.26 6.00 57277 0.80
34.99 5.92 207.05 975.70 6.00 57297 0.80
34.99 5.92 207.05 976.58 6.00 57317 0.80
34.99 5.92 207.05 977.06 6.00 57337 0.80
34.99 5.92 207.05 976.07 6.00 57357 0.80
34.99 5.91 206.87 977.31 6.00 57377 0.80
34.99 5.91 206.87 977.98 6.00 57397 0.80
34.99 5.91 206.87 979.30 6.00 57417 0.80
34.99 5.92 207.13 978.36 6.00 57437 0.80
34.99 5.92 207.13 978.44 6.00 57457 0.80
34.99 5.92 207.13 979.34 6.00 57477 0.80
34.99 5.92 207.13 980.31 6.00 57497 0.80
34.99 5.92 207.14 980.50 6.00 57517 0.80
34.99 5.92 207.14 980.62 6.00 57537 0.80
34.99 5.92 207.14 980.92 6.00 57557 0.80
34.99 5.88 205.92 980.99 6.00 57577 0.80
34.99 5.88 205.91 981.64 6.00 57597 0.80
34.99 5.88 205.91 981.18 6.00 57617 0.80
34.99 5.88 205.91 981.58 6.00 57637 0.80
34.99 5.79 202.78 982.40 6.00 57657 0.81
34.99 5.79 202.78 983.03 6.00 57677 0.81
34.99 5.79 202.78 982.99 6.00 57697 0.81
34.99 5.79 202.78 983.59 6.00 57717 0.81
34.99 5.79 202.77 983.54 6.00 57737 0.81
34.99 5.79 202.77 984.16 6.00 57757 0.81
34.99 5.79 202.77 984.83 6.00 57777 0.81
34.99 5.82 203.82 984.20 6.00 57797 0.81
34.99 5.82 203.82 984.43 6.00 57817 0.81
34.99 5.82 203.82 985.66 6.00 57837 0.81
34.99 5.82 203.82 985.16 6.00 57857 0.81
34.99 5.84 204.44 986.02 6.00 57877 0.81
34.99 5.84 204.44 986.81 6.00 57897 0.81
34.99 5.84 204.44 987.41 6.00 57917 0.81
34.99 5.84 204.44 987.36 6.00 57937 0.81
34.99 5.86 205.04 987.04 6.00 57957 0.81
34.99 5.86 205.04 987.77 6.00 57977 0.81
34.99 5.86 205.04 988.26 6.00 57997 0.81
34.99 5.91 206.88 987.78 6.00 58017 0.81
34.99 5.91 206.88 988.58 6.00 58037 0.81
34.99 5.91 206.88 988.73 6.00 58057 0.81
34.99 5.91 206.88 988.32 6.00 58077 0.81
34.99 6.00 209.93 989.35 6.00 58097 0.81
34.99 6.00 209.93 990.00 6.00 58117 0.81
34.99 6.00 209.93 990.23 6.00 58137 0.81
34.99 5.98 209.41 990.83 6.00 58157 0.81
34.99 5.98 209.41 990.74 6.00 58177 0.81
34.99 5.98 209.41 990.87 6.00 58197 0.81
34.99 5.98 209.41 991.15 6.00 58217 0.81
34.99 5.83 204.09 991.56 6.00 58237 0.81
34.99 5.83 204.09 991.72 6.00 58257 0.81
34.99 5.83 204.09 992.34 6.00 58277 0.81
34.99 5.83 204.09 992.88 6.00 58297 0.81
34.99 5.83 204.09 993.38 6.00 58317 0.81
34.99 5.83 204.09 994.18 6.00 58337 0.81
34.99 5.83 204.09 994.60 6.00 58357 0.81
34.99 5.80 202.87 993.64 6.00 58377 0.81
34.99 5.80 202.87 993.81 6.00 58397 0.81
34.99 5.80 202.87 994.93 6.00 58417 0.81
34.99 5.80 202.87 995.01 6.00 58437 0.81
34.99 5.73 200.43 995.64 6.00 58457 0.81
34.99 5.73 200.43 995.16 6.00 58477 0.81
34.99 5.73 200.43 996.69 6.00 58497 0.81
34.99 5.73 200.43 995.70 6.00 58517 0.81
34.99 5.80 203.04 996.99 6.00 58537 0.81
34.99 5.80 203.04 995.93 6.00 58557 0.81
34.99 5.80 203.04 998.00 6.00 58577 0.81
34.99 5.83 203.91 997.71 6.00 58597 0.81
34.99 5.83 203.91 999.25 6.00 58617 0.81
34.99 5.83 203.91 997.95 6.00 58637 0.81
34.99 5.83 203.91 998.29 6.00 58657 0.81
34.99 5.84 204.52 999.12 6.00 58677 0.81
34.99 5.84 204.52 999.27 6.00 58697 0.81
34.99 5.84 204.52 999.92 6.00 58717 0.81
34.99 5.90 206.52 998.77 6.00 58737 0.81
34.99 5.90 206.52 1000.28 6.00 58757 0.81
34.99 5.90 206.52 1000.05 6.00 58777 0.81
34.99 5.90 206.52 1001.42 6.00 58797 0.81
34.99 5.89 206.00 1001.22 6.00 58817 0.81
34.99 5.89 206.00 1001.87 6.00 58837 0.81
34.99 5.89 206.00 1001.77 6.00 58857 0.81
34.99 5.89 206.00 1001.67 6.00 58877 0.81
34.99 5.89 206.27 1002.59 6.00 58897 0.81
34.99 5.89 206.27 1003.09 6.00 58917 0.81
34.99 5.89 206.27 1003.26 6.00 58937 0.81
34.99 5.83 204.00 1003.53 6.00 58957 0.81
34.99 5.83 204.00 1004.32 6.00 58977 0.81
34.99 5.83 204.00 1004.03 6.00 58997 0.82
34.99 5.83 204.00 1005.01 6.00 59017 0.82
34.99 5.83 204.17 1003.66 6.00 59037 0.82
34.99 5.83 204.17 1004.55 6.00 59057 0.82
34.99 5.83 204.17 1005.11 6.00 59077 0.82
34.99 5.95 208.10 1005.26 6.00 59097 0.82
34.99 5.95 208.09 1006.12 6.00 59117 0.82
34.99 5.95 208.09 1006.46 6.00 59137 0.82
34.99 5.95 208.09 1007.08 6.00 59157 0.82
34.99 5.89 206.18 1007.15 6.00 59177 0.82
34.99 5.89 206.18 1007.56 6.00 59197 0.82
34.99 5.89 206.18 1007.17 6.00 59217 0.82
34.99 5.89 206.18 1007.78 6.00 59237 0.82
34.99 5.84 204.27 1008.59 6.00 59257 0.82
34.99 5.84 204.27 1009.06 6.00 59277 0.82
34.99 5.84 204.27 1009.32 6.00 59297 0.82
34.99 5.82 203.56 1009.03 6.00 59317 0.82
34.99 5.82 203.56 1008.84 6.00 59337 0.82
34.99 5.82 203.56 1009.51 6.00 59357 0.82
34.99 5.82 203.56 1010.03 6.00 59377 0.82
34.99 5.86 204.96 1011.12 6.00 59397 0.82
34.99 5.86 204.96 1010.31 6.00 59417 0.82
34.99 5.86 204.96 1011.50 6.00 59437 0.82
34.99 5.86 204.96 1010.65 6.00 59457 0.82
34.99 5.91 206.78 1011.36 6.00 59477 0.82
34.99 5.91 206.78 1011.74 6.00 59497 0.82
34.99 5.91 206.78 1012.15 6.00 59517 0.82
34.99 5.88 205.83 1012.35 6.00 59537 0.82
34.99 5.88 205.83 1013.22 6.00 59557 0.82
34.99 5.88 205.83 1014.58 6.00 59577 0.82
34.99 5.88 205.83 1013.50 6.00 59597 0.82
34.99 5.97 208.88 1014.16 6.00 59617 0.82
34.99 5.97 208.88 1015.21 6.00 59637 0.82
34.99 5.97 208.88 1014.20 6.00 59657 0.82
34.99 5.91 206.97 1014.73 6.00 59677 0.82
34.99 5.91 206.97 1015.33 6.00 59697 0.82
34.99 5.91 206.97 1015.81 6.00 59717 0.82
34.99 5.91 206.97 1016.57 6.00 59737 0.82
34.99 5.87 205.57 1016.17 6.00 59757 0.82
34.99 5.87 205.57 1016.33 6.00 59777 0.82
34.99 5.87 205.57 1017.23 6.00 59797 0.82
34.99 5.87 205.57 1017.52 6.00 59817 0.82
34.99 5.80 203.04 1016.95 6.00 59837 0.82
34.99 5.80 203.04 1017.95 6.00 59857 0.82
34.99 5.80 203.04 1017.48 6.00 59877 0.82
34.99 5.81 203.30 1018.69 6.00 59897 0.82
34.99 5.81 203.30 1018.55 6.00 59917 0.82
34.99 5.81 203.30 1018.35 6.00 59937 0.82
34.99 5.81 203.30 1019.09 6.00 59957 0.82
34.99 5.77 202.08 1019.82 6.00 59977 0.82
34.99 5.77 202.08 1020.67 6.00 59997 0.82
34.99 5.77 202.08 1020.37 6.00 60017 0.82
34.99 5.77 202.08 1020.74 6.00 60037 0.82
34.99 5.84 204.34 1021.69 6.00 60057 0.82
34.99 5.84 204.34 1021.29 6.00 60077 0.82
34.99 5.84 204.34 1021.15 6.00 60097 0.82
34.99 5.82 203.82 1022.18 6.00 60117 0.82
34.99 5.82 203.82 1021.96 6.00 60137 0.82
34.99 5.82 203.82 1022.37 6.00 60157 0.82
34.99 5.82 203.82 1022.27 6.00 60177 0.82
34.99 5.87 205.48 1022.67 6.00 60197 0.82
34.99 5.87 205.48 1022.77 6.00 60217 0.82
34.99 5.87 205.48 1024.61 6.00 60237 0.82
34.99 5.89 206.17 1023.68 6.00 60257 0.82
34.99 5.89 206.17 1024.24 6.00 60277 0.82
34.99 5.89 206.17 1023.91 6.00 60297 0.82
34.99 5.89 206.17 1025.33 6.00 60317 0.82
34.99 5.88 205.74 1025.15 6.00 60337 0.82
34.99 5.88 205.74 1026.48 6.00 60357 0.82
34.99 5.88 205.74 1025.41 6.00 60377 0.82
34.99 5.88 205.74 1026.27 6.00 60397 0.82
34.99 5.93 207.57 1026.80 6.00 60417 0.82
34.99 5.93 207.57 1026.87 6.00 60437 0.82
34.99 5.93 207.57 1027.29 6.00 60457 0.82
34.99 5.94 208.00 1026.76 6.00 60477 0.82
34.99 5.94 208.00 1027.77 6.00 60497 0.82
34.99 5.94 208.00 1028.28 6.00 60517 0.82
34.99 5.94 208.00 1028.05 6.00 60537 0.82
34.99 5.91 206.70 1028.54 6.00 60557 0.83
34.99 5.91 206.70 1028.95 6.00 60577 0.83
34.99 5.91 206.70 1029.90 6.00 60597 0.83
34.99 5.87 205.48 1029.62 6.00 60617 0.83
34.99 5.87 205.48 1030.13 6.00 60637 0.83
34.99 5.87 205.48 1029.72 6.00 60657 0.83
34.99 5.87 205.48 1030.70 6.00 60677 0.83
34.99 5.83 203.90 1031.90 6.00 60697 0.83
34.99 5.83 203.90 1030.06 6.00 60717 0.83
34.99 5.83 203.90 1031.26 6.00 60737 0.83
34.99 5.83 203.90 1032.05 6.00 60757 0.83
34.99 5.83 204.00 1032.51 6.00 60777 0.83
34.99 5.83 204.00 1032.36 6.00 60797 0.83
34.99 5.83 204.00 1032.99 6.00 60817 0.83
34.99 5.81 203.30 1032.79 6.00 60837 0.83
34.99 5.81 203.30 1033.15 6.00 60857 0.83
34.99 5.81 203.30 1033.48 6.00 60877 0.83
34.99 5.81 203.30 1033.43 6.00 60897 0.83
34.99 5.78 202.43 1034.34 6.00 60917 0.83
34.99 5.78 202.43 1035.50 6.00 60937 0.83
34.99 5.78 202.43 1034.18 6.00 60957 0.83
34.99 5.78 202.43 1035.16 6.00 60977 0.83
34.99 5.76 201.56 1036.14 6.00 60997 0.83
34.99 5.76 201.56 1035.52 6.00 61017 0.83
34.99 5.76 201.56 1036.52 6.00 61037 0.83
34.99 5.89 206.26 1036.16 6.00 61057 0.83
34.99 5.89 206.26 1036.91 6.00 61077 0.83
34.99 5.89 206.26 1037.40 6.00 61097 0.83
34.99 5.89 206.26 1038.44 6.00 61117 0.83
34.99 5.97 208.96 1037.94 6.00 61137 0.83
34.99 5.97 208.96 1037.17 6.00 61157 0.83
34.99 5.97 208.96 1038.48 6.00 61177 0.83
34.99 5.88 205.66 1038.84 6.00 61197 0.83
34.99 5.88 205.66 1039.50 6.00 61217 0.83
34.99 5.88 205.66 1038.89 6.00 61237 0.83
34.99 5.88 205.66 1039.43 6.00 61257 0.83
34.99 5.90 206.44 1040.13 6.00 61277 0.83
34.99 5.90 206.44 1039.63 6.00 61297 0.83
34.99 5.90 206.44 1040.78 6.00 61317 0.83
34.99 5.90 206.44 1041.52 6.00 61337 0.83
34.99 5.83 204.08 1041.16 6.00 61357 0.83
34.99 5.83 204.08 1041.34 6.00 61377 0.83
34.99 5.83 204.08 1041.34 6.00 61397 0.83
34.99 5.82 203.57 1042.37 6.00 61417 0.83
34.99 5.82 203.57 1042.39 6.00 61437 0.83
34.99 5.82 203.57 1042.83 6.00 61457 0.83
34.99 5.82 203.57 1043.64 6.00 61477 0.83
34.99 5.90 206.35 1042.55 6.00 61497 0.83
34.99 5.90 206.35 1044.24 6.00 61517 0.83
34.99 5.90 206.35 1043.33 6.00 61537 0.83
34.99 5.90 206.35 1044.44 6.00 61557 0.83
34.99 5.92 207.04 1044.30 6.00 61577 0.83
34.99 5.92 207.04 1045.06 6.00 61597 0.83
34.99 5.92 207.04 1045.39 6.00 61617 0.83
34.99 5.92 207.15 1045.39 6.00 61637 0.83
34.99 5.92 207.15 1046.26 6.00 61657 0.83
34.99 5.92 207.15 1044.93 6.00 61677 0.83
34.99 5.92 207.15 1046.35 6.00 61697 0.83
34.99 5.87 205.48 1046.54 6.00 61717 0.83
34.99 5.87 205.48 1047.58 6.00 61737 0.83
34.99 5.87 205.48 1047.52 6.00 61757 0.83
34.99 5.90 206.45 1047.63 6.00 61777 0.83
34.99 5.90 206.45 1047.32 6.00 61797 0.83
34.99 5.90 206.45 1047.83 6.00 61817 0.83
34.99 5.90 206.45 1048.60 6.00 61837 0.83
34.99 5.87 205.40 1048.29 6.00 61857 0.83
34.99 5.87 205.40 1049.50 6.00 61877 0.83
34.99 5.87 205.40 1049.17 6.00 61897 0.83
34.99 5.87 205.40 1049.70 6.00 61917 0.83
34.99 5.93 207.57 1049.96 6.00 61937 0.83
34.99 5.93 207.57 1050.29 6.00 61957 0.83
34.99 5.93 207.57 1049.74 6.00 61977 0.83
34.99 5.83 204.05 1051.99 6.00 61997 0.83
34.99 5.83 204.05 1051.23 6.00 62017 0.83
34.99 5.83 204.05 1051.03 6.00 62037 0.83
34.99 5.83 204.05 1052.30 6.00 62057 0.84
34.99 5.78 202.23 1052.72 6.00 62077 0.84
34.99 5.78 202.23 1052.08 6.00 62097 0.84
34.99 5.78 202.23 1053.04 6.00 62117 0.84
34.99 6.00 209.92 1053.02 6.00 62137 0.84
34.99 6.00 209.94 1053.26 6.00 62157 0.84
34.99 6.00 209.94 1054.28 6.00 62177 0.84
34.99 6.00 209.94 1053.76 6.00 62197 0.84
34.99 5.84 204.34 1054.52 6.00 62217 0.84
34.99 5.84 204.34 1054.56 6.00 62237 0.84
34.99 5.84 204.34 1054.89 6.00 62257 0.84
34.99 5.84 204.34 1055.19 6.00 62277 0.84
34.99 5.86 204.95 1056.00 6.00 62297 0.84
34.99 5.86 204.95 1056.69 6.00 62317 0.84
34.99 5.86 204.95 1056.26 6.00 62337 0.84
34.99 5.81 203.22 1056.26 6.00 62357 0.84
34.99 5.81 203.22 1057.34 6.00 62377 0.84
34.99 5.81 203.22 1057.21 6.00 62397 0.84
34.99 5.81 203.22 1057.72 6.00 62417 0.84
34.99 5.74 200.86 1057.81 6.00 62437 0.84
34.99 5.74 200.86 1058.01 6.00 62457 0.84
34.99 5.74 200.86 1058.35 6.00 62477 0.84
34.99 5.74 200.86 1058.82 6.00 62497 0.84
34.99 5.79 202.69 1058.82 6.00 62517 0.84
34.99 5.79 202.69 1059.92 6.00 62537 0.84
34.99 5.79 202.69 1059.02 6.00 62557 0.84
34.99 5.86 205.22 1059.12 6.00 62577 0.84
34.99 5.86 205.22 1060.00 6.00 62597 0.84
34.99 5.86 205.22 1060.15 6.00 62617 0.84
34.99 5.86 205.22 1060.75 6.00 62637 0.84
34.99 5.95 208.34 1060.69 6.00 62657 0.84
34.99 5.95 208.34 1061.25 6.00 62677 0.84
34.99 5.95 208.34 1061.27 6.00 62697 0.84
34.99 5.92 207.32 1061.72 6.00 62717 0.84
34.99 5.92 207.32 1061.78 6.00 62737 0.84
34.99 5.92 207.32 1061.83 6.00 62757 0.84
34.99 5.92 207.32 1062.85 6.00 62777 0.84
34.99 5.90 206.52 1063.47 6.00 62797 0.84
34.99 5.90 206.52 1063.36 6.00 62817 0.84
34.99 5.90 206.52 1064.38 6.00 62837 0.84
34.99 5.90 206.52 1064.34 6.00 62857 0.84
34.99 5.90 206.44 1064.66 6.00 62877 0.84
34.99 5.90 206.44 1064.34 6.00 62897 0.84
34.99 5.90 206.44 1064.34 6.00 62917 0.84
34.99 5.84 204.52 1065.10 6.00 62937 0.84
34.99 5.84 204.52 1065.38 6.00 62957 0.84
34.99 5.84 204.52 1066.42 6.00 62977 0.84
34.99 5.84 204.52 1064.81 6.00 62997 0.84
34.99 5.93 207.57 1066.27 6.00 63017 0.84
34.99 5.93 207.57 1066.78 6.00 63037 0.84
34.99 5.93 207.57 1067.92 6.00 63057 0.84
34.99 5.93 207.57 1067.46 6.00 63077 0.84
34.99 5.85 204.87 1067.60 6.00 63097 0.84
34.99 5.85 204.87 1067.86 6.00 63117 0.84
34.99 5.85 204.87 1068.15 6.00 63137 0.84
34.99 5.92 207.14 1067.50 6.00 63157 0.84
34.99 5.92 207.14 1068.32 6.00 63177 0.84
34.99 5.92 207.14 1068.66 6.00 63197 0.84
34.99 5.92 207.14 1069.42 6.00 63217 0.84
34.99 5.82 203.82 1070.05 6.00 63237 0.84
34.99 5.82 203.82 1069.37 6.00 63257 0.84
34.99 5.82 203.82 1069.98 6.00 63277 0.84
34.99 5.90 206.35 1070.38 6.00 63297 0.84
34.99 5.90 206.35 1070.32 6.00 63317 0.84
34.99 5.90 206.35 1070.28 6.00 63337 0.84
34.99 5.90 206.35 1071.35 6.00 63357 0.84
34.99 5.95 208.26 1071.35 6.00 63377 0.84
34.99 5.95 208.26 1071.93 6.00 63397 0.84
34.99 5.95 208.26 1071.98 6.00 63417 0.84
34.99 5.95 208.26 1072.46 6.00 63437 0.84
34.99 5.86 205.13 1073.71 6.00 63457 0.84
34.99 5.86 205.13 1073.94 6.00 63477 0.84
34.99 5.86 205.13 1073.29 6.00 63497 0.84
34.99 5.86 205.20 1073.58 6.00 63517 0.84
34.99 5.86 205.20 1074.08 6.00 63537 0.84
34.99 5.86 205.20 1073.81 6.00 63557 0.84
34.99 5.86 205.20 1073.86 6.00 63577 0.84
34.99 5.77 201.99 1074.73 6.00 63597 0.84
34.99 5.77 201.99 1075.83 6.00 63617 0.85
34.99 5.77 201.99 1075.77 6.00 63637 0.85
34.99 5.79 202.69 1076.14 6.00 63657 0.85
34.99 5.79 202.69 1075.94 6.00 63677 0.85
34.99 5.79 202.69 1075.83 6.00 63697 0.85
34.99 5.79 202.69 1076.10 6.00 63717 0.85
34.99 5.78 202.25 1076.91 6.00 63737 0.85
34.99 5.78 202.25 1077.62 6.00 63757 0.85
34.99 5.78 202.25 1077.14 6.00 63777 0.85
34.99 5.78 202.25 1077.68 6.00 63797 0.85
34.99 5.84 204.52 1077.51 6.00 63817 0.85
34.99 5.84 204.52 1079.04 6.00 63837 0.85
34.99 5.84 204.52 1078.90 6.00 63857 0.85
34.99 5.87 205.57 1078.81 6.00 63877 0.85
34.99 5.87 205.57 1078.83 6.00 63897 0.85
34.99 5.87 205.57 1079.31 6.00 63917 0.85
34.99 5.87 205.57 1080.09 6.00 63937 0.85
34.99 5.86 205.13 1079.64 6.00 63957 0.85
34.99 5.86 205.13 1081.47 6.00 63977 0.85
34.99 5.86 205.13 1079.91 6.00 63997 0.85
34.99 5.86 205.13 1081.43 6.00 64017 0.85
34.99 5.90 206.52 1081.14 6.00 64037 0.85
34.99 5.90 206.52 1081.16 6.00 64057 0.85
34.99 5.90 206.52 1081.00 6.00 64077 0.85
34.99 5.89 206.26 1082.15 6.00 64097 0.85
34.99 5.89 206.26 1082.90 6.00 64117 0.85
34.99 5.89 206.26 1083.85 6.00 64137 0.85
34.99 5.89 206.26 1082.31 6.00 64157 0.85
34.99 6.00 209.92 1083.27 6.00 64177 0.85
34.99 6.00 209.92 1082.93 6.00 64197 0.85
34.99 6.00 209.92 1083.60 6.00 64217 0.85
34.99 5.94 207.75 1083.52 6.00 64237 0.85
34.99 5.94 207.75 1084.21 6.00 64257 0.85
34.99 5.94 207.75 1084.54 6.00 64277 0.85
34.99 5.94 207.75 1084.19 6.00 64297 0.85
34.99 5.83 204.09 1084.79 6.00 64317 0.85
34.99 5.83 204.09 1084.64 6.00 64337 0.85
34.99 5.83 204.09 1084.97 6.00 64357 0.85
34.99 5.83 204.09 1086.09 6.00 64377 0.85
34.99 5.82 203.65 1086.58 6.00 64397 0.85
34.99 5.82 203.65 1085.91 6.00 64417 0.85
34.99 5.82 203.65 1086.84 6.00 64437 0.85
34.99 5.83 204.17 1086.76 6.00 64457 0.85
34.99 5.83 204.17 1087.19 6.00 64477 0.85
34.99 5.83 204.17 1088.10 6.00 64497 0.85
34.99 5.83 204.17 1088.42 6.00 64517 0.85
34.99 5.84 204.25 1089.36 6.00 64537 0.85
34.99 5.84 204.25 1089.17 6.00 64557 0.85
34.99 5.84 204.25 1088.63 6.00 64577 0.85
34.99 5.84 204.25 1089.30 6.00 64597 0.85
34.99 5.88 205.92 1090.22 6.00 64617 0.85
34.99 5.88 205.92 1090.00 6.00 64637 0.85
34.99 5.88 205.92 1089.78 6.00 64657 0.85
34.99 5.89 206.08 1091.25 6.00 64677 0.85
34.99 5.89 206.08 1089.68 6.00 64697 0.85
34.99 5.89 206.08 1090.63 6.00 64717 0.85
34.99 5.89 206.08 1092.08 6.00 64737 0.85
34.99 5.85 204.61 1091.05 6.00 64757 0.85
34.99 5.85 204.61 1091.56 6.00 64777 0.85
34.99 5.85 204.61 1091.56 6.00 64797 0.85
34.99 5.83 204.17 1092.64 6.00 64817 0.85
34.99 5.83 204.17 1093.14 6.00 64837 0.85
34.99 5.83 204.17 1093.63 6.00 64857 0.85
34.99 5.83 204.17 1094.57 6.00 64877 0.85
34.99 5.83 203.92 1093.23 6.00 64897 0.85
34.99 5.83 203.92 1094.25 6.00 64917 0.85
34.99 5.83 203.92 1094.71 6.00 64937 0.85
34.99 5.83 203.92 1094.59 6.00 64957 0.85
34.99 5.91 206.78 1095.79 6.00 64977 0.85
34.99 5.91 206.78 1095.93 6.00 64997 0.85
34.99 5.91 206.78 1095.59 6.00 65017 0.85
34.99 5.87 205.49 1096.69 6.00 65037 0.86
34.99 5.87 205.49 1096.89 6.00 65057 0.86
34.99 5.87 205.49 1096.61 6.00 65077 0.86
34.99 5.87 205.49 1096.31 6.00 65097 0.86
34.99 5.92 207.22 1096.99 6.00 65117 0.86
34.99 5.92 207.22 1097.49 6.00 65137 0.86
34.99 5.92 207.22 1097.27 6.00 65157 0.86
34.99 5.92 207.22 1098.94 6.00 65177 0.86
34.99 5.92 207.22 1097.59 6.00 65197 0.86
34.99 5.92 207.22 1098.22 6.00 65217 0.86
34.99 5.92 207.22 1098.92 6.00 65237 0.86
34.99 5.85 204.87 1099.30 6.00 65257 0.86
34.99 5.85 204.87 1099.08 6.00 65277 0.86
34.99 5.85 204.87 1100.37 6.00 65297 0.86
34.99 5.85 204.87 1099.65 6.00 65317 0.86
34.99 5.89 206.00 1100.29 6.00 65337 0.86
34.99 5.89 206.00 1101.18 6.00 65357 0.86
34.99 5.89 206.00 1099.75 6.00 65377 0.86
34.99 5.92 207.13 1102.50 6.00 65397 0.86
34.99 5.92 207.13 1100.72 6.00 65417 0.86
34.99 5.92 207.13 1102.15 6.00 65437 0.86
34.99 5.92 207.13 1101.79 6.00 65457 0.86
34.99 5.88 205.65 1103.02 6.00 65477 0.86
34.99 5.88 205.65 1102.58 6.00 65497 0.86
34.99 5.88 205.65 1102.54 6.00 65517 0.86
34.99 5.88 205.65 1102.70 6.00 65537 0.86
34.99 5.87 205.40 1103.12 6.00 65557 0.86
34.99 5.87 205.40 1103.85 6.00 65577 0.86
34.99 5.87 205.40 1104.48 6.00 65597 0.86
34.99 5.93 207.40 1104.81 6.00 65617 0.86
34.99 5.93 207.40 1104.10 6.00 65637 0.86
34.99 5.93 207.40 1105.14 6.00 65657 0.86
34.99 5.93 207.40 1105.99 6.00 65677 0.86
34.99 5.92 207.13 1106.30 6.00 65697 0.86
34.99 5.92 207.13 1105.66 6.00 65717 0.86
34.99 5.92 207.13 1105.77 6.00 65737 0.86
34.99 5.89 206.27 1106.79 6.00 65757 0.86
34.99 5.89 206.27 1105.91 6.00 65777 0.86
34.99 5.89 206.27 1106.73 6.00 65797 0.86
34.99 5.89 206.27 1107.19 6.00 65817 0.86
34.99 5.86 204.95 1108.38 6.00 65837 0.86
34.99 5.86 204.95 1107.11 6.00 65857 0.86
34.99 5.86 204.95 1107.95 6.00 65877 0.86
34.99 5.86 204.95 1108.34 6.00 65897 0.86
34.99 5.81 203.47 1108.75 6.00 65917 0.86
34.99 5.81 203.47 1109.92 6.00 65937 0.86
34.99 5.81 203.47 1109.24 6.00 65957 0.86
34.99 5.79 202.61 1109.28 6.00 65977 0.86
34.99 5.79 202.61 1110.23 6.00 65997 0.86
34.99 5.79 202.61 1110.00 6.00 66017 0.86
34.99 5.79 202.61 1110.64 6.00 66037 0.86
34.99 5.86 205.13 1111.36 6.00 66057 0.86
34.99 5.86 205.13 1110.80 6.00 66077 0.86
34.99 5.86 205.13 1111.77 6.00 66097 0.86
34.99 5.86 205.13 1111.85 6.00 66117 0.86
34.99 5.83 204.17 1111.56 6.00 66137 0.86
34.99 5.83 204.17 1112.18 6.00 66157 0.86
34.99 5.83 204.17 1112.72 6.00 66177 0.86
34.99 5.81 203.47 1113.54 6.00 66197 0.86
34.99 5.81 203.47 1113.13 6.00 66217 0.86
34.99 5.81 203.47 1114.48 6.00 66237 0.86
34.99 5.81 203.47 1113.92 6.00 66257 0.86
34.99 5.86 205.22 1114.33 6.00 66277 0.86
34.99 5.86 205.22 1114.93 6.00 66297 0.86
34.99 5.86 205.22 1114.52 6.00 66317 0.86
34.99 5.87 205.39 1114.12 6.00 66337 0.86
34.99 5.87 205.39 1115.70 6.00 66357 0.86
34.99 5.87 205.39 1115.30 6.00 66377 0.86
34.99 5.87 205.39 1115.14 6.00 66397 0.86
34.99 5.96 208.53 1116.61 6.00 66417 0.86
34.99 5.96 208.53 1116.47 6.00 66437 0.86
34.99 5.96 208.53 1116.72 6.00 66457 0.86
34.99 5.96 208.53 1117.69 6.00 66477 0.86
34.99 5.90 206.35 1117.42 6.00 66497 0.86
34.99 5.90 206.35 1117.55 6.00 66517 0.86
34.99 5.90 206.35 1117.86 6.00 66537 0.86
34.99 5.88 205.92 1117.73 6.00 66557 0.86
34.99 5.88 205.92 1118.86 6.00 66577 0.86
34.99 5.88 205.92 1119.32 6.00 66597 0.86
34.99 5.88 205.92 1120.07 6.00 66617 0.86
34.99 5.88 205.74 1120.07 6.00 66637 0.86
34.99 5.88 205.74 1120.09 6.00 66657 0.86
34.99 5.88 205.74 1118.11 6.00 66677 0.86
34.99 5.92 207.13 1120.91 6.00 66697 0.87
34.99 5.92 207.13 1120.57 6.00 66717 0.87
34.99 5.92 207.13 1120.89 6.00 66737 0.87
34.99 5.92 207.13 1121.18 6.00 66757 0.87
34.99 5.81 203.30 1122.75 6.00 66777 0.87
34.99 5.81 203.30 1121.68 6.00 66797 0.87
34.99 5.81 203.30 1121.68 6.00 66817 0.87
34.99 5.81 203.30 1121.47 6.00 66837 0.87
34.99 5.88 205.74 1122.12 6.00 66857 0.87
34.99 5.88 205.74 1123.03 6.00 66877 0.87
34.99 5.88 205.74 1123.32 6.00 66897 0.87
34.99 5.82 203.56 1122.96 6.00 66917 0.87
34.99 5.82 203.56 1123.81 6.00 66937 0.87
34.99 5.82 203.56 1124.06 6.00 66957 0.87
34.99 5.82 203.56 1123.81 6.00 66977 0.87
34.99 5.87 205.30 1124.84 6.00 66997 0.87
34.99 5.87 205.30 1124.61 6.00 67017 0.87
34.99 5.87 205.30 1125.49 6.00 67037 0.87
34.99 5.87 205.30 1126.55 6.00 67057 0.87
34.99 5.92 207.30 1125.98 6.00 67077 0.87
34.99 5.92 207.30 1125.87 6.00 67097 0.87
34.99 5.92 207.30 1126.53 6.00 67117 0.87
34.99 5.84 204.52 1126.82 6.00 67137 0.87
34.99 5.84 204.52 1127.52 6.00 67157 0.87
34.99 5.84 204.52 1126.87 6.00 67177 0.87
34.99 5.84 204.52 1127.82 6.00 67197 0.87
34.99 5.88 205.83 1128.84 6.00 67217 0.87
34.99 5.88 205.83 1127.57 6.00 67237 0.87
34.99 5.88 205.83 1128.86 6.00 67257 0.87
34.99 5.81 203.39 1129.39 6.00 67277 0.87
34.99 5.81 203.39 1128.84 6.00 67297 0.87
34.99 5.81 203.39 1129.18 6.00 67317 0.87
34.99 5.81 203.39 1127.86 6.00 67337 0.87
35.13 1.34 47.25 1130.03 6.00 67357 0.87
35.13 1.34 47.25 1129.77 6.00 67377 0.87
35.13 1.34 47.25 1128.94 6.00 67397 0.87
35.13 1.34 47.25 1129.26 6.00 67417 0.87
35.12 0.14 5.00 1128.67 6.00 67437 0.87
35.12 0.14 5.00 1127.86 6.00 67457 0.87
35.12 0.14 5.00 1129.22 6.00 67477 0.87
35.12 0.02 0.88 1129.45 6.00 67497 0.87
35.12 0.02 0.88 1129.31 6.00 67517 0.87
35.12 0.02 0.88 1128.14 6.00 67537 0.87
35.12 0.02 0.88 1128.63 6.00 67557 0.87
35.11 0.01 0.35 1128.73 6.00 67577 0.87
35.11 0.01 0.35 1127.84 6.00 67597 0.87
35.11 0.01 0.35 1128.65 6.00 67617 0.87
35.11 0.01 0.35 1129.09 6.00 67637 0.87
35.11 0.01 0.35 1129.31 6.00 67657 0.87
35.11 0.01 0.35 1126.85 6.00 67677 0.87
35.11 0.01 0.35 1127.88 6.00 67697 0.87
35.11 0.01 0.35 1127.84 6.00 67717 0.87
35.11 0.01 0.35 1128.33 6.00 67737 0.87
35.11 0.01 0.35 1126.68 6.00 67757 0.87
35.11 0.01 0.35 1127.01 6.00 67777 0.87
35.11 0.01 0.35 1128.18 6.00 67797 0.87
35.11 0.01 0.35 1127.95 6.00 67817 0.87
35.11 0.01 0.35 1126.63 6.00 67837 0.87
35.11 0.01 0.35 1127.80 6.00 67857 0.87
35.11 0.01 0.35 1127.88 6.00 67877 0.87
35.11 0.01 0.35 1127.23 6.00 67897 0.87
35.11 0.01 0.35 1126.23 6.00 67917 0.87
35.11 0.01 0.26 1127.54 6.00 67937 0.87
35.11 0.01 0.26 1126.82 6.00 67957 0.87
35.11 0.01 0.26 1125.66 6.00 67977 0.87
35.11 0.01 0.26 1127.57 6.00 67997 0.87
35.11 0.01 0.35 1126.78 6.00 68017 0.87
35.11 0.01 0.35 1128.39 6.00 68037 0.87
35.11 0.01 0.35 1125.68 6.00 68057 0.87
35.11 0.01 0.35 1126.76 6.00 68077 0.87
35.11 0.01 0.35 1125.68 6.00 68097 0.87
35.11 0.01 0.35 1125.28 6.00 68117 0.87
35.11 0.01 0.35 1127.04 6.00 68137 0.87
35.11 0.01 0.35 1125.58 6.00 68157 0.87
35.11 0.01 0.35 1126.74 6.00 68177 0.87
35.11 0.01 0.35 1126.36 6.00 68197 0.87
35.11 0.01 0.44 1126.13 6.00 68217 0.87
35.11 0.01 0.44 1126.76 6.00 68237 0.87
35.11 0.01 0.44 1125.28 6.00 68257 0.87
35.11 0.01 0.44 1125.85 6.00 68277 0.87
35.11 0.01 0.44 1126.00 6.00 68297 0.87
35.11 0.01 0.44 1126.59 6.00 68317 0.87
35.11 0.01 0.44 1125.53 6.00 68337 0.87
35.11 0.01 0.44 1125.32 6.00 68357 0.87
35.11 0.01 0.35 1125.15 6.00 68377 0.87
35.11 0.01 0.35 1125.34 6.00 68397 0.87
35.11 0.01 0.35 1124.90 6.00 68417 0.87
35.11 0.01 0.44 1124.69 6.00 68437 0.87
35.11 0.01 0.44 1125.66 6.00 68457 0.87
35.11 0.01 0.44 1125.45 6.00 68477 0.87
35.11 0.01 0.44 1125.58 6.00 68497 0.87
35.11 0.01 0.35 1126.06 6.00 68517 0.87
35.11 0.01 0.35 1125.01 6.00 68537 0.87
35.11 0.01 0.35 1124.75 6.00 68557 0.87
35.11 0.01 0.35 1124.86 6.00 68577 0.87
35.11 0.01 0.44 1124.59 6.00 68597 0.87
35.11 0.01 0.44 1124.63 6.00 68617 0.87
35.11 0.01 0.44 1125.45 6.00 68637 0.87
35.11 0.01 0.44 1124.00 6.00 68657 0.87
35.11 0.01 0.44 1124.52 6.00 68677 0.87
35.11 0.01 0.44 1123.91 6.00 68697 0.87
35.11 0.01 0.44 1124.00 6.00 68717 0.87
35.11 0.01 0.44 1124.99 6.00 68737 0.87
35.11 0.01 0.44 1124.40 6.00 68757 0.87
35.11 0.01 0.44 1124.44 6.00 68777 0.87
35.11 0.01 0.44 1124.99 6.00 68797 0.87
35.11 0.01 0.44 1123.68 6.00 68817 0.87
35.11 0.01 0.44 1124.90 6.00 68837 0.87
35.11 0.01 0.44 1123.43 6.00 68857 0.87
35.11 0.01 0.44 1123.05 6.00 68877 0.87
35.11 0.01 0.44 1124.27 6.00 68897 0.87
35.11 0.01 0.44 1123.15 6.00 68917 0.87
35.11 0.01 0.44 1123.87 6.00 68937 0.87
35.11 0.01 0.44 1122.80 6.00 68957 0.87
