35.11 0.01 0.44 0.00 8.00 166974 0.87
35.11 0.01 0.44 0.00 8.00 166994 0.87
35.11 0.01 0.44 0.00 8.00 167014 0.87
35.11 0.01 0.44 0.00 8.00 167034 0.87
35.11 0.01 0.44 0.00 8.00 167054 0.87
35.11 0.01 0.44 0.00 8.00 167074 0.87
35.11 0.01 0.44 0.00 8.00 167094 0.87
35.11 0.01 0.44 0.00 8.00 167114 0.87
35.11 0.01 0.44 0.00 8.00 167134 0.87
35.11 0.01 0.44 0.00 8.00 167154 0.87
35.11 0.01 0.44 0.00 8.00 167174 0.87
35.11 0.01 0.44 0.00 8.00 167194 0.87
35.11 0.01 0.44 0.00 8.00 167214 0.87
35.11 0.01 0.44 0.00 8.00 167234 0.87
35.11 0.01 0.44 0.00 8.00 167254 0.87
35.11 0.01 0.44 0.00 8.00 167274 0.87
35.11 0.01 0.44 0.00 8.00 167294 0.87
35.11 0.01 0.44 0.00 8.00 167314 0.87
35.11 0.01 0.44 0.00 8.00 167334 0.87
35.11 0.01 0.44 0.00 8.00 167354 0.87
35.11 0.01 0.44 0.00 8.00 167374 0.87
35.11 0.01 0.44 0.00 8.00 167394 0.87
35.11 0.01 0.44 0.00 8.00 167414 0.87
35.11 0.01 0.44 0.00 8.00 167434 0.87
35.11 0.01 0.35 0.00 8.00 167454 0.87
35.11 0.01 0.35 0.00 8.00 167474 0.87
35.11 0.01 0.35 0.00 8.00 167494 0.87
35.11 0.01 0.35 0.00 8.00 167514 0.87
35.11 0.01 0.35 0.00 8.00 167534 0.87
35.11 0.01 0.35 0.00 8.00 167554 0.87
35.11 0.01 0.35 0.00 8.00 167574 0.87
35.11 0.01 0.35 0.00 8.00 167594 0.87
35.11 0.01 0.35 0.00 8.00 167614 0.87
35.11 0.01 0.35 0.00 8.00 167634 0.87
35.11 0.01 0.35 0.00 8.00 167654 0.87
35.11 0.01 0.35 0.00 8.00 167674 0.87
35.11 0.01 0.35 0.00 8.00 167694 0.87
35.11 0.01 0.35 0.00 8.00 167714 0.87
35.11 0.01 0.35 0.00 8.00 167734 0.87
35.11 0.01 0.44 0.00 8.00 167754 0.87
35.11 0.01 0.44 0.00 8.00 167774 0.87
35.11 0.01 0.44 0.00 8.00 167794 0.87
35.11 0.01 0.35 0.00 8.00 167814 0.87
35.11 0.01 0.35 0.00 8.00 167834 0.87
35.11 0.01 0.35 0.00 8.00 167854 0.87
35.11 0.01 0.35 0.00 8.00 167874 0.87
35.11 0.01 0.44 0.00 8.00 167894 0.87
35.11 0.01 0.44 0.00 8.00 167914 0.87
35.11 0.01 0.44 0.00 8.00 167934 0.87
35.11 0.01 0.44 0.00 8.00 167954 0.87
35.11 0.01 0.44 0.00 8.00 167974 0.87
35.11 0.01 0.44 0.00 8.00 167994 0.47
35.11 0.01 0.44 0.00 8.00 168014 0.47
35.11 0.01 0.35 0.00 8.00 168034 0.47
35.11 0.01 0.35 0.00 8.00 168054 0.47
35.11 0.01 0.35 0.00 8.00 168074 0.47
35.11 0.01 0.35 0.00 8.00 168094 0.47
35.05 1.22 42.67 0.00 8.00 168114 0.47
35.05 1.22 42.67 0.00 8.00 168134 0.47
35.05 1.22 42.67 0.00 8.00 168154 0.47
35.01 4.32 151.13 0.00 8.00 168174 0.47
35.01 4.32 151.13 0.00 8.00 168194 0.47
35.01 4.32 151.13 0.00 8.00 168214 0.47
35.01 4.32 151.13 7.88 8.00 168234 0.47
34.97 6.39 223.55 7.88 8.00 168254 0.47
34.97 6.39 223.55 7.88 8.00 168274 0.47
34.97 6.39 223.55 7.88 8.00 168294 0.47
34.97 7.65 267.62 7.81 8.00 168314 0.47
34.94 7.65 267.42 7.81 8.00 168334 0.47
34.94 7.65 267.42 7.81 8.00 168354 0.47
34.94 7.65 267.42 7.76 8.00 168374 0.47
34.94 8.26 288.77 7.76 8.00 168394 0.47
34.94 8.26 288.77 7.73 8.00 168414 0.47
34.94 8.26 288.77 7.73 8.00 168434 0.47
34.94 8.26 288.77 7.71 8.00 168454 0.47
34.94 8.30 289.90 7.71 8.00 168474 0.47
34.94 8.30 289.90 7.69 8.00 168494 0.47
34.94 8.30 289.90 7.69 8.00 168514 0.47
34.94 8.28 289.48 7.67 8.00 168534 0.47
34.94 8.28 289.48 7.65 8.00 168554 0.47
34.94 8.28 289.48 7.65 8.00 168574 0.47
34.94 8.28 289.48 7.64 8.00 168594 0.47
34.94 8.24 287.93 7.63 8.00 168614 0.47
34.94 8.24 287.93 7.62 8.00 168634 0.47
34.94 8.24 287.93 7.61 8.00 168654 0.47
34.94 8.24 287.93 7.61 8.00 168674 0.47
34.95 7.94 277.48 7.61 8.00 168694 0.47
34.95 7.94 277.48 7.60 8.00 168714 0.47
34.95 7.94 277.48 7.60 8.00 168734 0.47
34.95 7.97 278.61 7.59 8.00 168754 0.47
34.95 7.97 278.61 7.59 8.00 168774 0.47
34.95 7.97 278.61 7.59 8.00 168794 0.47
34.95 7.97 278.61 7.59 8.00 168814 0.47
34.95 7.67 268.18 7.59 8.00 168834 0.47
34.95 7.67 268.18 7.59 8.00 168854 0.47
34.95 7.67 268.18 7.59 8.00 168874 0.47
34.96 7.58 265.06 7.59 8.00 168894 0.47
34.96 7.58 265.06 7.60 8.00 168914 0.47
34.96 7.58 265.06 7.61 8.00 168934 0.47
34.96 7.58 265.06 7.61 8.00 168954 0.47
34.96 7.45 260.53 7.62 8.00 168974 0.47
34.96 7.45 260.53 7.64 8.00 168994 0.47
34.96 7.45 260.53 7.64 8.00 169014 0.47
34.96 7.45 260.53 7.66 8.00 169034 0.47
34.96 7.21 252.09 7.68 8.00 169054 0.47
34.96 7.21 252.09 7.69 8.00 169074 0.47
34.96 7.21 252.09 7.71 8.00 169094 0.47
34.97 7.06 246.94 7.74 8.00 169114 0.47
34.97 7.06 246.94 7.76 8.00 169134 0.47
34.97 7.06 246.94 7.80 8.00 169154 0.47
34.97 7.06 246.94 7.82 8.00 169174 0.47
34.97 6.99 244.42 7.88 8.00 169194 0.47
34.97 6.99 244.42 7.91 8.00 169214 0.47
34.97 6.99 244.42 7.99 8.00 169234 0.47
34.97 6.99 244.42 8.04 8.00 169254 0.47
34.97 6.90 241.47 8.19 8.00 169274 0.47
34.97 6.90 241.47 9.73 8.00 169294 0.47
34.97 6.90 241.47 11.27 8.00 169314 0.47
34.97 6.78 237.11 58.52 8.00 169334 0.47
34.97 6.78 237.11 63.61 8.00 169354 0.47
34.97 6.78 237.11 67.46 8.00 169374 0.47
34.97 6.78 237.11 69.14 8.00 169394 0.47
34.97 6.65 232.58 72.21 8.00 169414 0.47
34.97 6.65 232.58 75.01 8.00 169434 0.47
34.97 6.65 232.58 77.57 8.00 169454 0.47
34.98 6.53 228.40 80.00 8.00 169474 0.47
34.98 6.53 228.40 82.30 8.00 169494 0.47
34.98 6.53 228.40 83.41 8.00 169514 0.47
34.98 6.53 228.40 85.44 8.00 169534 0.47
34.98 6.33 221.61 87.47 8.00 169554 0.47
34.98 6.33 221.61 89.40 8.00 169574 0.47
34.98 6.33 221.61 91.28 8.00 169594 0.47
34.98 6.33 221.61 93.10 8.00 169614 0.47
34.98 6.26 218.99 94.85 8.00 169634 0.47
34.98 6.26 218.99 96.48 8.00 169654 0.47
34.98 6.26 218.99 98.92 8.00 169674 0.47
34.99 6.12 214.03 100.49 8.00 169694 0.47
34.99 6.12 214.03 102.08 8.00 169714 0.47
34.99 6.12 214.03 103.61 8.00 169734 0.48
34.99 6.12 214.03 105.02 8.00 169754 0.48
34.99 6.03 211.05 106.48 8.00 169774 0.48
34.99 6.03 211.05 107.90 8.00 169794 0.48
34.99 6.03 211.05 109.92 8.00 169814 0.48
34.99 6.19 216.48 111.29 8.00 169834 0.49
34.98 6.19 216.45 112.44 8.00 169854 0.49
34.98 6.19 216.45 113.87 8.00 169874 0.49
34.98 6.19 216.45 115.84 8.00 169894 0.49
34.97 6.56 229.43 116.95 8.00 169914 0.49
34.97 6.56 229.43 118.84 8.00 169934 0.49
34.97 6.56 229.43 120.09 8.00 169954 0.50
34.97 6.56 229.43 121.17 8.00 169974 0.50
34.96 6.96 243.26 122.89 8.00 169994 0.50
34.96 6.96 243.26 124.15 8.00 170014 0.50
34.96 6.96 243.26 125.83 8.00 170034 0.50
34.96 7.30 255.28 126.92 8.00 170054 0.50
34.96 7.30 255.28 128.57 8.00 170074 0.50
34.96 7.30 255.28 129.62 8.00 170094 0.50
34.96 7.30 255.28 131.32 8.00 170114 0.50
34.95 7.58 265.05 132.45 8.00 170134 0.50
34.95 7.58 265.05 133.99 8.00 170154 0.50
34.95 7.58 265.05 135.62 8.00 170174 0.50
34.95 7.58 265.05 136.76 8.00 170194 0.50
34.95 7.80 272.61 138.37 8.00 170214 0.50
34.95 7.80 272.61 139.90 8.00 170234 0.50
34.95 7.80 272.61 140.97 8.00 170254 0.50
34.95 7.82 273.21 142.61 8.00 170274 0.50
34.95 7.82 273.21 144.07 8.00 170294 0.50
34.95 7.82 273.21 145.72 8.00 170314 0.51
34.95 7.82 273.21 147.28 8.00 170334 0.51
34.95 7.87 275.21 148.81 8.00 170354 0.51
34.95 7.87 275.21 149.86 8.00 170374 0.51
34.95 7.87 275.21 151.38 8.00 170394 0.51
34.95 7.93 277.12 152.78 8.00 170414 0.51
34.95 7.93 277.12 154.26 8.00 170434 0.51
34.95 7.93 277.12 155.77 8.00 170454 0.51
34.95 7.93 277.12 157.29 8.00 170474 0.51
34.95 7.80 272.53 158.71 8.00 170494 0.51
34.95 7.80 272.53 160.14 8.00 170514 0.51
34.95 7.80 272.53 161.53 8.00 170534 0.51
34.95 7.80 272.53 162.96 8.00 170554 0.51
34.95 7.53 263.30 164.26 8.00 170574 0.51
34.95 7.53 263.30 166.13 8.00 170594 0.51
34.95 7.53 263.30 167.38 8.00 170614 0.51
34.96 7.56 264.36 168.75 8.00 170634 0.51
34.96 7.56 264.36 170.06 8.00 170654 0.51
34.96 7.56 264.36 171.41 8.00 170674 0.51
34.96 7.56 264.36 173.12 8.00 170694 0.51
34.96 7.53 263.22 174.13 8.00 170714 0.51
34.96 7.53 263.22 175.59 8.00 170734 0.51
34.96 7.53 263.22 176.87 8.00 170754 0.51
34.96 7.53 263.22 178.44 8.00 170774 0.51
34.95 7.60 265.73 179.64 8.00 170794 0.51
34.95 7.60 265.73 180.67 8.00 170814 0.51
34.95 7.60 265.73 182.31 8.00 170834 0.51
34.96 7.55 263.92 183.51 8.00 170854 0.51
34.96 7.55 263.92 185.09 8.00 170874 0.51
34.96 7.55 263.92 186.45 8.00 170894 0.51
34.96 7.55 263.92 187.74 8.00 170914 0.51
34.95 7.50 262.08 188.88 8.00 170934 0.52
34.95 7.50 262.08 190.32 8.00 170954 0.52
34.95 7.50 262.08 191.51 8.00 170974 0.52
34.95 7.57 264.69 192.96 8.00 170994 0.52
34.95 7.57 264.69 193.97 8.00 171014 0.52
34.95 7.57 264.69 195.23 8.00 171034 0.52
34.95 7.57 264.69 196.75 8.00 171054 0.52
34.95 7.53 263.39 197.75 8.00 171074 0.52
34.95 7.53 263.39 199.35 8.00 171094 0.52
34.95 7.53 263.39 200.79 8.00 171114 0.52
34.95 7.53 263.39 201.74 8.00 171134 0.52
34.95 7.53 263.12 202.91 8.00 171154 0.52
34.95 7.53 263.12 204.37 8.00 171174 0.52
34.95 7.53 263.12 205.85 8.00 171194 0.52
34.95 7.55 264.08 206.82 8.00 171214 0.52
34.95 7.55 264.08 208.12 8.00 171234 0.52
34.95 7.55 264.08 209.27 8.00 171254 0.52
34.95 7.55 264.08 210.69 8.00 171274 0.52
34.95 7.65 267.32 211.93 8.00 171294 0.52
34.95 7.65 267.32 213.15 8.00 171314 0.52
34.95 7.65 267.32 214.43 8.00 171334 0.52
34.95 7.57 264.70 215.71 8.00 171354 0.52
34.95 7.57 264.70 216.96 8.00 171374 0.53
34.95 7.57 264.70 218.20 8.00 171394 0.53
34.95 7.57 264.70 219.41 8.00 171414 0.53
34.95 7.65 267.30 220.67 8.00 171434 0.53
34.95 7.65 267.30 221.85 8.00 171454 0.53
34.95 7.65 267.30 222.93 8.00 171474 0.53
34.95 7.65 267.30 224.33 8.00 171494 0.53
34.95 7.72 269.74 225.55 8.00 171514 0.53
34.95 7.72 269.74 226.69 8.00 171534 0.53
34.95 7.72 269.74 227.79 8.00 171554 0.53
34.95 7.72 269.82 229.23 8.00 171574 0.53
34.95 7.72 269.82 230.43 8.00 171594 0.53
34.95 7.72 269.82 231.57 8.00 171614 0.53
34.95 7.72 269.82 232.89 8.00 171634 0.53
34.95 7.63 266.88 233.73 8.00 171654 0.53
34.95 7.63 266.88 235.26 8.00 171674 0.53
34.95 7.63 266.88 236.45 8.00 171694 0.53
34.95 7.63 266.88 237.44 8.00 171714 0.53
34.95 7.51 262.60 238.83 8.00 171734 0.53
34.95 7.51 262.60 239.81 8.00 171754 0.53
34.95 7.51 262.60 241.02 8.00 171774 0.53
34.96 7.46 260.78 242.68 8.00 171794 0.53
34.96 7.46 260.78 243.35 8.00 171814 0.53
34.96 7.46 260.78 244.43 8.00 171834 0.53
34.96 7.46 260.78 245.73 8.00 171854 0.53
34.96 7.44 260.16 247.01 8.00 171874 0.53
34.96 7.44 260.16 248.11 8.00 171894 0.54
34.96 7.44 260.16 249.42 8.00 171914 0.54
34.96 7.44 260.17 250.35 8.00 171934 0.54
34.96 7.44 260.17 251.52 8.00 171954 0.54
34.96 7.44 260.17 252.61 8.00 171974 0.54
34.96 7.44 260.17 253.90 8.00 171994 0.54
34.96 7.47 261.30 254.86 8.00 172014 0.54
34.96 7.47 261.30 256.01 8.00 172034 0.54
34.96 7.47 261.30 257.21 8.00 172054 0.54
34.96 7.47 261.30 258.37 8.00 172074 0.54
34.95 7.70 269.19 259.56 8.00 172094 0.54
34.95 7.70 269.19 260.63 8.00 172114 0.54
34.95 7.70 269.19 261.67 8.00 172134 0.54
34.95 7.86 274.88 262.99 8.00 172154 0.54
34.95 7.86 274.88 264.15 8.00 172174 0.54
34.95 7.86 274.88 265.24 8.00 172194 0.54
34.95 7.86 274.88 266.45 8.00 172214 0.54
34.95 7.74 270.69 267.30 8.00 172234 0.54
34.95 7.74 270.69 268.83 8.00 172254 0.54
34.95 7.74 270.69 269.67 8.00 172274 0.54
34.95 7.74 270.69 270.80 8.00 172294 0.54
34.95 7.71 269.55 271.98 8.00 172314 0.54
34.95 7.71 269.55 273.29 8.00 172334 0.54
34.95 7.71 269.55 274.27 8.00 172354 0.54
34.95 7.62 266.25 275.39 8.00 172374 0.54
34.95 7.62 266.25 276.65 8.00 172394 0.54
34.95 7.62 266.25 277.77 8.00 172414 0.54
34.95 7.62 266.25 278.88 8.00 172434 0.55
34.95 7.66 267.74 280.02 8.00 172454 0.55
34.95 7.66 267.74 280.95 8.00 172474 0.55
34.95 7.66 267.74 282.40 8.00 172494 0.55
34.95 7.58 265.05 283.18 8.00 172514 0.55
34.95 7.58 265.05 284.30 8.00 172534 0.55
34.95 7.58 265.05 285.28 8.00 172554 0.55
34.95 7.58 265.05 286.19 8.00 172574 0.55
34.96 7.49 261.92 287.50 8.00 172594 0.55
34.96 7.49 261.92 288.70 8.00 172614 0.55
34.96 7.49 261.92 289.76 8.00 172634 0.55
34.96 7.49 261.92 290.81 8.00 172654 0.55
34.95 7.60 265.65 291.52 8.00 172674 0.55
34.95 7.60 265.65 293.05 8.00 172694 0.55
34.95 7.60 265.65 293.87 8.00 172714 0.55
34.95 7.70 269.31 294.93 8.00 172734 0.55
34.95 7.70 269.31 296.46 8.00 172754 0.55
34.95 7.70 269.31 297.35 8.00 172774 0.55
34.95 7.70 269.31 298.24 8.00 172794 0.55
34.95 7.73 270.25 299.56 8.00 172814 0.55
34.95 7.73 270.25 300.49 8.00 172834 0.55
34.95 7.73 270.25 301.61 8.00 172854 0.55
34.95 7.69 268.78 302.63 8.00 172874 0.55
34.95 7.69 268.78 303.73 8.00 172894 0.55
34.95 7.69 268.78 305.06 8.00 172914 0.55
34.95 7.69 268.78 305.75 8.00 172934 0.55
34.95 7.63 266.78 307.02 8.00 172954 0.55
34.95 7.63 266.78 307.91 8.00 172974 0.56
34.95 7.63 266.78 308.93 8.00 172994 0.56
34.95 7.63 266.78 310.16 8.00 173014 0.56
34.95 7.60 265.64 310.95 8.00 173034 0.56
34.95 7.60 265.64 312.29 8.00 173054 0.56
34.95 7.60 265.64 313.16 8.00 173074 0.56
34.95 7.50 262.08 314.43 8.00 173094 0.56
34.95 7.50 262.08 315.07 8.00 173114 0.56
34.95 7.50 262.08 316.34 8.00 173134 0.56
34.95 7.50 262.08 317.32 8.00 173154 0.56
34.96 7.50 262.17 318.32 8.00 173174 0.56
34.96 7.50 262.17 319.41 8.00 173194 0.56
34.96 7.50 262.17 320.38 8.00 173214 0.56
34.96 7.50 262.17 321.48 8.00 173234 0.56
34.95 7.57 264.78 322.42 8.00 173254 0.56
34.95 7.57 264.78 323.49 8.00 173274 0.56
34.95 7.57 264.78 324.66 8.00 173294 0.56
34.95 7.67 268.25 325.46 8.00 173314 0.56
34.95 7.67 268.25 326.18 8.00 173334 0.56
34.95 7.67 268.25 327.54 8.00 173354 0.56
34.95 7.67 268.25 328.85 8.00 173374 0.56
34.95 7.66 267.75 329.49 8.00 173394 0.56
34.95 7.66 267.75 330.29 8.00 173414 0.56
34.95 7.66 267.75 331.45 8.00 173434 0.56
34.95 7.68 268.60 332.55 8.00 173454 0.56
34.95 7.68 268.60 333.59 8.00 173474 0.57
34.95 7.68 268.60 334.54 8.00 173494 0.57
34.95 7.68 268.60 336.02 8.00 173514 0.57
34.95 7.73 270.36 336.62 8.00 173534 0.57
34.95 7.73 270.36 337.65 8.00 173554 0.57
34.95 7.73 270.36 338.80 8.00 173574 0.57
34.95 7.73 270.36 339.50 8.00 173594 0.57
34.95 7.70 269.29 340.82 8.00 173614 0.57
34.95 7.70 269.29 342.01 8.00 173634 0.57
34.95 7.70 269.29 342.83 8.00 173654 0.57
34.95 7.71 269.66 343.86 8.00 173674 0.57
34.95 7.71 269.66 344.48 8.00 173694 0.57
34.95 7.71 269.66 345.92 8.00 173714 0.57
34.95 7.71 269.66 346.77 8.00 173734 0.57
34.95 7.69 268.68 347.79 8.00 173754 0.57
34.95 7.69 268.68 348.81 8.00 173774 0.57
34.95 7.69 268.68 349.76 8.00 173794 0.57
34.95 7.69 268.68 350.57 8.00 173814 0.57
34.95 7.75 270.79 351.67 8.00 173834 0.57
34.95 7.75 270.79 352.91 8.00 173854 0.57
34.95 7.75 270.79 353.93 8.00 173874 0.57
34.95 7.71 269.46 355.02 8.00 173894 0.57
34.95 7.71 269.46 355.71 8.00 173914 0.57
34.95 7.71 269.46 356.77 8.00 173934 0.57
34.95 7.71 269.46 357.67 8.00 173954 0.57
34.95 7.65 267.49 358.71 8.00 173974 0.57
34.95 7.65 267.49 359.38 8.00 173994 0.57
34.95 7.65 267.49 360.77 8.00 174014 0.57
34.95 7.53 263.39 361.80 8.00 174034 0.57
34.95 7.53 263.39 362.60 8.00 174054 0.57
34.95 7.53 263.39 363.62 8.00 174074 0.57
34.95 7.53 263.39 364.50 8.00 174094 0.58
34.95 7.60 265.74 365.20 8.00 174114 0.58
34.95 7.60 265.74 366.54 8.00 174134 0.58
34.95 7.60 265.74 367.34 8.00 174154 0.58
34.95 7.60 265.74 368.48 8.00 174174 0.58
34.95 7.64 267.13 369.27 8.00 174194 0.58
34.95 7.64 267.13 370.22 8.00 174214 0.58
34.95 7.64 267.13 371.36 8.00 174234 0.58
34.95 7.57 264.78 372.00 8.00 174254 0.58
34.95 7.57 264.78 373.20 8.00 174274 0.58
34.95 7.57 264.78 374.23 8.00 174294 0.58
34.95 7.57 264.78 374.82 8.00 174314 0.58
34.95 7.64 267.21 376.06 8.00 174334 0.58
34.95 7.64 267.21 376.94 8.00 174354 0.58
34.95 7.64 267.21 377.96 8.00 174374 0.58
34.95 7.70 269.21 378.75 8.00 174394 0.58
34.95 7.70 269.21 379.53 8.00 174414 0.58
34.95 7.70 269.21 380.67 8.00 174434 0.58
34.95 7.70 269.21 381.83 8.00 174454 0.58
34.95 7.63 266.86 382.75 8.00 174474 0.58
34.95 7.63 266.86 383.52 8.00 174494 0.58
34.95 7.63 266.86 384.49 8.00 174514 0.58
34.95 7.63 266.86 385.53 8.00 174534 0.58
34.95 7.64 267.21 386.42 8.00 174554 0.58
34.95 7.64 267.21 387.45 8.00 174574 0.58
34.95 7.64 267.21 388.10 8.00 174594 0.58
34.95 7.67 268.27 389.20 8.00 174614 0.58
34.95 7.67 268.27 390.49 8.00 174634 0.58
34.95 7.67 268.27 391.08 8.00 174654 0.59
34.95 7.67 268.27 392.19 8.00 174674 0.59
34.95 7.58 265.12 392.82 8.00 174694 0.59
34.95 7.58 265.12 394.02 8.00 174714 0.59
34.95 7.58 265.12 394.85 8.00 174734 0.59
34.95 7.58 265.12 395.82 8.00 174754 0.59
34.95 7.64 267.04 396.75 8.00 174774 0.59
34.95 7.64 267.04 397.85 8.00 174794 0.59
34.95 7.64 267.04 398.54 8.00 174814 0.59
34.95 7.65 267.31 399.35 8.00 174834 0.59
34.95 7.65 267.31 400.30 8.00 174854 0.59
34.95 7.65 267.31 401.06 8.00 174874 0.59
34.95 7.65 267.31 402.17 8.00 174894 0.59
34.95 7.69 268.95 403.17 8.00 174914 0.59
34.95 7.69 268.95 404.14 8.00 174934 0.59
34.95 7.69 268.95 405.08 8.00 174954 0.59
34.95 7.74 270.71 405.82 8.00 174974 0.59
34.95 7.74 270.71 406.48 8.00 174994 0.59
34.95 7.74 270.71 407.61 8.00 175014 0.59
34.95 7.74 270.71 408.64 8.00 175034 0.59
34.95 7.73 270.35 409.51 8.00 175054 0.59
34.95 7.73 270.35 410.46 8.00 175074 0.59
34.95 7.73 270.35 410.97 8.00 175094 0.59
34.95 7.73 270.35 412.14 8.00 175114 0.59
34.95 7.68 268.52 413.10 8.00 175134 0.59
34.95 7.68 268.52 414.00 8.00 175154 0.59
34.95 7.68 268.52 414.95 8.00 175174 0.59
34.95 7.59 265.47 416.32 8.00 175194 0.59
34.95 7.59 265.47 416.63 8.00 175214 0.59
34.95 7.59 265.47 417.58 8.00 175234 0.59
34.95 7.59 265.47 418.58 8.00 175254 0.60
34.95 7.62 266.27 419.61 8.00 175274 0.60
34.95 7.62 266.27 420.15 8.00 175294 0.60
34.95 7.62 266.27 421.19 8.00 175314 0.60
34.95 7.62 266.27 422.15 8.00 175334 0.60
34.95 7.65 267.55 422.93 8.00 175354 0.60
34.95 7.65 267.55 423.72 8.00 175374 0.60
34.95 7.65 267.55 424.59 8.00 175394 0.60
34.95 7.69 268.68 425.30 8.00 175414 0.60
34.95 7.69 268.68 426.45 8.00 175434 0.60
34.95 7.69 268.68 427.17 8.00 175454 0.60
34.95 7.69 268.68 428.42 8.00 175474 0.60
34.95 7.64 266.96 429.18 8.00 175494 0.60
34.95 7.64 266.96 429.82 8.00 175514 0.60
34.95 7.64 266.96 430.90 8.00 175534 0.60
34.95 7.63 266.69 431.95 8.00 175554 0.60
34.95 7.63 266.69 432.73 8.00 175574 0.60
34.95 7.63 266.69 433.67 8.00 175594 0.60
34.95 7.63 266.69 434.62 8.00 175614 0.60
34.96 7.56 264.44 435.34 8.00 175634 0.60
34.96 7.56 264.44 436.27 8.00 175654 0.60
34.96 7.56 264.44 437.00 8.00 175674 0.60
34.96 7.56 264.44 437.74 8.00 175694 0.60
34.95 7.64 267.05 438.66 8.00 175714 0.60
34.95 7.64 267.05 439.55 8.00 175734 0.60
34.95 7.64 267.05 440.51 8.00 175754 0.60
34.96 7.50 262.35 441.30 8.00 175774 0.60
34.96 7.50 262.35 441.99 8.00 175794 0.61
34.96 7.50 262.35 443.16 8.00 175814 0.61
34.96 7.50 262.35 443.48 8.00 175834 0.61
34.95 7.69 268.68 444.73 8.00 175854 0.61
34.95 7.69 268.68 445.34 8.00 175874 0.61
34.95 7.69 268.68 446.48 8.00 175894 0.61
34.95 7.67 268.17 447.29 8.00 175914 0.61
34.95 7.67 268.17 447.71 8.00 175934 0.61
34.95 7.67 268.17 449.01 8.00 175954 0.61
34.95 7.67 268.17 450.20 8.00 175974 0.61
34.95 7.65 267.47 450.72 8.00 175994 0.61
34.95 7.65 267.47 451.76 8.00 176014 0.61
34.95 7.65 267.47 452.85 8.00 176034 0.61
34.95 7.65 267.47 453.36 8.00 176054 0.61
34.95 7.67 268.08 453.98 8.00 176074 0.61
34.95 7.67 268.08 455.02 8.00 176094 0.61
34.95 7.67 268.08 456.02 8.00 176114 0.61
34.95 7.64 267.12 456.76 8.00 176134 0.61
34.95 7.64 267.12 457.57 8.00 176154 0.61
34.95 7.64 267.12 458.78 8.00 176174 0.61
34.95 7.64 267.12 459.41 8.00 176194 0.61
34.95 7.63 266.86 460.10 8.00 176214 0.61
34.95 7.63 266.86 461.07 8.00 176234 0.61
34.95 7.63 266.86 461.70 8.00 176254 0.61
34.95 7.63 266.86 462.40 8.00 176274 0.61
34.95 7.75 271.05 463.52 8.00 176294 0.61
34.95 7.75 271.05 464.27 8.00 176314 0.61
34.95 7.75 271.05 465.66 8.00 176334 0.61
34.95 7.72 269.99 466.06 8.00 176354 0.61
34.95 7.72 269.99 466.82 8.00 176374 0.62
34.95 7.72 269.99 467.95 8.00 176394 0.62
34.95 7.72 269.99 468.37 8.00 176414 0.62
34.95 7.71 269.66 469.47 8.00 176434 0.62
34.95 7.71 269.66 470.15 8.00 176454 0.62
34.95 7.71 269.66 470.97 8.00 176474 0.62
34.95 7.84 274.16 471.84 8.00 176494 0.62
34.95 7.84 274.16 472.80 8.00 176514 0.62
34.95 7.84 274.16 473.69 8.00 176534 0.62
34.95 7.84 274.16 474.51 8.00 176554 0.62
34.95 7.85 274.35 475.44 8.00 176574 0.62
34.95 7.85 274.35 476.08 8.00 176594 0.62
34.95 7.85 274.35 477.18 8.00 176614 0.62
34.95 7.85 274.35 477.81 8.00 176634 0.62
34.95 7.79 272.44 478.66 8.00 176654 0.62
34.95 7.79 272.44 479.57 8.00 176674 0.62
34.95 7.79 272.44 480.42 8.00 176694 0.62
34.95 7.74 270.61 481.49 8.00 176714 0.62
34.95 7.74 270.61 481.99 8.00 176734 0.62
34.95 7.74 270.61 482.58 8.00 176754 0.62
34.95 7.74 270.61 483.46 8.00 176774 0.62
34.95 7.57 264.51 484.52 8.00 176794 0.62
34.95 7.57 264.51 485.52 8.00 176814 0.62
34.95 7.57 264.51 485.76 8.00 176834 0.62
34.95 7.57 264.51 487.07 8.00 176854 0.62
34.95 7.61 266.17 487.56 8.00 176874 0.62
34.95 7.61 266.17 488.60 8.00 176894 0.62
34.95 7.61 266.17 489.40 8.00 176914 0.62
34.95 7.69 268.69 490.14 8.00 176934 0.62
34.95 7.69 268.69 491.11 8.00 176954 0.62
34.95 7.69 268.69 491.69 8.00 176974 0.62
34.95 7.69 268.69 492.69 8.00 176994 0.62
34.95 7.62 266.26 493.51 8.00 177014 0.62
34.95 7.62 266.26 494.25 8.00 177034 0.62
34.95 7.62 266.26 495.32 8.00 177054 0.62
34.95 7.65 267.57 495.84 8.00 177074 0.63
34.95 7.65 267.57 496.46 8.00 177094 0.63
34.95 7.65 267.57 497.56 8.00 177114 0.63
34.95 7.65 267.57 498.10 8.00 177134 0.63
34.95 7.71 269.64 499.09 8.00 177154 0.63
34.95 7.71 269.64 499.75 8.00 177174 0.63
34.95 7.71 269.64 500.76 8.00 177194 0.63
34.95 7.71 269.64 501.07 8.00 177214 0.63
34.95 7.77 271.56 501.87 8.00 177234 0.63
34.95 7.77 271.56 502.77 8.00 177254 0.63
34.95 7.77 271.56 503.91 8.00 177274 0.63
34.95 7.63 266.69 504.64 8.00 177294 0.63
34.95 7.63 266.69 505.10 8.00 177314 0.63
34.95 7.63 266.69 506.62 8.00 177334 0.63
34.95 7.63 266.69 507.10 8.00 177354 0.63
34.95 7.67 268.26 507.60 8.00 177374 0.63
34.95 7.67 268.26 508.54 8.00 177394 0.63
34.95 7.67 268.26 509.48 8.00 177414 0.63
34.95 7.68 268.36 510.38 8.00 177434 0.63
34.95 7.68 268.36 511.29 8.00 177454 0.63
34.95 7.68 268.36 511.79 8.00 177474 0.63
34.95 7.68 268.36 512.63 8.00 177494 0.63
34.95 7.68 268.34 513.41 8.00 177514 0.63
34.95 7.68 268.34 514.24 8.00 177534 0.63
34.95 7.68 268.34 515.09 8.00 177554 0.63
34.95 7.68 268.34 515.89 8.00 177574 0.63
34.95 7.82 273.30 516.64 8.00 177594 0.63
34.95 7.82 273.30 517.10 8.00 177614 0.63
34.95 7.82 273.30 517.99 8.00 177634 0.63
34.95 7.82 273.31 519.15 8.00 177654 0.63
34.95 7.82 273.31 519.53 8.00 177674 0.63
34.95 7.82 273.31 520.28 8.00 177694 0.63
34.95 7.82 273.31 521.54 8.00 177714 0.63
34.95 7.78 271.99 522.19 8.00 177734 0.63
34.95 7.78 271.99 522.58 8.00 177754 0.63
34.95 7.78 271.99 523.43 8.00 177774 0.63
34.95 7.78 271.99 524.37 8.00 177794 0.64
34.95 7.82 273.43 525.12 8.00 177814 0.64
34.95 7.82 273.43 525.43 8.00 177834 0.64
34.95 7.82 273.43 526.58 8.00 177854 0.64
34.95 7.70 269.22 527.74 8.00 177874 0.64
34.95 7.70 269.22 528.38 8.00 177894 0.64
34.95 7.70 269.22 529.17 8.00 177914 0.64
34.95 7.70 269.22 529.59 8.00 177934 0.64
34.95 7.47 261.20 530.98 8.00 177954 0.64
34.95 7.47 261.20 531.16 8.00 177974 0.64
34.95 7.47 261.20 531.89 8.00 177994 0.64
34.95 7.53 263.30 533.32 8.00 178014 0.64
34.95 7.53 263.30 532.96 8.00 178034 0.64
34.95 7.53 263.30 534.44 8.00 178054 0.64
34.95 7.53 263.30 535.16 8.00 178074 0.64
34.95 7.59 265.47 536.26 8.00 178094 0.64
34.95 7.59 265.47 536.61 8.00 178114 0.64
34.95 7.59 265.47 537.45 8.00 178134 0.64
34.95 7.59 265.47 538.33 8.00 178154 0.64
34.95 7.68 268.44 538.89 8.00 178174 0.64
34.95 7.68 268.44 539.67 8.00 178194 0.64
34.95 7.68 268.44 540.39 8.00 178214 0.64
34.95 7.75 270.94 540.79 8.00 178234 0.64
34.95 7.75 270.94 541.83 8.00 178254 0.64
34.95 7.75 270.94 542.75 8.00 178274 0.64
34.95 7.75 270.94 543.29 8.00 178294 0.64
34.95 7.75 271.04 544.33 8.00 178314 0.64
34.95 7.75 271.04 545.28 8.00 178334 0.64
34.95 7.75 271.04 545.59 8.00 178354 0.64
34.95 7.75 271.04 546.20 8.00 178374 0.64
34.95 7.76 271.30 547.03 8.00 178394 0.65
34.95 7.76 271.30 548.05 8.00 178414 0.65
34.95 7.76 271.30 548.47 8.00 178434 0.65
34.95 7.74 270.69 549.34 8.00 178454 0.65
34.95 7.74 270.69 550.42 8.00 178474 0.65
34.95 7.74 270.69 550.45 8.00 178494 0.65
34.95 7.74 270.69 551.65 8.00 178514 0.65
34.95 7.77 271.74 552.78 8.00 178534 0.65
34.95 7.77 271.74 553.11 8.00 178554 0.65
34.95 7.77 271.74 554.29 8.00 178574 0.65
34.95 7.65 267.39 555.18 8.00 178594 0.65
34.95 7.65 267.39 555.61 8.00 178614 0.65
34.95 7.65 267.39 556.18 8.00 178634 0.65
34.95 7.65 267.39 556.93 8.00 178654 0.65
34.95 7.66 267.74 558.56 8.00 178674 0.65
34.95 7.66 267.74 558.81 8.00 178694 0.65
34.95 7.66 267.74 559.41 8.00 178714 0.65
34.95 7.66 267.74 559.84 8.00 178734 0.65
34.95 7.68 268.51 560.75 8.00 178754 0.65
34.95 7.68 268.51 561.36 8.00 178774 0.65
34.95 7.68 268.51 562.37 8.00 178794 0.65
34.95 7.68 268.52 563.02 8.00 178814 0.65
34.95 7.68 268.52 563.60 8.00 178834 0.65
34.95 7.68 268.52 564.36 8.00 178854 0.65
34.95 7.68 268.52 565.05 8.00 178874 0.65
34.95 7.76 271.39 565.67 8.00 178894 0.65
34.95 7.76 271.39 566.65 8.00 178914 0.65
34.95 7.76 271.39 567.25 8.00 178934 0.65
34.95 7.71 269.56 568.09 8.00 178954 0.65
34.95 7.71 269.56 568.71 8.00 178974 0.65
34.95 7.71 269.56 569.78 8.00 178994 0.65
34.95 7.71 269.56 570.33 8.00 179014 0.65
34.95 7.70 269.11 571.67 8.00 179034 0.65
34.95 7.70 269.11 571.95 8.00 179054 0.65
34.95 7.70 269.11 572.45 8.00 179074 0.65
34.95 7.70 269.11 573.53 8.00 179094 0.66
34.95 7.73 270.07 573.56 8.00 179114 0.66
34.95 7.73 270.07 575.26 8.00 179134 0.66
34.95 7.73 270.07 575.44 8.00 179154 0.66
34.95 7.67 268.00 576.16 8.00 179174 0.66
34.95 7.67 268.00 576.84 8.00 179194 0.66
34.95 7.67 268.00 577.42 8.00 179214 0.66
34.95 7.67 268.00 578.52 8.00 179234 0.66
34.95 7.73 270.35 579.39 8.00 179254 0.66
34.95 7.73 270.35 579.59 8.00 179274 0.66
34.95 7.73 270.35 580.48 8.00 179294 0.66
34.95 7.73 270.35 580.84 8.00 179314 0.66
34.95 7.68 268.34 581.84 8.00 179334 0.66
34.95 7.68 268.34 582.67 8.00 179354 0.66
34.95 7.68 268.34 583.30 8.00 179374 0.66
34.95 7.71 269.57 584.04 8.00 179394 0.66
34.95 7.71 269.57 584.71 8.00 179414 0.66
34.95 7.71 269.57 585.41 8.00 179434 0.66
34.95 7.71 269.57 586.64 8.00 179454 0.66
34.95 7.75 270.95 586.84 8.00 179474 0.66
34.95 7.75 270.95 587.84 8.00 179494 0.66
34.95 7.75 270.95 588.51 8.00 179514 0.66
34.95 7.84 273.91 589.31 8.00 179534 0.66
34.95 7.84 273.91 590.63 8.00 179554 0.66
34.95 7.84 273.91 590.55 8.00 179574 0.66
34.95 7.84 273.91 591.04 8.00 179594 0.66
34.95 7.76 271.30 592.11 8.00 179614 0.66
34.95 7.76 271.30 592.60 8.00 179634 0.66
34.95 7.76 271.30 592.76 8.00 179654 0.66
34.95 7.76 271.30 594.38 8.00 179674 0.66
34.95 7.68 268.34 594.97 8.00 179694 0.66
34.95 7.68 268.34 595.57 8.00 179714 0.66
34.95 7.68 268.34 596.66 8.00 179734 0.66
34.95 7.69 268.70 596.64 8.00 179754 0.66
34.95 7.69 268.70 597.60 8.00 179774 0.66
34.95 7.69 268.70 598.41 8.00 179794 0.66
34.95 7.69 268.70 599.33 8.00 179814 0.67
34.95 7.72 269.92 599.84 8.00 179834 0.67
34.95 7.72 269.92 600.88 8.00 179854 0.67
34.95 7.72 269.92 601.37 8.00 179874 0.67
34.95 7.75 270.79 601.88 8.00 179894 0.67
34.95 7.75 270.79 602.47 8.00 179914 0.67
34.95 7.75 270.79 602.82 8.00 179934 0.67
34.95 7.75 270.79 604.17 8.00 179954 0.67
34.95 7.70 269.05 604.80 8.00 179974 0.67
34.95 7.70 269.05 605.24 8.00 179994 0.67
34.95 7.70 269.05 606.31 8.00 180014 0.67
34.95 7.70 269.05 606.51 8.00 180034 0.67
34.95 7.70 269.22 608.10 8.00 180054 0.67
34.95 7.70 269.22 608.01 8.00 180074 0.67
34.95 7.70 269.22 609.32 8.00 180094 0.67
34.95 7.61 265.91 609.89 8.00 180114 0.67
34.95 7.61 265.91 610.71 8.00 180134 0.67
34.95 7.61 265.91 610.81 8.00 180154 0.67
34.95 7.61 265.91 611.83 8.00 180174 0.67
34.95 7.60 265.65 612.11 8.00 180194 0.67
34.95 7.60 265.65 613.16 8.00 180214 0.67
34.95 7.60 265.65 614.11 8.00 180234 0.67
34.95 7.60 265.65 614.62 8.00 180254 0.67
34.95 7.69 268.95 614.79 8.00 180274 0.67
34.95 7.69 268.95 615.73 8.00 180294 0.67
34.95 7.69 268.95 616.45 8.00 180314 0.67
34.95 7.69 268.86 617.72 8.00 180334 0.67
34.95 7.69 268.86 617.89 8.00 180354 0.67
34.95 7.69 268.86 618.50 8.00 180374 0.67
34.95 7.69 268.86 619.32 8.00 180394 0.67
34.95 7.73 270.17 619.63 8.00 180414 0.67
34.95 7.73 270.17 621.50 8.00 180434 0.67
34.95 7.73 270.17 621.36 8.00 180454 0.68
34.95 7.77 271.74 622.68 8.00 180474 0.68
34.95 7.77 271.74 622.96 8.00 180494 0.68
34.95 7.77 271.74 623.65 8.00 180514 0.68
34.95 7.77 271.74 624.47 8.00 180534 0.68
34.95 7.72 269.91 624.41 8.00 180554 0.68
34.95 7.72 269.91 625.40 8.00 180574 0.68
34.95 7.72 269.91 626.22 8.00 180594 0.68
34.95 7.72 269.91 626.83 8.00 180614 0.68
34.95 7.78 271.91 628.06 8.00 180634 0.68
34.95 7.78 271.91 628.45 8.00 180654 0.68
34.95 7.78 271.91 628.87 8.00 180674 0.68
34.95 7.81 272.96 629.78 8.00 180694 0.68
34.95 7.81 272.96 630.19 8.00 180714 0.68
34.95 7.81 272.96 631.21 8.00 180734 0.68
34.95 7.81 272.96 631.11 8.00 180754 0.68
34.95 7.86 274.69 632.50 8.00 180774 0.68
34.95 7.86 274.69 633.13 8.00 180794 0.68
34.95 7.86 274.69 633.73 8.00 180814 0.68
34.95 7.86 274.69 634.02 8.00 180834 0.68
34.95 7.89 275.82 635.09 8.00 180854 0.68
34.95 7.89 275.82 635.90 8.00 180874 0.68
34.95 7.89 275.82 636.54 8.00 180894 0.68
34.95 7.83 273.57 637.44 8.00 180914 0.68
34.95 7.83 273.57 637.63 8.00 180934 0.68
34.95 7.83 273.57 638.75 8.00 180954 0.68
34.95 7.83 273.57 639.34 8.00 180974 0.68
34.95 7.78 271.83 640.07 8.00 180994 0.68
34.95 7.78 271.83 640.51 8.00 181014 0.68
34.95 7.78 271.83 641.24 8.00 181034 0.68
34.95 7.78 272.08 641.88 8.00 181054 0.68
34.95 7.78 272.08 642.47 8.00 181074 0.68
34.95 7.78 272.08 643.47 8.00 181094 0.68
34.95 7.78 272.08 644.27 8.00 181114 0.68
34.95 7.65 267.56 644.51 8.00 181134 0.68
34.95 7.65 267.56 644.86 8.00 181154 0.68
34.95 7.65 267.56 645.75 8.00 181174 0.68
34.95 7.65 267.56 646.61 8.00 181194 0.68
34.95 7.63 266.87 647.44 8.00 181214 0.68
34.95 7.63 266.87 648.10 8.00 181234 0.68
34.95 7.63 266.87 648.66 8.00 181254 0.68
34.95 7.58 264.86 649.53 8.00 181274 0.68
34.95 7.58 264.86 649.91 8.00 181294 0.69
34.95 7.58 264.86 650.97 8.00 181314 0.69
34.95 7.58 264.86 651.07 8.00 181334 0.69
34.95 7.61 266.17 652.07 8.00 181354 0.69
34.95 7.61 266.17 652.54 8.00 181374 0.69
34.95 7.61 266.17 652.52 8.00 181394 0.69
34.95 7.65 267.40 653.83 8.00 181414 0.69
34.95 7.65 267.39 654.21 8.00 181434 0.69
34.95 7.65 267.39 655.03 8.00 181454 0.69
34.95 7.65 267.39 656.13 8.00 181474 0.69
34.95 7.71 269.65 656.56 8.00 181494 0.69
34.95 7.71 269.65 657.79 8.00 181514 0.69
34.95 7.71 269.65 658.30 8.00 181534 0.69
34.95 7.71 269.65 658.38 8.00 181554 0.69
34.95 7.74 270.52 658.51 8.00 181574 0.69
34.95 7.74 270.52 659.39 8.00 181594 0.69
34.95 7.74 270.52 660.23 8.00 181614 0.69
34.95 7.76 271.39 660.92 8.00 181634 0.69
34.95 7.76 271.39 661.51 8.00 181654 0.69
34.95 7.76 271.39 662.71 8.00 181674 0.69
34.95 7.76 271.39 662.64 8.00 181694 0.69
34.95 7.75 270.78 663.65 8.00 181714 0.69
34.95 7.75 270.78 664.41 8.00 181734 0.69
34.95 7.75 270.78 665.08 8.00 181754 0.69
34.95 7.75 270.78 665.93 8.00 181774 0.69
34.95 7.86 274.86 665.96 8.00 181794 0.69
34.95 7.86 274.86 666.85 8.00 181814 0.69
34.95 7.86 274.86 667.69 8.00 181834 0.69
34.95 7.79 272.26 668.12 8.00 181854 0.69
34.95 7.79 272.26 668.98 8.00 181874 0.69
34.95 7.79 272.26 669.98 8.00 181894 0.69
34.95 7.79 272.26 670.32 8.00 181914 0.69
34.95 7.67 268.26 670.98 8.00 181934 0.69
34.95 7.67 268.26 671.48 8.00 181954 0.69
34.95 7.67 268.26 672.28 8.00 181974 0.69
34.95 7.66 267.90 672.59 8.00 181994 0.69
34.95 7.66 267.90 673.33 8.00 182014 0.70
34.95 7.66 267.90 674.19 8.00 182034 0.70
34.95 7.66 267.90 674.64 8.00 182054 0.70
34.95 7.80 272.70 675.36 8.00 182074 0.70
34.95 7.80 272.70 675.87 8.00 182094 0.70
34.95 7.80 272.70 676.97 8.00 182114 0.70
34.95 7.80 272.70 677.30 8.00 182134 0.70
34.95 7.83 273.75 677.99 8.00 182154 0.70
34.95 7.83 273.75 677.74 8.00 182174 0.70
34.95 7.83 273.75 678.84 8.00 182194 0.70
34.95 7.77 271.48 679.84 8.00 182214 0.70
34.95 7.77 271.48 680.45 8.00 182234 0.70
34.95 7.77 271.48 681.27 8.00 182254 0.70
34.95 7.77 271.48 681.91 8.00 182274 0.70
34.95 7.78 272.08 681.92 8.00 182294 0.70
34.95 7.78 272.08 683.30 8.00 182314 0.70
34.95 7.78 272.08 684.11 8.00 182334 0.70
34.95 7.78 272.08 684.11 8.00 182354 0.70
34.95 7.77 271.47 685.01 8.00 182374 0.70
34.95 7.77 271.47 685.71 8.00 182394 0.70
34.95 7.77 271.47 686.33 8.00 182414 0.70
34.95 7.73 270.36 686.64 8.00 182434 0.70
34.95 7.73 270.36 687.31 8.00 182454 0.70
34.95 7.73 270.36 687.92 8.00 182474 0.70
34.95 7.73 270.36 689.18 8.00 182494 0.70
34.95 7.66 267.65 689.43 8.00 182514 0.70
34.95 7.66 267.65 690.20 8.00 182534 0.70
34.95 7.66 267.65 690.43 8.00 182554 0.70
34.95 7.70 269.05 691.73 8.00 182574 0.70
34.95 7.70 269.05 692.68 8.00 182594 0.70
34.95 7.70 269.05 692.57 8.00 182614 0.70
34.95 7.70 269.05 693.77 8.00 182634 0.70
34.95 7.67 268.08 694.21 8.00 182654 0.70
34.95 7.67 268.08 695.04 8.00 182674 0.70
34.95 7.67 268.08 695.14 8.00 182694 0.70
34.95 7.67 268.08 695.63 8.00 182714 0.70
34.95 7.67 268.26 696.08 8.00 182734 0.70
34.95 7.67 268.26 697.24 8.00 182754 0.70
34.95 7.67 268.26 697.44 8.00 182774 0.71
34.95 7.62 266.43 698.25 8.00 182794 0.71
34.95 7.62 266.43 698.51 8.00 182814 0.71
34.95 7.62 266.43 699.59 8.00 182834 0.71
34.95 7.62 266.43 699.56 8.00 182854 0.71
34.95 7.56 264.30 700.68 8.00 182874 0.71
34.95 7.56 264.30 701.41 8.00 182894 0.71
34.95 7.56 264.30 702.27 8.00 182914 0.71
34.95 7.82 273.21 702.35 8.00 182934 0.71
34.95 7.82 273.23 703.28 8.00 182954 0.71
34.95 7.82 273.23 703.47 8.00 182974 0.71
34.95 7.82 273.23 704.49 8.00 182994 0.71
34.95 7.81 273.03 704.84 8.00 183014 0.71
34.95 7.81 273.03 705.90 8.00 183034 0.71
34.95 7.81 273.03 706.36 8.00 183054 0.71
34.95 7.81 273.03 707.03 8.00 183074 0.71
34.95 7.87 275.22 707.26 8.00 183094 0.71
34.95 7.87 275.22 708.03 8.00 183114 0.71
34.95 7.87 275.22 708.79 8.00 183134 0.71
34.95 7.86 274.86 709.60 8.00 183154 0.71
34.95 7.86 274.86 709.98 8.00 183174 0.71
34.95 7.86 274.86 711.52 8.00 183194 0.71
34.95 7.86 274.86 711.51 8.00 183214 0.71
34.95 7.89 275.81 712.12 8.00 183234 0.71
34.95 7.89 275.81 713.11 8.00 183254 0.71
34.95 7.89 275.81 713.18 8.00 183274 0.71
34.95 7.89 275.81 714.12 8.00 183294 0.71
34.95 7.91 276.52 714.92 8.00 183314 0.71
34.95 7.91 276.52 714.92 8.00 183334 0.71
34.95 7.91 276.52 716.03 8.00 183354 0.71
34.95 7.87 275.22 717.01 8.00 183374 0.71
34.95 7.87 275.22 716.98 8.00 183394 0.71
34.95 7.87 275.22 717.75 8.00 183414 0.71
34.95 7.87 275.22 717.90 8.00 183434 0.71
34.95 7.74 270.61 718.97 8.00 183454 0.71
34.95 7.74 270.61 719.34 8.00 183474 0.71
34.95 7.74 270.61 720.23 8.00 183494 0.71
34.96 7.49 262.01 720.70 8.00 183514 0.71
34.96 7.49 262.01 720.95 8.00 183534 0.71
34.96 7.49 262.01 722.13 8.00 183554 0.71
34.96 7.49 262.01 722.17 8.00 183574 0.71
34.95 7.53 263.29 722.89 8.00 183594 0.71
34.95 7.53 263.29 723.65 8.00 183614 0.72
34.95 7.53 263.29 723.57 8.00 183634 0.72
34.95 7.53 263.29 725.15 8.00 183654 0.72
34.95 7.64 267.21 725.37 8.00 183674 0.72
34.95 7.64 267.21 726.07 8.00 183694 0.72
34.95 7.64 267.21 727.00 8.00 183714 0.72
34.95 7.76 271.39 727.51 8.00 183734 0.72
34.95 7.76 271.39 727.53 8.00 183754 0.72
34.95 7.76 271.39 728.41 8.00 183774 0.72
34.95 7.76 271.39 728.20 8.00 183794 0.72
34.95 7.82 273.21 729.51 8.00 183814 0.72
34.95 7.82 273.21 730.24 8.00 183834 0.72
34.95 7.82 273.21 731.29 8.00 183854 0.72
34.95 7.82 273.21 731.72 8.00 183874 0.72
34.95 7.75 270.87 732.31 8.00 183894 0.72
34.95 7.75 270.87 732.62 8.00 183914 0.72
34.95 7.75 270.87 733.86 8.00 183934 0.72
34.95 7.82 273.47 733.84 8.00 183954 0.72
34.95 7.82 273.47 734.62 8.00 183974 0.72
34.95 7.82 273.47 735.01 8.00 183994 0.72
34.95 7.82 273.47 736.00 8.00 184014 0.72
34.95 7.79 272.43 736.39 8.00 184034 0.72
34.95 7.79 272.43 737.34 8.00 184054 0.72
34.95 7.79 272.43 737.34 8.00 184074 0.72
34.95 7.77 271.56 737.90 8.00 184094 0.72
34.95 7.77 271.56 738.34 8.00 184114 0.72
34.95 7.77 271.56 739.75 8.00 184134 0.72
34.95 7.77 271.56 739.80 8.00 184154 0.72
34.95 7.77 271.49 740.36 8.00 184174 0.72
34.95 7.77 271.49 740.99 8.00 184194 0.72
34.95 7.77 271.49 741.24 8.00 184214 0.72
34.95 7.77 271.49 741.92 8.00 184234 0.72
34.95 7.78 271.83 743.20 8.00 184254 0.72
34.95 7.78 271.83 743.90 8.00 184274 0.72
34.95 7.78 271.83 744.09 8.00 184294 0.72
34.95 7.77 271.56 744.46 8.00 184314 0.72
34.95 7.77 271.56 745.64 8.00 184334 0.72
34.95 7.77 271.56 745.43 8.00 184354 0.72
34.95 7.77 271.56 746.91 8.00 184374 0.72
34.95 7.64 267.12 747.66 8.00 184394 0.72
34.95 7.64 267.12 747.60 8.00 184414 0.73
34.95 7.64 267.12 748.81 8.00 184434 0.73
34.95 7.63 266.77 748.82 8.00 184454 0.73
34.95 7.63 266.77 749.14 8.00 184474 0.73
34.95 7.63 266.77 750.16 8.00 184494 0.73
34.95 7.63 266.77 750.48 8.00 184514 0.73
34.95 7.77 271.73 750.74 8.00 184534 0.73
34.95 7.77 271.73 751.52 8.00 184554 0.73
34.95 7.77 271.73 752.48 8.00 184574 0.73
34.95 7.77 271.73 752.83 8.00 184594 0.73
34.95 7.67 268.09 753.12 8.00 184614 0.73
34.95 7.67 268.09 754.01 8.00 184634 0.73
34.95 7.67 268.09 754.74 8.00 184654 0.73
34.95 7.73 270.16 755.87 8.00 184674 0.73
34.95 7.73 270.16 755.90 8.00 184694 0.73
34.95 7.73 270.16 756.55 8.00 184714 0.73
34.95 7.73 270.16 756.86 8.00 184734 0.73
34.95 7.87 275.21 757.63 8.00 184754 0.73
34.95 7.87 275.21 758.04 8.00 184774 0.73
34.95 7.87 275.21 758.44 8.00 184794 0.73
34.95 7.87 275.21 759.30 8.00 184814 0.73
34.95 7.91 276.43 759.64 8.00 184834 0.73
34.95 7.91 276.43 760.90 8.00 184854 0.73
34.95 7.91 276.43 761.29 8.00 184874 0.73
34.95 7.83 273.75 761.48 8.00 184894 0.73
34.95 7.83 273.75 762.72 8.00 184914 0.73
34.95 7.83 273.75 762.72 8.00 184934 0.73
34.95 7.83 273.75 763.58 8.00 184954 0.73
34.95 7.78 272.09 764.28 8.00 184974 0.73
34.95 7.78 272.09 764.54 8.00 184994 0.73
34.95 7.78 272.09 765.57 8.00 185014 0.73
34.95 7.72 269.74 765.71 8.00 185034 0.73
34.95 7.72 269.74 766.18 8.00 185054 0.73
34.95 7.72 269.74 767.46 8.00 185074 0.73
34.95 7.72 269.74 767.11 8.00 185094 0.73
34.95 7.83 273.64 768.26 8.00 185114 0.73
34.95 7.83 273.64 768.78 8.00 185134 0.73
34.95 7.83 273.64 769.76 8.00 185154 0.73
34.95 7.83 273.64 769.77 8.00 185174 0.73
34.95 7.78 271.82 771.24 8.00 185194 0.73
34.95 7.78 271.82 770.95 8.00 185214 0.73
34.95 7.78 271.82 771.91 8.00 185234 0.73
34.95 7.77 271.47 771.80 8.00 185254 0.73
34.95 7.77 271.47 773.03 8.00 185274 0.74
34.95 7.77 271.47 773.60 8.00 185294 0.74
34.95 7.77 271.47 774.06 8.00 185314 0.74
34.95 7.75 270.78 774.50 8.00 185334 0.74
34.95 7.75 270.78 775.23 8.00 185354 0.74
34.95 7.75 270.78 775.25 8.00 185374 0.74
34.95 7.75 270.78 776.67 8.00 185394 0.74
34.95 7.79 272.44 776.20 8.00 185414 0.74
34.95 7.79 272.44 777.63 8.00 185434 0.74
34.95 7.79 272.44 778.07 8.00 185454 0.74
34.95 7.78 271.91 778.64 8.00 185474 0.74
34.95 7.78 271.91 779.10 8.00 185494 0.74
34.95 7.78 271.91 779.72 8.00 185514 0.74
34.95 7.78 271.91 780.28 8.00 185534 0.74
34.95 7.70 269.30 780.90 8.00 185554 0.74
34.95 7.70 269.30 782.16 8.00 185574 0.74
34.95 7.70 269.30 782.36 8.00 185594 0.74
34.95 7.68 268.35 782.38 8.00 185614 0.74
34.95 7.68 268.35 783.20 8.00 185634 0.74
34.95 7.68 268.35 783.31 8.00 185654 0.74
34.95 7.68 268.35 784.23 8.00 185674 0.74
34.95 7.68 268.35 785.01 8.00 185694 0.74
34.95 7.68 268.35 784.98 8.00 185714 0.74
34.95 7.68 268.35 786.60 8.00 185734 0.74
34.95 7.68 268.35 786.83 8.00 185754 0.74
34.95 7.73 270.10 787.31 8.00 185774 0.74
34.95 7.73 270.10 788.14 8.00 185794 0.74
34.95 7.73 270.10 787.95 8.00 185814 0.74
34.95 7.81 273.13 788.58 8.00 185834 0.74
34.95 7.81 273.13 789.64 8.00 185854 0.74
34.95 7.81 273.13 790.16 8.00 185874 0.74
34.95 7.81 273.13 790.58 8.00 185894 0.74
34.95 7.78 271.91 791.32 8.00 185914 0.74
34.95 7.78 271.91 791.86 8.00 185934 0.74
34.95 7.78 271.91 793.09 8.00 185954 0.74
34.95 7.73 270.35 793.29 8.00 185974 0.74
34.95 7.73 270.35 793.06 8.00 185994 0.74
34.95 7.73 270.35 794.00 8.00 186014 0.74
34.95 7.73 270.35 794.55 8.00 186034 0.74
34.95 7.73 270.09 794.77 8.00 186054 0.75
34.95 7.73 270.09 795.30 8.00 186074 0.75
34.95 7.73 270.09 795.97 8.00 186094 0.75
34.95 7.73 270.09 796.88 8.00 186114 0.75
34.95 7.73 270.34 797.37 8.00 186134 0.75
34.95 7.73 270.34 798.20 8.00 186154 0.75
34.95 7.73 270.34 797.73 8.00 186174 0.75
34.95 7.76 271.30 798.39 8.00 186194 0.75
34.95 7.76 271.30 800.07 8.00 186214 0.75
34.95 7.76 271.30 799.66 8.00 186234 0.75
34.95 7.76 271.30 801.16 8.00 186254 0.75
34.95 7.78 271.81 801.89 8.00 186274 0.75
34.95 7.78 271.81 802.16 8.00 186294 0.75
34.95 7.78 271.81 802.40 8.00 186314 0.75
34.95 7.78 271.81 802.99 8.00 186334 0.75
34.95 7.83 273.55 803.58 8.00 186354 0.75
34.95 7.83 273.55 803.84 8.00 186374 0.75
34.95 7.83 273.55 804.98 8.00 186394 0.75
34.95 7.87 275.13 805.48 8.00 186414 0.75
34.95 7.87 275.13 805.22 8.00 186434 0.75
34.95 7.87 275.13 806.29 8.00 186454 0.75
34.95 7.87 275.13 806.80 8.00 186474 0.75
34.95 7.91 276.52 807.68 8.00 186494 0.75
34.95 7.91 276.52 807.67 8.00 186514 0.75
34.95 7.91 276.52 808.36 8.00 186534 0.75
34.95 7.79 272.43 809.07 8.00 186554 0.75
34.95 7.79 272.43 809.84 8.00 186574 0.75
34.95 7.79 272.43 810.41 8.00 186594 0.75
34.95 7.79 272.43 810.67 8.00 186614 0.75
34.95 7.78 272.00 811.82 8.00 186634 0.75
34.95 7.78 272.00 811.66 8.00 186654 0.75
34.95 7.78 272.00 812.06 8.00 186674 0.75
34.95 7.78 272.00 812.90 8.00 186694 0.75
34.95 7.80 272.60 813.15 8.00 186714 0.75
34.95 7.80 272.60 814.55 8.00 186734 0.75
34.95 7.80 272.60 815.02 8.00 186754 0.75
34.95 7.68 268.43 815.23 8.00 186774 0.75
34.95 7.68 268.43 816.07 8.00 186794 0.75
34.95 7.68 268.43 816.76 8.00 186814 0.75
34.95 7.68 268.43 817.31 8.00 186834 0.75
34.95 7.64 267.13 817.20 8.00 186854 0.75
34.95 7.64 267.13 817.81 8.00 186874 0.75
34.95 7.64 267.13 818.54 8.00 186894 0.75
34.95 7.64 267.13 818.87 8.00 186914 0.75
34.95 7.67 267.99 820.01 8.00 186934 0.76
34.95 7.67 267.99 820.22 8.00 186954 0.76
34.95 7.67 267.99 820.39 8.00 186974 0.76
34.95 7.78 271.99 821.74 8.00 186994 0.76
34.95 7.78 271.99 822.19 8.00 187014 0.76
34.95 7.78 271.99 821.94 8.00 187034 0.76
34.95 7.78 271.99 823.21 8.00 187054 0.76
34.95 7.80 272.61 824.36 8.00 187074 0.76
34.95 7.80 272.61 823.54 8.00 187094 0.76
34.95 7.80 272.61 824.78 8.00 187114 0.76
34.95 7.75 270.87 825.04 8.00 187134 0.76
34.95 7.75 270.87 825.99 8.00 187154 0.76
34.95 7.75 270.87 825.55 8.00 187174 0.76
34.95 7.75 270.87 827.24 8.00 187194 0.76
34.95 7.77 271.64 827.45 8.00 187214 0.76
34.95 7.77 271.64 827.64 8.00 187234 0.76
34.95 7.77 271.64 828.88 8.00 187254 0.76
34.95 7.77 271.64 829.13 8.00 187274 0.76
34.95 7.83 273.66 830.05 8.00 187294 0.76
34.95 7.83 273.66 830.15 8.00 187314 0.76
34.95 7.83 273.66 830.15 8.00 187334 0.76
34.95 7.81 273.12 831.07 8.00 187354 0.76
34.95 7.81 273.12 832.24 8.00 187374 0.76
34.95 7.81 273.12 833.13 8.00 187394 0.76
34.95 7.81 273.12 833.16 8.00 187414 0.76
34.95 7.73 270.10 833.55 8.00 187434 0.76
34.95 7.73 270.10 833.96 8.00 187454 0.76
34.95 7.73 270.10 834.64 8.00 187474 0.76
34.95 7.67 268.08 834.68 8.00 187494 0.76
34.95 7.67 268.08 835.92 8.00 187514 0.76
34.95 7.67 268.08 836.54 8.00 187534 0.76
34.95 7.67 268.08 836.38 8.00 187554 0.76
34.95 7.80 272.61 836.97 8.00 187574 0.76
34.95 7.80 272.61 837.53 8.00 187594 0.76
34.95 7.80 272.61 838.19 8.00 187614 0.76
34.95 7.80 272.61 839.16 8.00 187634 0.76
34.95 7.73 270.06 839.56 8.00 187654 0.76
34.95 7.73 270.06 839.98 8.00 187674 0.76
34.95 7.73 270.06 839.99 8.00 187694 0.76
34.95 7.80 272.71 841.36 8.00 187714 0.76
34.95 7.80 272.71 841.41 8.00 187734 0.76
34.95 7.80 272.71 841.64 8.00 187754 0.76
34.95 7.80 272.71 842.00 8.00 187774 0.77
34.94 7.81 273.10 843.08 8.00 187794 0.77
34.94 7.81 273.10 843.81 8.00 187814 0.77
34.94 7.81 273.10 844.69 8.00 187834 0.77
34.94 7.81 273.10 845.11 8.00 187854 0.77
34.95 7.94 277.40 845.32 8.00 187874 0.77
34.95 7.94 277.40 845.23 8.00 187894 0.77
34.95 7.94 277.40 846.74 8.00 187914 0.77
34.95 7.90 276.26 846.75 8.00 187934 0.77
34.95 7.90 276.26 847.71 8.00 187954 0.77
34.95 7.90 276.26 847.89 8.00 187974 0.77
34.95 7.90 276.26 849.03 8.00 187994 0.77
34.95 7.75 270.79 849.20 8.00 188014 0.77
34.95 7.75 270.79 849.30 8.00 188034 0.77
34.95 7.75 270.79 850.51 8.00 188054 0.77
34.96 7.56 264.18 850.81 8.00 188074 0.77
34.96 7.56 264.18 851.38 8.00 188094 0.77
34.96 7.56 264.18 851.56 8.00 188114 0.77
34.96 7.56 264.18 852.87 8.00 188134 0.77
34.95 7.55 264.08 852.48 8.00 188154 0.77
34.95 7.55 264.08 853.70 8.00 188174 0.77
34.95 7.55 264.08 853.36 8.00 188194 0.77
34.95 7.55 264.08 853.86 8.00 188214 0.77
34.95 7.60 265.55 854.58 8.00 188234 0.77
34.95 7.60 265.55 854.97 8.00 188254 0.77
34.95 7.60 265.55 855.98 8.00 188274 0.77
34.95 7.86 274.76 856.09 8.00 188294 0.77
34.95 7.86 274.76 857.18 8.00 188314 0.77
34.95 7.86 274.76 857.60 8.00 188334 0.77
34.95 7.86 274.76 857.80 8.00 188354 0.77
34.95 7.91 276.43 858.73 8.00 188374 0.77
34.95 7.91 276.43 859.12 8.00 188394 0.77
34.95 7.91 276.43 860.10 8.00 188414 0.77
34.95 7.91 276.43 860.44 8.00 188434 0.77
34.95 7.87 274.96 860.68 8.00 188454 0.77
34.95 7.87 274.96 860.47 8.00 188474 0.77
34.95 7.87 274.96 861.62 8.00 188494 0.77
34.95 7.73 270.26 862.06 8.00 188514 0.77
34.95 7.73 270.26 862.12 8.00 188534 0.77
34.95 7.73 270.26 863.56 8.00 188554 0.77
34.95 7.73 270.26 864.30 8.00 188574 0.77
34.95 7.87 275.05 864.27 8.00 188594 0.77
34.95 7.87 275.05 865.14 8.00 188614 0.77
34.95 7.87 275.05 865.10 8.00 188634 0.77
34.95 7.71 269.47 866.16 8.00 188654 0.77
34.95 7.71 269.47 866.73 8.00 188674 0.78
34.95 7.71 269.47 867.23 8.00 188694 0.78
34.95 7.71 269.47 867.67 8.00 188714 0.78
34.95 7.80 272.51 868.11 8.00 188734 0.78
34.95 7.80 272.51 868.55 8.00 188754 0.78
34.95 7.80 272.51 869.29 8.00 188774 0.78
34.95 7.80 272.51 869.65 8.00 188794 0.78
34.94 7.95 277.99 870.66 8.00 188814 0.78
34.94 7.95 277.99 871.26 8.00 188834 0.78
34.94 7.95 277.99 871.81 8.00 188854 0.78
34.95 7.86 274.61 872.11 8.00 188874 0.78
34.95 7.86 274.61 872.41 8.00 188894 0.78
34.95 7.86 274.61 872.60 8.00 188914 0.78
34.95 7.86 274.61 873.95 8.00 188934 0.78
34.95 7.88 275.38 874.00 8.00 188954 0.78
34.95 7.88 275.38 874.66 8.00 188974 0.78
34.95 7.88 275.38 875.11 8.00 188994 0.78
34.95 7.95 277.75 874.89 8.00 189014 0.78
34.95 7.95 277.75 876.16 8.00 189034 0.78
34.95 7.95 277.75 876.71 8.00 189054 0.78
34.95 7.95 277.75 876.99 8.00 189074 0.78
34.95 7.73 270.27 877.46 8.00 189094 0.78
34.95 7.73 270.27 878.12 8.00 189114 0.78
34.95 7.73 270.27 878.85 8.00 189134 0.78
34.95 7.73 270.27 879.40 8.00 189154 0.78
34.95 7.62 266.43 879.34 8.00 189174 0.78
34.95 7.62 266.43 878.73 8.00 189194 0.78
34.95 7.62 266.43 880.77 8.00 189214 0.78
34.95 7.55 264.00 882.03 8.00 189234 0.78
34.95 7.55 264.00 881.47 8.00 189254 0.78
34.95 7.55 264.00 881.55 8.00 189274 0.78
34.95 7.55 264.00 882.56 8.00 189294 0.78
34.95 7.57 264.77 882.95 8.00 189314 0.78
34.95 7.57 264.77 883.83 8.00 189334 0.78
34.95 7.57 264.77 884.21 8.00 189354 0.78
34.95 7.57 264.77 884.43 8.00 189374 0.78
34.95 7.67 268.07 885.06 8.00 189394 0.78
34.95 7.67 268.07 885.49 8.00 189414 0.78
34.95 7.67 268.07 886.17 8.00 189434 0.78
34.95 7.90 276.00 886.39 8.00 189454 0.78
34.95 7.90 276.00 887.38 8.00 189474 0.78
34.95 7.90 276.00 888.15 8.00 189494 0.78
34.95 7.90 276.00 888.15 8.00 189514 0.78
34.95 7.79 272.44 888.35 8.00 189534 0.79
34.95 7.79 272.44 889.59 8.00 189554 0.79
34.95 7.79 272.44 890.02 8.00 189574 0.79
34.95 7.88 275.39 889.48 8.00 189594 0.79
34.95 7.88 275.39 890.62 8.00 189614 0.79
34.95 7.88 275.39 891.19 8.00 189634 0.79
34.95 7.88 275.39 891.94 8.00 189654 0.79
34.95 7.96 278.17 892.34 8.00 189674 0.79
34.95 7.96 278.17 892.74 8.00 189694 0.79
34.95 7.96 278.17 893.26 8.00 189714 0.79
34.95 7.96 278.17 893.92 8.00 189734 0.79
34.94 8.00 279.56 894.60 8.00 189754 0.79
34.94 8.00 279.56 895.32 8.00 189774 0.79
34.94 8.00 279.56 895.75 8.00 189794 0.79
34.95 7.94 277.39 896.08 8.00 189814 0.79
34.95 7.94 277.39 896.90 8.00 189834 0.79
34.95 7.94 277.39 898.23 8.00 189854 0.79
34.95 7.94 277.39 896.54 8.00 189874 0.79
34.95 7.80 272.62 897.79 8.00 189894 0.79
34.95 7.80 272.62 898.77 8.00 189914 0.79
34.95 7.80 272.62 899.62 8.00 189934 0.79
34.95 7.80 272.62 899.90 8.00 189954 0.79
34.95 7.72 269.80 900.71 8.00 189974 0.79
34.95 7.72 269.80 900.85 8.00 189994 0.79
34.95 7.72 269.80 901.84 8.00 190014 0.79
34.95 7.55 264.00 902.17 8.00 190034 0.79
34.95 7.55 264.00 902.64 8.00 190054 0.79
34.95 7.55 264.00 902.79 8.00 190074 0.79
34.95 7.55 264.00 903.19 8.00 190094 0.79
34.95 7.74 270.42 904.15 8.00 190114 0.79
34.95 7.74 270.42 904.24 8.00 190134 0.79
34.95 7.74 270.42 904.68 8.00 190154 0.79
34.95 7.74 270.52 905.85 8.00 190174 0.79
34.95 7.74 270.52 906.40 8.00 190194 0.79
34.95 7.74 270.52 906.13 8.00 190214 0.79
34.95 7.74 270.52 906.51 8.00 190234 0.79
34.95 7.78 271.82 907.44 8.00 190254 0.79
34.95 7.78 271.82 908.76 8.00 190274 0.79
34.95 7.78 271.82 907.87 8.00 190294 0.79
34.95 7.78 271.82 908.51 8.00 190314 0.79
34.95 7.78 271.91 909.45 8.00 190334 0.79
34.95 7.78 271.91 910.03 8.00 190354 0.79
34.95 7.78 271.91 910.18 8.00 190374 0.79
34.95 7.81 272.87 910.77 8.00 190394 0.79
34.95 7.81 272.87 911.16 8.00 190414 0.79
34.95 7.81 272.87 911.76 8.00 190434 0.79
34.95 7.81 272.87 912.26 8.00 190454 0.79
34.95 7.85 274.25 912.60 8.00 190474 0.79
34.95 7.85 274.25 913.44 8.00 190494 0.79
34.95 7.85 274.25 913.92 8.00 190514 0.79
34.95 7.73 270.26 914.40 8.00 190534 0.79
34.95 7.73 270.26 914.47 8.00 190554 0.80
34.95 7.73 270.26 915.16 8.00 190574 0.80
34.95 7.73 270.26 915.71 8.00 190594 0.80
34.95 7.88 275.29 915.83 8.00 190614 0.80
34.95 7.88 275.29 917.19 8.00 190634 0.80
34.95 7.88 275.29 917.09 8.00 190654 0.80
34.95 7.88 275.29 916.84 8.00 190674 0.80
34.94 7.96 278.25 918.01 8.00 190694 0.80
34.94 7.96 278.25 918.46 8.00 190714 0.80
34.94 7.96 278.25 919.61 8.00 190734 0.80
34.95 7.84 273.92 919.61 8.00 190754 0.80
34.95 7.84 273.92 920.25 8.00 190774 0.80
34.95 7.84 273.92 919.86 8.00 190794 0.80
34.95 7.84 273.92 921.05 8.00 190814 0.80
34.95 7.73 270.09 922.27 8.00 190834 0.80
34.95 7.73 270.09 922.03 8.00 190854 0.80
34.95 7.73 270.09 923.09 8.00 190874 0.80
34.95 7.73 270.09 922.67 8.00 190894 0.80
34.95 7.75 270.95 923.39 8.00 190914 0.80
34.95 7.75 270.95 923.28 8.00 190934 0.80
34.95 7.75 270.95 924.81 8.00 190954 0.80
34.95 7.72 269.82 925.08 8.00 190974 0.80
34.95 7.72 269.82 925.10 8.00 190994 0.80
34.95 7.72 269.82 925.93 8.00 191014 0.80
34.95 7.72 269.82 926.66 8.00 191034 0.80
34.95 7.82 273.47 927.10 8.00 191054 0.80
34.95 7.82 273.47 927.83 8.00 191074 0.80
34.95 7.82 273.47 928.40 8.00 191094 0.80
34.95 7.81 272.96 928.85 8.00 191114 0.80
34.95 7.81 272.96 929.41 8.00 191134 0.80
34.95 7.81 272.96 929.90 8.00 191154 0.80
34.95 7.81 272.96 930.43 8.00 191174 0.80
34.95 7.77 271.56 931.19 8.00 191194 0.80
34.95 7.77 271.56 931.43 8.00 191214 0.80
34.95 7.77 271.56 931.29 8.00 191234 0.80
34.95 7.77 271.56 931.66 8.00 191254 0.80
34.95 7.76 271.22 931.91 8.00 191274 0.80
34.95 7.76 271.22 933.26 8.00 191294 0.80
34.95 7.76 271.22 933.23 8.00 191314 0.80
34.95 7.77 271.74 933.74 8.00 191334 0.80
34.95 7.77 271.74 934.54 8.00 191354 0.80
34.95 7.77 271.74 934.51 8.00 191374 0.80
34.95 7.77 271.74 935.05 8.00 191394 0.80
34.95 7.78 271.99 936.07 8.00 191414 0.80
34.95 7.78 271.99 936.59 8.00 191434 0.80
34.95 7.78 271.99 936.56 8.00 191454 0.80
34.95 7.78 271.99 936.68 8.00 191474 0.80
34.95 7.89 275.64 938.26 8.00 191494 0.80
34.95 7.89 275.64 938.45 8.00 191514 0.80
34.95 7.89 275.64 938.56 8.00 191534 0.80
34.95 7.87 274.96 939.45 8.00 191554 0.80
34.95 7.87 274.96 939.78 8.00 191574 0.81
34.95 7.87 274.96 940.37 8.00 191594 0.81
34.95 7.87 274.96 941.01 8.00 191614 0.81
34.95 7.79 272.44 941.37 8.00 191634 0.81
34.95 7.79 272.44 941.63 8.00 191654 0.81
34.95 7.79 272.44 942.60 8.00 191674 0.81
34.95 7.78 271.99 942.37 8.00 191694 0.81
34.95 7.78 271.99 944.17 8.00 191714 0.81
34.95 7.78 271.99 943.57 8.00 191734 0.81
34.95 7.78 271.99 943.75 8.00 191754 0.81
34.95 7.82 273.21 945.22 8.00 191774 0.81
34.95 7.82 273.21 945.51 8.00 191794 0.81
34.95 7.82 273.21 945.49 8.00 191814 0.81
34.95 7.82 273.21 946.01 8.00 191834 0.81
34.95 7.86 274.61 946.21 8.00 191854 0.81
34.95 7.86 274.61 946.91 8.00 191874 0.81
34.95 7.86 274.61 948.06 8.00 191894 0.81
34.95 7.82 273.31 947.91 8.00 191914 0.81
34.95 7.82 273.31 948.30 8.00 191934 0.81
34.95 7.82 273.31 948.90 8.00 191954 0.81
34.95 7.82 273.31 948.69 8.00 191974 0.81
34.95 7.77 271.57 949.88 8.00 191994 0.81
34.95 7.77 271.57 950.71 8.00 192014 0.81
34.95 7.77 271.57 950.33 8.00 192034 0.81
34.95 7.66 267.66 952.03 8.00 192054 0.81
34.95 7.66 267.66 951.54 8.00 192074 0.81
34.95 7.66 267.66 952.61 8.00 192094 0.81
34.95 7.66 267.66 952.94 8.00 192114 0.81
34.95 7.64 267.21 953.35 8.00 192134 0.81
34.95 7.64 267.21 953.90 8.00 192154 0.81
34.95 7.64 267.21 954.62 8.00 192174 0.81
34.95 7.64 267.21 954.34 8.00 192194 0.81
34.95 7.74 270.61 955.25 8.00 192214 0.81
34.95 7.74 270.61 955.57 8.00 192234 0.81
34.95 7.74 270.61 956.68 8.00 192254 0.81
34.95 7.82 273.21 956.88 8.00 192274 0.81
34.95 7.82 273.21 957.95 8.00 192294 0.81
34.95 7.82 273.21 957.14 8.00 192314 0.81
34.95 7.82 273.21 958.50 8.00 192334 0.81
34.95 7.86 274.60 958.85 8.00 192354 0.81
34.95 7.86 274.60 958.93 8.00 192374 0.81
34.95 7.86 274.60 959.48 8.00 192394 0.81
34.95 7.86 274.60 960.57 8.00 192414 0.81
34.95 7.86 274.61 960.88 8.00 192434 0.81
34.95 7.86 274.61 961.06 8.00 192454 0.81
34.95 7.86 274.61 961.25 8.00 192474 0.81
34.95 7.90 276.00 961.00 8.00 192494 0.81
34.95 7.90 276.00 962.02 8.00 192514 0.81
34.95 7.90 276.00 964.09 8.00 192534 0.81
34.95 7.90 276.00 963.59 8.00 192554 0.82
34.95 7.90 276.09 964.04 8.00 192574 0.82
34.95 7.90 276.09 965.41 8.00 192594 0.82
34.95 7.90 276.09 964.77 8.00 192614 0.82
34.95 7.90 276.09 964.79 8.00 192634 0.82
34.95 7.90 276.09 964.96 8.00 192654 0.82
34.95 7.90 276.09 966.79 8.00 192674 0.82
34.95 7.90 276.09 967.21 8.00 192694 0.82
34.95 7.78 271.91 967.34 8.00 192714 0.82
34.95 7.78 271.91 968.62 8.00 192734 0.82
34.95 7.78 271.91 968.16 8.00 192754 0.82
34.95 7.78 271.91 968.77 8.00 192774 0.82
34.95 7.78 271.92 969.10 8.00 192794 0.82
34.95 7.78 271.92 969.90 8.00 192814 0.82
34.95 7.78 271.92 970.36 8.00 192834 0.82
34.95 7.77 271.58 970.62 8.00 192854 0.82
34.95 7.77 271.58 971.09 8.00 192874 0.82
34.95 7.77 271.58 971.31 8.00 192894 0.82
34.95 7.77 271.58 971.86 8.00 192914 0.82
34.95 7.82 273.31 972.18 8.00 192934 0.82
34.95 7.82 273.31 972.16 8.00 192954 0.82
34.95 7.82 273.31 973.22 8.00 192974 0.82
34.95 7.82 273.31 973.77 8.00 192994 0.82
34.95 7.80 272.61 973.79 8.00 193014 0.82
34.95 7.80 272.61 975.13 8.00 193034 0.82
34.95 7.80 272.61 974.80 8.00 193054 0.82
34.95 7.68 268.44 975.37 8.00 193074 0.82
34.95 7.68 268.44 976.34 8.00 193094 0.82
34.95 7.68 268.44 976.17 8.00 193114 0.82
34.95 7.68 268.44 976.55 8.00 193134 0.82
34.95 7.72 269.82 978.36 8.00 193154 0.82
34.95 7.72 269.82 977.76 8.00 193174 0.82
34.95 7.72 269.82 978.81 8.00 193194 0.82
34.95 7.76 271.39 978.74 8.00 193214 0.82
34.95 7.76 271.39 978.06 8.00 193234 0.82
34.95 7.76 271.39 979.37 8.00 193254 0.82
34.95 7.76 271.39 979.72 8.00 193274 0.82
34.95 7.81 272.95 980.97 8.00 193294 0.82
34.95 7.81 272.95 981.69 8.00 193314 0.82
34.95 7.81 272.95 982.08 8.00 193334 0.82
34.95 7.81 272.95 981.92 8.00 193354 0.82
34.95 7.82 273.39 982.45 8.00 193374 0.82
34.95 7.82 273.39 983.25 8.00 193394 0.82
34.95 7.82 273.39 983.57 8.00 193414 0.82
34.95 7.87 275.12 984.16 8.00 193434 0.82
34.95 7.87 275.12 985.01 8.00 193454 0.82
34.95 7.87 275.12 984.98 8.00 193474 0.82
34.95 7.87 275.12 985.45 8.00 193494 0.82
34.95 7.81 272.87 985.72 8.00 193514 0.82
34.95 7.81 272.87 986.27 8.00 193534 0.82
34.95 7.81 272.87 986.49 8.00 193554 0.83
34.95 7.81 272.87 987.93 8.00 193574 0.83
34.95 7.81 272.87 987.13 8.00 193594 0.83
34.95 7.81 272.87 988.47 8.00 193614 0.83
34.95 7.81 272.87 988.99 8.00 193634 0.83
34.95 7.82 273.48 989.14 8.00 193654 0.83
34.95 7.82 273.48 989.07 8.00 193674 0.83
34.95 7.82 273.48 989.36 8.00 193694 0.83
34.95 7.82 273.48 990.70 8.00 193714 0.83
34.95 7.88 275.40 992.06 8.00 193734 0.83
34.95 7.88 275.40 991.15 8.00 193754 0.83
34.95 7.88 275.40 992.21 8.00 193774 0.83
34.95 7.84 274.16 990.77 8.00 193794 0.83
34.95 7.84 274.16 992.70 8.00 193814 0.83
34.95 7.84 274.16 993.11 8.00 193834 0.83
34.95 7.84 274.16 995.14 8.00 193854 0.83
34.95 7.81 273.04 994.18 8.00 193874 0.83
34.95 7.81 273.04 994.74 8.00 193894 0.83
34.95 7.81 273.04 995.06 8.00 193914 0.83
34.95 7.81 273.04 994.89 8.00 193934 0.83
34.95 7.81 273.05 995.73 8.00 193954 0.83
34.95 7.81 273.05 996.02 8.00 193974 0.83
34.95 7.81 273.05 997.74 8.00 193994 0.83
34.95 7.76 271.30 997.27 8.00 194014 0.83
34.95 7.76 271.30 998.25 8.00 194034 0.83
34.95 7.76 271.30 997.84 8.00 194054 0.83
34.95 7.76 271.30 999.25 8.00 194074 0.83
34.95 7.72 270.00 999.62 8.00 194094 0.83
34.95 7.72 270.00 999.87 8.00 194114 0.83
34.95 7.72 270.00 1000.05 8.00 194134 0.83
34.95 7.78 272.00 1000.50 8.00 194154 0.83
34.95 7.78 272.00 1000.78 8.00 194174 0.83
34.95 7.78 272.00 1002.20 8.00 194194 0.83
34.95 7.78 272.00 1001.99 8.00 194214 0.83
34.95 7.75 270.78 1002.42 8.00 194234 0.83
34.95 7.75 270.78 1002.49 8.00 194254 0.83
34.95 7.75 270.78 1003.21 8.00 194274 0.83
34.95 7.75 270.78 1003.46 8.00 194294 0.83
34.95 7.82 273.21 1004.86 8.00 194314 0.83
34.95 7.82 273.21 1005.24 8.00 194334 0.83
34.95 7.82 273.21 1004.49 8.00 194354 0.83
34.95 7.84 274.09 1005.65 8.00 194374 0.83
34.95 7.84 274.09 1006.36 8.00 194394 0.83
34.95 7.84 274.09 1007.68 8.00 194414 0.83
34.95 7.84 274.09 1007.32 8.00 194434 0.83
34.95 7.88 275.30 1008.17 8.00 194454 0.83
34.95 7.88 275.30 1007.15 8.00 194474 0.83
34.95 7.88 275.30 1008.56 8.00 194494 0.83
34.95 7.88 275.30 1008.61 8.00 194514 0.83
34.95 7.84 274.09 1009.88 8.00 194534 0.83
34.95 7.84 274.09 1009.97 8.00 194554 0.83
34.95 7.84 274.09 1009.79 8.00 194574 0.83
34.95 7.77 271.74 1010.36 8.00 194594 0.83
34.95 7.77 271.74 1010.95 8.00 194614 0.84
34.95 7.77 271.74 1012.15 8.00 194634 0.84
34.95 7.77 271.74 1011.79 8.00 194654 0.84
34.95 7.81 272.95 1012.45 8.00 194674 0.84
34.95 7.81 272.95 1013.41 8.00 194694 0.84
34.95 7.81 272.95 1013.45 8.00 194714 0.84
34.95 7.83 273.65 1013.91 8.00 194734 0.84
34.95 7.83 273.65 1014.80 8.00 194754 0.84
34.95 7.83 273.65 1013.87 8.00 194774 0.84
34.95 7.83 273.65 1015.52 8.00 194794 0.84
34.95 7.88 275.31 1015.62 8.00 194814 0.84
34.95 7.88 275.31 1016.02 8.00 194834 0.84
34.95 7.88 275.31 1017.19 8.00 194854 0.84
34.95 7.88 275.31 1016.97 8.00 194874 0.84
34.95 7.75 271.05 1017.55 8.00 194894 0.84
34.95 7.75 271.05 1017.81 8.00 194914 0.84
34.95 7.75 271.05 1018.76 8.00 194934 0.84
34.95 7.74 270.61 1018.54 8.00 194954 0.84
34.95 7.74 270.61 1019.14 8.00 194974 0.84
34.95 7.74 270.61 1018.62 8.00 194994 0.84
34.95 7.74 270.61 1019.70 8.00 195014 0.84
34.95 7.71 269.39 1020.79 8.00 195034 0.84
34.95 7.71 269.39 1020.39 8.00 195054 0.84
34.95 7.71 269.39 1022.72 8.00 195074 0.84
34.95 7.78 272.00 1022.23 8.00 195094 0.84
34.95 7.78 272.00 1021.96 8.00 195114 0.84
34.95 7.78 272.00 1022.76 8.00 195134 0.84
34.95 7.78 272.00 1023.21 8.00 195154 0.84
34.95 7.83 273.56 1024.35 8.00 195174 0.84
34.95 7.83 273.56 1024.17 8.00 195194 0.84
34.95 7.83 273.56 1024.33 8.00 195214 0.84
34.95 7.83 273.56 1024.40 8.00 195234 0.84
34.95 7.83 273.65 1024.89 8.00 195254 0.84
34.95 7.83 273.65 1026.41 8.00 195274 0.84
34.95 7.83 273.65 1026.38 8.00 195294 0.84
34.95 7.86 274.87 1027.49 8.00 195314 0.84
34.95 7.86 274.87 1027.70 8.00 195334 0.84
34.95 7.86 274.87 1027.17 8.00 195354 0.84
34.95 7.86 274.87 1028.86 8.00 195374 0.84
34.95 7.85 274.51 1029.12 8.00 195394 0.84
34.95 7.85 274.51 1028.51 8.00 195414 0.84
34.95 7.85 274.51 1030.01 8.00 195434 0.84
34.95 7.85 274.51 1030.43 8.00 195454 0.84
34.95 7.77 271.66 1030.18 8.00 195474 0.84
34.95 7.77 271.66 1030.11 8.00 195494 0.84
34.95 7.77 271.66 1030.54 8.00 195514 0.84
34.95 7.81 273.12 1032.05 8.00 195534 0.84
34.95 7.81 273.12 1032.20 8.00 195554 0.84
34.95 7.81 273.12 1032.77 8.00 195574 0.84
34.95 7.81 273.12 1033.18 8.00 195594 0.84
34.95 7.78 272.00 1034.22 8.00 195614 0.84
34.95 7.78 272.00 1033.89 8.00 195634 0.84
34.95 7.78 272.00 1034.41 8.00 195654 0.85
34.95 7.81 273.12 1034.66 8.00 195674 0.85
34.95 7.81 273.12 1035.63 8.00 195694 0.85
34.95 7.81 273.12 1035.05 8.00 195714 0.85
34.95 7.81 273.12 1036.36 8.00 195734 0.85
34.95 7.78 271.91 1036.72 8.00 195754 0.85
34.95 7.78 271.91 1037.25 8.00 195774 0.85
34.95 7.78 271.91 1037.54 8.00 195794 0.85
34.95 7.78 271.91 1038.19 8.00 195814 0.85
34.95 7.82 273.21 1038.51 8.00 195834 0.85
34.95 7.82 273.21 1038.76 8.00 195854 0.85
34.95 7.82 273.21 1039.32 8.00 195874 0.85
34.95 7.83 273.74 1040.13 8.00 195894 0.85
34.95 7.83 273.74 1040.06 8.00 195914 0.85
34.95 7.83 273.74 1041.11 8.00 195934 0.85
34.95 7.83 273.74 1040.93 8.00 195954 0.85
34.95 7.79 272.36 1041.32 8.00 195974 0.85
34.95 7.79 272.36 1041.03 8.00 195994 0.85
34.95 7.79 272.36 1043.12 8.00 196014 0.85
34.95 7.68 268.51 1042.50 8.00 196034 0.85
34.95 7.68 268.51 1042.68 8.00 196054 0.85
34.95 7.68 268.51 1043.17 8.00 196074 0.85
34.95 7.68 268.51 1044.19 8.00 196094 0.85
34.95 7.83 273.55 1044.86 8.00 196114 0.85
34.95 7.83 273.55 1044.66 8.00 196134 0.85
34.95 7.83 273.55 1045.17 8.00 196154 0.85
34.95 7.83 273.55 1045.64 8.00 196174 0.85
34.95 7.85 274.35 1046.28 8.00 196194 0.85
34.95 7.85 274.35 1046.57 8.00 196214 0.85
34.95 7.85 274.35 1047.21 8.00 196234 0.85
34.95 7.81 272.96 1047.60 8.00 196254 0.85
34.95 7.81 272.96 1047.76 8.00 196274 0.85
34.95 7.81 272.96 1048.36 8.00 196294 0.85
34.95 7.81 272.96 1048.36 8.00 196314 0.85
34.95 7.77 271.72 1049.78 8.00 196334 0.85
34.95 7.77 271.72 1049.34 8.00 196354 0.85
34.95 7.77 271.72 1050.62 8.00 196374 0.85
34.95 7.77 271.72 1050.84 8.00 196394 0.85
34.95 7.97 278.66 1051.67 8.00 196414 0.85
34.95 7.97 278.66 1052.28 8.00 196434 0.85
34.95 7.97 278.66 1051.49 8.00 196454 0.85
34.95 8.02 280.13 1052.34 8.00 196474 0.85
34.95 8.02 280.13 1052.43 8.00 196494 0.85
34.95 8.02 280.13 1053.17 8.00 196514 0.85
34.95 8.02 280.13 1053.89 8.00 196534 0.85
34.95 7.71 269.62 1054.13 8.00 196554 0.85
34.95 7.71 269.62 1054.31 8.00 196574 0.85
34.95 7.71 269.62 1055.43 8.00 196594 0.85
34.95 7.78 271.91 1055.37 8.00 196614 0.85
34.95 7.78 271.91 1056.10 8.00 196634 0.85
34.95 7.78 271.91 1058.09 8.00 196654 0.85
34.95 7.78 271.91 1057.87 8.00 196674 0.85
34.95 7.82 273.23 1057.16 8.00 196694 0.85
34.95 7.82 273.23 1058.71 8.00 196714 0.85
34.95 7.82 273.23 1057.27 8.00 196734 0.85
34.95 7.82 273.23 1058.59 8.00 196754 0.86
34.95 7.77 271.45 1059.36 8.00 196774 0.86
34.95 7.77 271.45 1059.43 8.00 196794 0.86
34.95 7.77 271.45 1059.53 8.00 196814 0.86
34.95 7.73 270.26 1060.75 8.00 196834 0.86
34.95 7.73 270.26 1060.91 8.00 196854 0.86
34.95 7.73 270.26 1060.91 8.00 196874 0.86
34.95 7.73 270.26 1060.67 8.00 196894 0.86
34.95 7.74 270.60 1061.76 8.00 196914 0.86
34.95 7.74 270.60 1062.19 8.00 196934 0.86
34.95 7.74 270.60 1063.53 8.00 196954 0.86
34.95 7.74 270.60 1062.83 8.00 196974 0.86
34.95 7.83 273.56 1063.23 8.00 196994 0.86
34.95 7.83 273.56 1063.58 8.00 197014 0.86
34.95 7.83 273.56 1064.91 8.00 197034 0.86
34.95 7.89 275.65 1064.94 8.00 197054 0.86
34.95 7.89 275.65 1065.42 8.00 197074 0.86
34.95 7.89 275.65 1065.61 8.00 197094 0.86
34.95 7.89 275.65 1066.44 8.00 197114 0.86
34.95 7.89 275.65 1066.88 8.00 197134 0.86
34.95 7.89 275.65 1066.74 8.00 197154 0.86
34.95 7.89 275.65 1067.22 8.00 197174 0.86
34.95 7.83 273.75 1069.08 8.00 197194 0.86
34.95 7.83 273.75 1068.15 8.00 197214 0.86
34.95 7.83 273.75 1068.64 8.00 197234 0.86
34.95 7.83 273.75 1068.47 8.00 197254 0.86
34.95 7.75 271.05 1069.75 8.00 197274 0.86
34.95 7.75 271.05 1069.84 8.00 197294 0.86
34.95 7.75 271.05 1071.12 8.00 197314 0.86
34.95 7.75 271.05 1071.91 8.00 197334 0.86
34.95 7.75 271.04 1071.64 8.00 197354 0.86
34.95 7.75 271.04 1072.44 8.00 197374 0.86
34.95 7.75 271.04 1071.79 8.00 197394 0.86
34.95 7.80 272.78 1072.12 8.00 197414 0.86
34.95 7.80 272.78 1073.48 8.00 197434 0.86
34.95 7.80 272.78 1072.87 8.00 197454 0.86
34.95 7.80 272.78 1073.79 8.00 197474 0.86
34.95 7.77 271.66 1074.09 8.00 197494 0.86
34.95 7.77 271.66 1074.69 8.00 197514 0.86
34.95 7.77 271.66 1074.42 8.00 197534 0.86
34.95 7.77 271.57 1075.67 8.00 197554 0.86
34.95 7.77 271.56 1075.67 8.00 197574 0.86
34.95 7.77 271.56 1076.43 8.00 197594 0.86
34.95 7.77 271.56 1077.22 8.00 197614 0.86
34.95 7.83 273.64 1077.14 8.00 197634 0.86
34.95 7.83 273.64 1078.17 8.00 197654 0.86
34.95 7.83 273.64 1077.59 8.00 197674 0.86
34.95 7.83 273.64 1078.09 8.00 197694 0.86
34.95 7.87 274.96 1078.11 8.00 197714 0.86
34.95 7.87 274.96 1079.97 8.00 197734 0.86
34.95 7.87 274.96 1079.74 8.00 197754 0.87
34.95 7.85 274.25 1080.17 8.00 197774 0.87
34.95 7.85 274.25 1080.22 8.00 197794 0.87
34.95 7.85 274.25 1080.75 8.00 197814 0.87
34.95 7.85 274.25 1082.47 8.00 197834 0.87
34.95 7.86 274.69 1081.61 8.00 197854 0.87
34.95 7.86 274.69 1082.49 8.00 197874 0.87
34.95 7.86 274.69 1082.78 8.00 197894 0.87
34.95 7.86 274.69 1083.48 8.00 197914 0.87
34.95 7.84 274.00 1083.21 8.00 197934 0.87
34.95 7.84 274.00 1084.40 8.00 197954 0.87
34.95 7.84 274.00 1084.87 8.00 197974 0.87
34.95 7.90 276.09 1084.76 8.00 197994 0.87
34.95 7.90 276.09 1085.74 8.00 198014 0.87
34.95 7.90 276.09 1085.99 8.00 198034 0.87
34.95 7.90 276.09 1086.23 8.00 198054 0.87
34.95 7.93 277.21 1087.27 8.00 198074 0.87
34.95 7.93 277.21 1087.19 8.00 198094 0.87
34.95 7.93 277.21 1088.44 8.00 198114 0.87
34.95 7.82 273.48 1087.71 8.00 198134 0.87
34.95 7.82 273.48 1088.18 8.00 198154 0.87
34.95 7.82 273.48 1088.47 8.00 198174 0.87
34.95 7.82 273.48 1089.27 8.00 198194 0.87
34.95 7.71 269.65 1088.87 8.00 198214 0.87
34.95 7.71 269.65 1090.00 8.00 198234 0.87
34.95 7.71 269.65 1089.74 8.00 198254 0.87
34.95 7.71 269.65 1090.47 8.00 198274 0.87
34.95 7.69 268.96 1090.81 8.00 198294 0.87
34.95 7.69 268.96 1091.72 8.00 198314 0.87
34.95 7.69 268.96 1092.06 8.00 198334 0.87
34.95 7.74 270.59 1092.58 8.00 198354 0.87
34.95 7.74 270.59 1092.52 8.00 198374 0.87
34.95 7.74 270.59 1093.23 8.00 198394 0.87
34.95 7.74 270.59 1093.61 8.00 198414 0.87
34.95 7.81 273.04 1094.25 8.00 198434 0.87
34.95 7.81 273.04 1094.27 8.00 198454 0.87
34.95 7.81 273.04 1095.43 8.00 198474 0.87
34.95 7.81 273.04 1095.59 8.00 198494 0.87
34.95 7.85 274.35 1096.37 8.00 198514 0.87
34.95 7.85 274.35 1095.37 8.00 198534 0.87
34.95 7.85 274.35 1096.99 8.00 198554 0.87
34.95 7.91 276.60 1097.19 8.00 198574 0.87
34.95 7.91 276.60 1095.95 8.00 198594 0.87
34.95 7.91 276.60 1097.92 8.00 198614 0.87
34.95 7.91 276.60 1098.64 8.00 198634 0.87
34.95 7.86 274.78 1099.65 8.00 198654 0.87
34.95 7.86 274.78 1099.61 8.00 198674 0.87
34.95 7.86 274.78 1099.02 8.00 198694 0.87
34.95 7.88 275.39 1099.99 8.00 198714 0.87
34.95 7.88 275.39 1101.34 8.00 198734 0.87
34.95 7.88 275.39 1100.82 8.00 198754 0.87
34.95 7.88 275.39 1101.52 8.00 198774 0.87
34.95 7.94 277.56 1101.93 8.00 198794 0.87
34.95 7.94 277.56 1102.56 8.00 198814 0.87
34.95 7.94 277.56 1102.13 8.00 198834 0.87
34.95 7.94 277.56 1102.62 8.00 198854 0.87
34.95 7.83 273.65 1102.11 8.00 198874 0.87
34.95 7.83 273.65 1103.69 8.00 198894 0.87
34.95 7.83 273.65 1104.83 8.00 198914 0.87
34.95 7.83 273.66 1104.79 8.00 198934 0.87
34.95 7.83 273.66 1105.09 8.00 198954 0.87
34.95 7.83 273.66 1107.42 8.00 198974 0.87
34.95 7.83 273.66 1105.60 8.00 198994 0.87
34.95 7.75 270.87 1105.83 8.00 199014 0.88
34.95 7.75 270.87 1106.11 8.00 199034 0.88
34.95 7.75 270.87 1107.09 8.00 199054 0.88
34.95 7.75 270.87 1107.81 8.00 199074 0.88
34.95 7.75 270.86 1107.36 8.00 199094 0.88
34.95 7.75 270.86 1107.79 8.00 199114 0.88
34.95 7.75 270.86 1108.30 8.00 199134 0.88
34.95 7.78 272.09 1109.39 8.00 199154 0.88
34.95 7.78 272.09 1109.00 8.00 199174 0.88
34.95 7.78 272.09 1110.25 8.00 199194 0.88
34.95 7.78 272.09 1110.35 8.00 199214 0.88
34.95 7.83 273.74 1111.05 8.00 199234 0.88
34.95 7.83 273.74 1110.51 8.00 199254 0.88
34.95 7.83 273.74 1111.75 8.00 199274 0.88
34.95 7.83 273.64 1111.34 8.00 199294 0.88
34.95 7.83 273.64 1112.90 8.00 199314 0.88
34.95 7.83 273.64 1113.44 8.00 199334 0.88
34.95 7.83 273.64 1113.57 8.00 199354 0.88
34.95 7.84 274.17 1113.46 8.00 199374 0.88
34.95 7.84 274.17 1113.46 8.00 199394 0.88
34.95 7.84 274.17 1115.37 8.00 199414 0.88
34.95 7.84 274.17 1113.94 8.00 199434 0.88
34.95 7.88 275.31 1115.72 8.00 199454 0.88
34.95 7.88 275.31 1116.40 8.00 199474 0.88
34.95 7.88 275.31 1116.03 8.00 199494 0.88
35.03 5.64 197.59 1117.19 8.00 199514 0.88
35.03 5.64 197.59 1116.09 8.00 199534 0.88
35.03 5.64 197.59 1116.05 8.00 199554 0.88
35.03 5.64 197.59 1115.26 8.00 199574 0.88
35.13 0.29 10.19 1116.40 8.00 199594 0.88
35.13 0.29 10.19 1115.39 8.00 199614 0.88
35.13 0.29 10.19 1116.94 8.00 199634 0.88
35.12 0.08 2.81 1116.76 8.00 199654 0.88
35.12 0.08 2.81 1116.61 8.00 199674 0.88
35.12 0.08 2.81 1115.47 8.00 199694 0.88
35.12 0.08 2.81 1115.91 8.00 199714 0.88
35.12 0.01 0.44 1114.79 8.00 199734 0.88
35.12 0.01 0.44 1114.19 8.00 199754 0.88
35.12 0.01 0.44 1115.70 8.00 199774 0.88
35.12 0.01 0.44 1115.84 8.00 199794 0.88
35.11 0.01 0.35 1114.97 8.00 199814 0.88
35.11 0.01 0.35 1115.97 8.00 199834 0.88
35.11 0.01 0.35 1115.61 8.00 199854 0.88
35.11 0.01 0.35 1114.19 8.00 199874 0.88
35.11 0.01 0.35 1115.37 8.00 199894 0.88
35.11 0.01 0.35 1115.76 8.00 199914 0.88
35.11 0.01 0.35 1115.57 8.00 199934 0.88
35.11 0.01 0.35 1116.03 8.00 199954 0.88
35.11 0.01 0.35 1115.39 8.00 199974 0.88
35.11 0.01 0.35 1114.43 8.00 199994 0.88
35.11 0.01 0.35 1114.10 8.00 200014 0.88
35.11 0.01 0.26 1115.01 8.00 200034 0.88
35.11 0.01 0.26 1115.57 8.00 200054 0.88
35.11 0.01 0.26 1114.79 8.00 200074 0.88
35.11 0.01 0.35 1115.26 8.00 200094 0.88
35.11 0.01 0.35 1115.08 8.00 200114 0.88
35.11 0.01 0.35 1113.57 8.00 200134 0.88
35.11 0.01 0.35 1114.39 8.00 200154 0.88
35.11 0.01 0.35 1114.66 8.00 200174 0.88
35.11 0.01 0.35 1113.73 8.00 200194 0.88
35.11 0.01 0.35 1113.05 8.00 200214 0.88
35.11 0.01 0.26 1114.06 8.00 200234 0.88
35.11 0.01 0.26 1114.35 8.00 200254 0.88
35.11 0.01 0.26 1114.27 8.00 200274 0.88
35.11 0.01 0.26 1113.48 8.00 200294 0.88
35.11 0.01 0.35 1114.02 8.00 200314 0.88
35.11 0.01 0.35 1114.25 8.00 200334 0.88
35.11 0.01 0.35 1113.21 8.00 200354 0.88
35.11 0.01 0.35 1113.63 8.00 200374 0.88
35.11 0.01 0.35 1112.97 8.00 200394 0.88
35.11 0.01 0.35 1113.69 8.00 200414 0.88
35.11 0.01 0.35 1113.54 8.00 200434 0.88
35.11 0.01 0.35 1113.03 8.00 200454 0.88
35.11 0.01 0.35 1112.47 8.00 200474 0.88
35.11 0.01 0.35 1112.45 8.00 200494 0.88
35.11 0.01 0.35 1113.30 8.00 200514 0.88
35.11 0.01 0.44 1112.31 8.00 200534 0.88
35.11 0.01 0.44 1113.21 8.00 200554 0.88
35.11 0.01 0.44 1112.84 8.00 200574 0.88
35.11 0.01 0.44 1112.64 8.00 200594 0.88
35.11 0.01 0.44 1112.47 8.00 200614 0.88
35.11 0.01 0.44 1112.53 8.00 200634 0.88
35.11 0.01 0.44 1112.55 8.00 200654 0.88
35.11 0.01 0.35 1112.57 8.00 200674 0.88
35.11 0.01 0.35 1112.29 8.00 200694 0.88
35.11 0.01 0.35 1112.95 8.00 200714 0.88
35.11 0.01 0.35 1112.80 8.00 200734 0.88
35.11 0.01 0.35 1111.13 8.00 200754 0.88
35.11 0.01 0.35 1111.61 8.00 200774 0.88
35.11 0.01 0.35 1110.80 8.00 200794 0.88
35.11 0.01 0.35 1112.22 8.00 200814 0.88
35.11 0.01 0.35 1112.12 8.00 200834 0.88
35.11 0.01 0.35 1112.37 8.00 200854 0.88
35.11 0.01 0.35 1111.73 8.00 200874 0.88
35.11 0.01 0.35 1111.26 8.00 200894 0.88
35.11 0.01 0.35 1111.89 8.00 200914 0.88
35.11 0.01 0.35 1111.32 8.00 200934 0.88
35.11 0.01 0.35 1110.70 8.00 200954 0.88
35.11 0.01 0.44 1110.97 8.00 200974 0.88
35.11 0.01 0.44 1111.44 8.00 200994 0.88
