20.40 0.02 0.36 0.00 6.00 2137440
20.40 0.02 0.36 0.00 6.00 2137460
20.40 0.02 0.36 0.00 6.00 2137480
20.40 0.02 0.36 0.00 6.00 2137500
20.40 0.02 0.36 0.00 6.00 2137520
20.40 0.02 0.36 0.00 6.00 2137540
20.40 0.02 0.36 0.00 6.00 2137560
20.40 0.02 0.36 0.00 6.00 2137580
20.40 0.02 0.36 0.00 6.00 2137600
20.40 0.02 0.36 0.00 6.00 2137620
20.40 0.02 0.36 0.00 6.00 2137640
20.40 0.02 0.36 0.00 6.00 2137660
20.40 0.02 0.36 0.00 6.00 2137680
20.40 0.02 0.36 0.00 6.00 2137700
20.40 0.02 0.36 0.00 6.00 2137720
20.40 0.02 0.36 0.00 6.00 2137740
20.40 0.02 0.36 0.00 6.00 2137760
20.40 0.02 0.36 0.00 6.00 2137780
20.40 0.02 0.36 0.00 6.00 2137800
20.40 0.02 0.36 0.00 6.00 2137820
20.40 0.02 0.36 0.00 6.00 2137840
20.40 0.02 0.36 0.00 6.00 2137860
20.40 0.02 0.36 0.00 6.00 2137880
20.40 0.02 0.36 0.00 6.00 2137900
20.40 0.02 0.36 0.00 6.00 2137920
20.40 0.02 0.36 0.00 6.00 2137940
20.40 0.02 0.36 0.00 6.00 2137960
20.40 0.02 0.36 0.00 6.00 2137980
20.40 0.02 0.36 0.00 6.00 2138000
20.40 0.02 0.36 0.00 6.00 2138020
20.40 0.02 0.36 0.00 6.00 2138040
20.40 0.02 0.36 0.00 6.00 2138060
20.40 0.02 0.36 0.00 6.00 2138080
20.40 0.02 0.36 0.00 6.00 2138100
20.40 0.02 0.36 0.00 6.00 2138120
20.40 0.02 0.36 0.00 6.00 2138140
20.40 0.02 0.36 0.00 6.00 2138160
20.40 0.02 0.36 0.00 6.00 2138180
20.40 0.02 0.36 0.00 6.00 2138200
20.40 0.02 0.36 0.00 6.00 2138220
20.40 0.02 0.36 0.00 6.00 2138240
20.40 0.02 0.36 0.00 6.00 2138260
20.40 0.02 0.36 0.00 6.00 2138280
20.40 0.02 0.36 0.00 6.00 2138300
20.40 0.02 0.36 0.00 6.00 2138320
20.40 0.02 0.36 0.00 6.00 2138340
20.40 0.02 0.36 0.00 6.00 2138360
20.40 0.02 0.36 0.00 6.00 2138380
20.40 0.02 0.36 0.00 6.00 2138400
20.40 0.02 0.36 0.00 6.00 2138420
20.40 0.02 0.36 0.00 6.00 2138440
20.40 0.02 0.36 0.00 6.00 2138460
20.40 0.02 0.36 0.00 6.00 2138480
20.40 0.02 0.36 0.00 6.00 2138500
20.40 0.02 0.36 0.00 6.00 2138520
20.40 0.02 0.36 0.00 6.00 2138540
20.40 0.02 0.36 0.00 6.00 2138560
20.40 0.02 0.36 0.00 6.00 2138580
20.40 0.02 0.36 0.00 6.00 2138600
20.40 0.02 0.36 0.00 6.00 2138620
20.40 0.02 0.36 0.00 6.00 2138640
20.40 0.02 0.36 0.00 6.00 2138660
20.40 0.02 0.36 0.00 6.00 2138680
20.40 0.02 0.36 0.00 6.00 2138700
20.40 0.02 0.36 0.00 6.00 2138720
20.40 0.02 0.36 0.00 6.00 2138740
20.40 0.02 0.36 0.00 6.00 2138760
20.40 0.02 0.36 0.00 6.00 2138780
20.40 0.02 0.36 0.00 6.00 2138800
20.40 0.02 0.36 0.00 6.00 2138820
20.40 0.02 0.36 0.00 6.00 2138840
20.40 0.02 0.36 0.00 6.00 2138860
20.40 0.02 0.36 0.00 6.00 2138880
20.40 0.02 0.36 0.00 6.00 2138900
20.40 0.02 0.36 0.00 6.00 2138920
20.40 0.02 0.36 0.00 6.00 2138940
20.40 0.02 0.36 0.00 6.00 2138960
20.40 0.02 0.36 0.00 6.00 2138980
20.40 0.02 0.36 0.00 6.00 2139000
20.40 0.02 0.36 0.00 6.00 2139020
20.40 0.02 0.36 0.00 6.00 2139040
20.40 0.02 0.36 0.00 6.00 2139060
20.40 0.02 0.36 0.00 6.00 2139080
20.40 0.02 0.36 0.00 6.00 2139100
20.40 0.02 0.36 0.00 6.00 2139120
20.40 0.02 0.36 0.00 6.00 2139140
20.40 0.02 0.36 0.00 6.00 2139160
20.39 0.07 1.38 0.00 6.00 2139180
20.39 0.07 1.38 0.00 6.00 2139200
20.39 0.07 1.38 0.00 6.00 2139220
20.36 0.90 18.33 0.00 6.00 2139240
20.36 0.90 18.33 0.00 6.00 2139260
20.36 0.90 18.33 0.00 6.00 2139280
20.36 0.90 18.33 0.00 6.00 2139300
20.33 2.64 53.73 0.00 6.00 2139320
20.33 2.64 53.73 0.05 6.00 2139340
20.33 2.64 53.73 0.05 6.00 2139360
20.33 2.64 53.73 0.05 6.00 2139380
20.31 4.06 82.49 0.05 6.00 2139400
20.31 4.06 82.49 0.05 6.00 2139420
20.31 4.06 82.49 0.05 6.00 2139440
20.30 4.65 94.33 0.05 6.00 2139460
20.30 4.65 94.33 0.05 6.00 2139480
20.30 4.65 94.33 0.05 6.00 2139500
20.30 4.65 94.33 0.05 6.00 2139520
20.29 4.88 99.13 0.05 6.00 2139540
20.29 4.88 99.13 0.05 6.00 2139560
20.29 4.88 99.13 0.05 6.00 2139580
20.29 4.94 100.35 0.05 6.00 2139600
20.29 4.94 100.35 0.05 6.00 2139620
20.29 4.94 100.35 0.05 6.00 2139640
20.29 4.94 100.35 0.05 6.00 2139660
20.30 4.91 99.65 0.05 6.00 2139680
20.30 4.91 99.65 0.05 6.00 2139700
20.30 4.91 99.65 0.05 6.00 2139720
20.30 4.91 99.65 0.05 6.00 2139740
20.30 4.79 97.23 0.05 6.00 2139760
20.30 4.79 97.23 0.05 6.00 2139780
20.30 4.79 97.23 0.05 6.00 2139800
20.30 4.71 95.56 0.05 6.00 2139820
20.30 4.71 95.56 0.05 6.00 2139840
20.30 4.71 95.56 0.05 6.00 2139860
20.30 4.71 95.56 0.05 6.00 2139880
20.30 4.63 94.09 0.05 6.00 2139900
20.30 4.63 94.09 0.05 6.00 2139920
20.30 4.63 94.09 0.05 6.00 2139940
20.30 4.63 94.09 0.05 6.00 2139960
20.30 4.58 93.03 0.05 6.00 2139980
20.30 4.58 93.03 0.05 6.00 2140000
20.30 4.58 93.03 0.05 6.00 2140020
20.30 4.47 90.71 0.05 6.00 2140040
20.30 4.47 90.71 0.05 6.00 2140060
20.30 4.47 90.71 0.05 6.00 2140080
20.30 4.47 90.71 0.05 6.00 2140100
20.31 4.39 89.19 0.05 6.00 2140120
20.31 4.39 89.19 0.05 6.00 2140140
20.31 4.39 89.19 0.05 6.00 2140160
20.31 4.28 86.87 0.05 6.00 2140180
20.31 4.28 86.87 0.05 6.00 2140200
20.31 4.28 86.87 0.05 6.00 2140220
20.31 4.28 86.87 0.05 6.00 2140240
20.31 4.18 84.95 0.05 6.00 2140260
20.31 4.18 84.95 0.05 6.00 2140280
20.31 4.18 84.95 0.05 6.00 2140300
20.31 4.18 84.95 0.05 6.00 2140320
20.31 4.10 83.23 0.05 6.00 2140340
20.31 4.10 83.23 0.05 6.00 2140360
20.31 4.10 83.23 0.05 6.00 2140380
20.31 4.04 82.01 0.05 6.00 2140400
20.31 4.04 82.01 0.05 6.00 2140420
20.31 4.04 82.01 0.05 6.00 2140440
20.31 4.04 82.01 0.05 6.00 2140460
20.31 3.95 80.29 0.05 6.00 2140480
20.31 3.95 80.29 0.05 6.00 2140500
20.31 3.95 80.29 0.05 6.00 2140520
20.31 3.95 80.29 0.05 6.00 2140540
20.32 3.86 78.52 0.05 6.00 2140560
20.32 3.86 78.52 0.05 6.00 2140580
20.32 3.86 78.52 0.05 6.00 2140600
20.32 3.80 77.26 0.05 6.00 2140620
20.32 3.80 77.26 0.05 6.00 2140640
20.32 3.80 77.26 0.05 6.00 2140660
20.32 3.80 77.26 0.05 6.00 2140680
20.32 3.73 75.89 0.05 6.00 2140700
20.32 3.73 75.89 0.05 6.00 2140720
20.32 3.73 75.89 0.05 6.00 2140740
20.32 3.66 74.32 0.05 6.00 2140760
20.32 3.66 74.32 0.05 6.00 2140780
20.32 3.66 74.32 0.05 6.00 2140800
20.32 3.66 74.32 0.05 6.00 2140820
20.32 3.62 73.61 0.05 6.00 2140840
20.32 3.62 73.61 39.28 6.00 2140860
20.32 3.62 73.61 45.16 6.00 2140880
20.32 3.62 73.61 46.84 6.00 2140900
20.32 3.56 72.35 48.44 6.00 2140920
20.32 3.56 72.35 49.79 6.00 2140940
20.32 3.56 72.35 52.23 6.00 2140960
20.31 4.20 85.28 53.30 6.00 2140980
20.31 4.20 85.28 54.35 6.00 2141000
20.31 4.20 85.28 56.33 6.00 2141020
20.31 4.20 85.28 57.26 6.00 2141040
20.30 4.69 95.24 58.15 6.00 2141060
20.30 4.69 95.24 59.82 6.00 2141080
20.30 4.69 95.24 60.64 6.00 2141100
20.30 4.99 101.28 62.25 6.00 2141120
20.29 4.99 101.25 62.98 6.00 2141140
20.29 4.99 101.25 64.49 6.00 2141160
20.29 4.99 101.25 65.21 6.00 2141180
20.29 5.21 105.74 65.90 6.00 2141200
20.29 5.21 105.74 67.30 6.00 2141220
20.29 5.21 105.74 68.01 6.00 2141240
20.29 5.21 105.74 69.31 6.00 2141260
20.28 5.36 108.82 70.64 6.00 2141280
20.28 5.36 108.82 71.30 6.00 2141300
20.28 5.36 108.82 72.57 6.00 2141320
20.28 5.46 110.74 73.16 6.00 2141340
20.28 5.46 110.74 74.45 6.00 2141360
20.28 5.46 110.74 75.08 6.00 2141380
20.28 5.46 110.74 76.23 6.00 2141400
20.28 5.48 111.14 77.45 6.00 2141420
20.28 5.48 111.14 78.08 6.00 2141440
20.28 5.48 111.14 79.21 6.00 2141460
20.28 5.48 111.14 80.40 6.00 2141480
20.28 5.53 112.20 80.99 6.00 2141500
20.28 5.53 112.20 82.15 6.00 2141520
20.28 5.53 112.20 83.31 6.00 2141540
20.28 5.59 113.31 84.50 6.00 2141560
20.28 5.59 113.31 85.03 6.00 2141580
20.28 5.59 113.31 86.22 6.00 2141600
20.28 5.59 113.31 87.32 6.00 2141620
20.28 5.62 114.07 88.46 6.00 2141640
20.28 5.62 114.07 89.58 6.00 2141660
20.28 5.62 114.07 90.72 6.00 2141680
20.28 5.68 115.28 91.19 6.00 2141700
20.28 5.68 115.28 92.32 6.00 2141720
20.28 5.68 115.28 93.39 6.00 2141740
20.28 5.68 115.28 94.42 6.00 2141760
20.28 5.70 115.68 95.52 6.00 2141780
20.28 5.70 115.68 96.52 6.00 2141800
20.28 5.70 115.68 97.54 6.00 2141820
20.28 5.70 115.68 98.58 6.00 2141840
20.27 5.83 118.15 99.62 6.00 2141860
20.27 5.83 118.15 100.61 6.00 2141880
20.27 5.83 118.15 101.64 6.00 2141900
20.27 5.84 118.51 102.59 6.00 2141920
20.27 5.84 118.51 103.54 6.00 2141940
20.27 5.84 118.51 104.50 6.00 2141960
20.27 5.84 118.51 105.53 6.00 2141980
20.27 5.85 118.71 106.38 6.00 2142000
20.27 5.85 118.71 107.29 6.00 2142020
20.27 5.85 118.71 108.13 6.00 2142040
20.27 5.85 118.71 109.57 6.00 2142060
20.27 5.89 119.36 110.43 6.00 2142080
20.27 5.89 119.36 111.42 6.00 2142100
20.27 5.89 119.36 112.21 6.00 2142120
20.27 5.94 120.46 113.11 6.00 2142140
20.27 5.94 120.46 113.90 6.00 2142160
20.27 5.94 120.46 115.15 6.00 2142180
20.27 5.94 120.46 116.06 6.00 2142200
20.27 6.03 122.28 116.92 6.00 2142220
20.27 6.03 122.28 117.73 6.00 2142240
20.27 6.03 122.28 118.98 6.00 2142260
20.27 6.08 123.19 119.80 6.00 2142280
20.27 6.08 123.19 120.63 6.00 2142300
20.27 6.08 123.19 121.82 6.00 2142320
20.27 6.08 123.19 122.62 6.00 2142340
20.27 6.14 124.39 123.41 6.00 2142360
20.27 6.14 124.39 124.57 6.00 2142380
20.27 6.14 124.39 125.43 6.00 2142400
20.27 6.14 124.39 126.56 6.00 2142420
20.27 6.12 124.04 127.35 6.00 2142440
20.27 6.12 124.04 128.02 6.00 2142460
20.27 6.12 124.04 129.17 6.00 2142480
20.27 6.16 124.80 129.98 6.00 2142500
20.27 6.16 124.80 130.94 6.00 2142520
20.27 6.16 124.80 131.74 6.00 2142540
20.27 6.16 124.80 132.88 6.00 2142560
20.27 6.18 125.35 133.57 6.00 2142580
20.27 6.18 125.35 134.73 6.00 2142600
20.27 6.18 125.35 135.30 6.00 2142620
20.27 6.25 126.77 136.39 6.00 2142640
20.27 6.25 126.77 137.57 6.00 2142660
20.27 6.25 126.77 138.15 6.00 2142680
20.27 6.25 126.77 139.19 6.00 2142700
20.26 6.24 126.45 139.89 6.00 2142720
20.26 6.24 126.45 140.95 6.00 2142740
20.26 6.24 126.45 141.89 6.00 2142760
20.26 6.24 126.45 142.53 6.00 2142780
20.26 6.24 126.55 143.61 6.00 2142800
20.26 6.24 126.55 144.56 6.00 2142820
20.26 6.24 126.55 145.68 6.00 2142840
20.27 6.21 125.90 146.19 6.00 2142860
20.27 6.21 125.90 147.15 6.00 2142880
20.27 6.21 125.90 148.10 6.00 2142900
20.27 6.21 125.90 149.18 6.00 2142920
20.27 6.24 126.46 149.68 6.00 2142940
20.27 6.24 126.46 150.72 6.00 2142960
20.27 6.24 126.46 151.57 6.00 2142980
20.27 6.24 126.46 152.47 6.00 2143000
20.26 6.24 126.50 153.44 6.00 2143020
20.26 6.24 126.50 153.92 6.00 2143040
20.26 6.24 126.50 154.83 6.00 2143060
20.26 6.26 126.86 155.81 6.00 2143080
20.26 6.26 126.86 156.65 6.00 2143100
20.26 6.26 126.86 157.56 6.00 2143120
20.26 6.26 126.86 158.47 6.00 2143140
20.26 6.32 128.17 159.34 6.00 2143160
20.26 6.32 128.17 160.13 6.00 2143180
20.26 6.32 128.17 161.06 6.00 2143200
20.26 6.28 127.31 161.77 6.00 2143220
20.26 6.28 127.31 162.74 6.00 2143240
20.26 6.28 127.31 163.63 6.00 2143260
20.26 6.28 127.31 164.44 6.00 2143280
20.27 6.24 126.46 165.22 6.00 2143300
20.27 6.24 126.46 165.87 6.00 2143320
20.27 6.24 126.46 166.78 6.00 2143340
20.27 6.24 126.46 167.72 6.00 2143360
20.26 6.27 127.16 168.40 6.00 2143380
20.26 6.27 127.16 169.22 6.00 2143400
20.26 6.27 127.16 170.16 6.00 2143420
20.27 6.26 126.87 171.07 6.00 2143440
20.27 6.26 126.87 171.85 6.00 2143460
20.27 6.26 126.87 172.66 6.00 2143480
20.27 6.26 126.87 173.45 6.00 2143500
20.27 6.24 126.41 174.33 6.00 2143520
20.27 6.24 126.41 175.29 6.00 2143540
20.27 6.24 126.41 176.04 6.00 2143560
20.27 6.24 126.41 176.77 6.00 2143580
20.26 6.30 127.72 177.42 6.00 2143600
20.26 6.30 127.72 178.17 6.00 2143620
20.26 6.30 127.72 179.33 6.00 2143640
20.27 6.24 126.51 180.03 6.00 2143660
20.27 6.24 126.51 180.77 6.00 2143680
20.27 6.24 126.51 181.53 6.00 2143700
20.27 6.24 126.51 182.39 6.00 2143720
20.27 6.26 126.82 183.10 6.00 2143740
20.27 6.26 126.82 184.00 6.00 2143760
20.27 6.26 126.82 184.62 6.00 2143780
20.27 6.29 127.58 185.42 6.00 2143800
20.27 6.29 127.58 186.42 6.00 2143820
20.27 6.29 127.58 186.98 6.00 2143840
20.27 6.29 127.58 187.98 6.00 2143860
20.26 6.32 128.01 188.64 6.00 2143880
20.26 6.32 128.01 189.62 6.00 2143900
20.26 6.32 128.01 190.25 6.00 2143920
20.26 6.32 128.01 190.89 6.00 2143940
20.26 6.28 127.26 191.98 6.00 2143960
20.26 6.28 127.26 192.33 6.00 2143980
20.26 6.28 127.26 193.58 6.00 2144000
20.26 6.30 127.77 193.98 6.00 2144020
20.26 6.30 127.77 194.94 6.00 2144040
20.26 6.30 127.77 195.72 6.00 2144060
20.26 6.30 127.77 196.40 6.00 2144080
20.26 6.31 127.92 197.34 6.00 2144100
20.26 6.31 127.92 197.95 6.00 2144120
20.26 6.31 127.92 198.73 6.00 2144140
20.26 6.33 128.28 199.51 6.00 2144160
20.26 6.33 128.28 200.31 6.00 2144180
20.26 6.33 128.28 201.08 6.00 2144200
20.26 6.33 128.28 201.71 6.00 2144220
20.26 6.31 127.82 202.64 6.00 2144240
20.26 6.31 127.82 203.41 6.00 2144260
20.26 6.31 127.82 203.99 6.00 2144280
20.26 6.31 127.82 204.78 6.00 2144300
20.26 6.24 126.40 205.60 6.00 2144320
20.26 6.24 126.40 206.35 6.00 2144340
20.26 6.24 126.40 207.00 6.00 2144360
20.27 6.20 125.75 207.86 6.00 2144380
20.27 6.20 125.75 208.60 6.00 2144400
20.27 6.20 125.75 209.36 6.00 2144420
20.27 6.20 125.75 210.17 6.00 2144440
20.27 6.22 126.06 210.77 6.00 2144460
20.27 6.22 126.06 211.36 6.00 2144480
20.27 6.22 126.06 212.27 6.00 2144500
20.27 6.22 126.06 213.02 6.00 2144520
20.27 6.18 125.25 213.62 6.00 2144540
20.27 6.18 125.25 214.61 6.00 2144560
20.27 6.18 125.25 215.19 6.00 2144580
20.27 6.12 124.04 215.83 6.00 2144600
20.27 6.12 124.04 216.58 6.00 2144620
20.27 6.12 124.04 217.34 6.00 2144640
20.27 6.12 124.04 218.09 6.00 2144660
20.27 6.19 125.46 218.76 6.00 2144680
20.27 6.19 125.46 219.65 6.00 2144700
20.27 6.19 125.46 220.32 6.00 2144720
20.27 6.16 124.95 220.95 6.00 2144740
20.27 6.16 124.95 221.70 6.00 2144760
20.27 6.16 124.95 222.33 6.00 2144780
20.27 6.16 124.95 223.16 6.00 2144800
20.27 6.18 125.19 223.81 6.00 2144820
20.27 6.18 125.19 224.66 6.00 2144840
20.27 6.18 125.19 225.32 6.00 2144860
20.27 6.18 125.19 225.94 6.00 2144880
20.26 6.24 126.50 226.59 6.00 2144900
20.26 6.24 126.50 227.27 6.00 2144920
20.26 6.24 126.50 227.82 6.00 2144940
20.27 6.25 126.66 228.76 6.00 2144960
20.27 6.25 126.66 229.54 6.00 2144980
20.27 6.25 126.66 230.28 6.00 2145000
20.27 6.25 126.66 230.79 6.00 2145020
20.27 6.23 126.26 231.69 6.00 2145040
20.27 6.23 126.26 232.22 6.00 2145060
20.27 6.23 126.26 233.12 6.00 2145080
20.27 6.23 126.26 233.57 6.00 2145100
20.27 6.21 125.90 234.31 6.00 2145120
20.27 6.21 125.90 234.93 6.00 2145140
20.27 6.21 125.90 235.87 6.00 2145160
20.27 6.19 125.40 236.49 6.00 2145180
20.27 6.19 125.40 237.13 6.00 2145200
20.27 6.19 125.40 237.78 6.00 2145220
20.27 6.19 125.40 238.67 6.00 2145240
20.27 6.20 125.76 239.35 6.00 2145260
20.27 6.20 125.76 239.97 6.00 2145280
20.27 6.20 125.76 240.55 6.00 2145300
20.27 6.18 125.20 241.39 6.00 2145320
20.27 6.18 125.20 242.02 6.00 2145340
20.27 6.18 125.20 242.63 6.00 2145360
20.27 6.18 125.20 243.30 6.00 2145380
20.27 6.17 125.00 243.91 6.00 2145400
20.27 6.17 125.00 244.66 6.00 2145420
20.27 6.17 125.00 245.35 6.00 2145440
20.27 6.17 125.00 245.95 6.00 2145460
20.27 6.19 125.56 246.72 6.00 2145480
20.27 6.19 125.56 247.40 6.00 2145500
20.27 6.19 125.56 247.90 6.00 2145520
20.27 6.21 125.86 248.62 6.00 2145540
20.27 6.21 125.86 249.48 6.00 2145560
20.27 6.21 125.86 249.87 6.00 2145580
20.27 6.21 125.86 250.66 6.00 2145600
20.27 6.17 125.11 251.32 6.00 2145620
20.27 6.17 125.11 252.04 6.00 2145640
20.27 6.17 125.11 252.56 6.00 2145660
20.27 6.12 124.10 253.42 6.00 2145680
20.27 6.12 124.10 253.95 6.00 2145700
20.27 6.12 124.10 254.81 6.00 2145720
20.27 6.12 124.10 255.37 6.00 2145740
20.27 6.09 123.49 255.99 6.00 2145760
20.27 6.09 123.49 256.69 6.00 2145780
20.27 6.09 123.49 257.29 6.00 2145800
20.27 6.09 123.49 258.06 6.00 2145820
20.27 6.13 124.20 258.47 6.00 2145840
20.27 6.13 124.20 259.28 6.00 2145860
20.27 6.13 124.20 259.89 6.00 2145880
20.27 6.07 123.13 260.39 6.00 2145900
20.27 6.07 123.13 261.01 6.00 2145920
20.27 6.07 123.13 261.83 6.00 2145940
20.27 6.07 123.13 262.34 6.00 2145960
20.27 6.17 125.14 263.01 6.00 2145980
20.27 6.17 125.14 263.80 6.00 2146000
20.27 6.17 125.14 264.48 6.00 2146020
20.27 6.17 125.14 264.81 6.00 2146040
20.27 6.20 125.75 265.41 6.00 2146060
20.27 6.20 125.75 266.23 6.00 2146080
20.27 6.20 125.75 266.97 6.00 2146100
20.27 6.18 125.30 267.50 6.00 2146120
20.27 6.18 125.30 268.19 6.00 2146140
20.27 6.18 125.30 268.98 6.00 2146160
20.27 6.18 125.30 269.48 6.00 2146180
20.27 6.20 125.61 270.36 6.00 2146200
20.27 6.20 125.61 270.76 6.00 2146220
20.27 6.20 125.61 271.54 6.00 2146240
20.27 6.15 124.70 272.15 6.00 2146260
20.27 6.15 124.70 272.99 6.00 2146280
20.27 6.15 124.70 273.42 6.00 2146300
20.27 6.15 124.70 273.93 6.00 2146320
20.27 6.16 124.79 274.71 6.00 2146340
20.27 6.16 124.79 275.36 6.00 2146360
20.27 6.16 124.79 275.81 6.00 2146380
20.27 6.16 124.79 276.50 6.00 2146400
20.27 6.14 124.40 277.29 6.00 2146420
20.27 6.14 124.40 277.80 6.00 2146440
20.27 6.14 124.40 278.26 6.00 2146460
20.27 6.12 123.99 278.86 6.00 2146480
20.27 6.12 123.99 279.81 6.00 2146500
20.27 6.12 123.99 279.94 6.00 2146520
20.27 6.12 123.99 280.67 6.00 2146540
20.27 6.14 124.45 281.53 6.00 2146560
20.27 6.14 124.45 282.05 6.00 2146580
20.27 6.14 124.45 282.69 6.00 2146600
20.27 6.14 124.45 283.42 6.00 2146620
20.27 6.05 122.68 283.88 6.00 2146640
20.27 6.05 122.68 284.64 6.00 2146660
20.27 6.05 122.68 285.22 6.00 2146680
20.27 5.96 120.87 285.67 6.00 2146700
20.27 5.96 120.87 286.52 6.00 2146720
20.27 5.96 120.87 286.90 6.00 2146740
20.27 5.96 120.87 287.46 6.00 2146760
20.27 5.96 120.87 288.02 6.00 2146780
20.27 5.96 120.87 288.63 6.00 2146800
20.27 5.96 120.87 289.23 6.00 2146820
20.27 6.03 122.23 289.83 6.00 2146840
20.27 6.03 122.23 290.50 6.00 2146860
20.27 6.03 122.23 291.03 6.00 2146880
20.27 6.03 122.23 291.66 6.00 2146900
20.27 6.01 121.77 292.36 6.00 2146920
20.27 6.01 121.77 292.89 6.00 2146940
20.27 6.01 121.77 293.37 6.00 2146960
20.27 6.01 121.77 293.81 6.00 2146980
20.27 6.05 122.73 294.76 6.00 2147000
20.27 6.05 122.73 295.22 6.00 2147020
20.27 6.05 122.73 295.82 6.00 2147040
20.27 6.01 121.88 296.43 6.00 2147060
20.27 6.01 121.88 297.02 6.00 2147080
20.27 6.01 121.88 297.58 6.00 2147100
20.27 6.01 121.88 298.09 6.00 2147120
20.27 6.03 122.23 299.06 6.00 2147140
20.27 6.03 122.23 299.37 6.00 2147160
20.27 6.03 122.23 299.95 6.00 2147180
20.27 6.02 121.97 300.54 6.00 2147200
20.27 6.02 121.97 301.17 6.00 2147220
20.27 6.02 121.97 301.65 6.00 2147240
20.27 6.02 121.97 302.43 6.00 2147260
20.27 6.05 122.63 302.74 6.00 2147280
20.27 6.05 122.63 303.49 6.00 2147300
20.27 6.05 122.63 303.97 6.00 2147320
20.27 6.05 122.63 304.44 6.00 2147340
20.27 6.05 122.63 305.04 6.00 2147360
20.27 6.05 122.63 305.65 6.00 2147380
20.27 6.05 122.63 306.37 6.00 2147400
20.27 6.08 123.18 306.76 6.00 2147420
20.27 6.08 123.18 307.38 6.00 2147440
20.27 6.08 123.18 308.13 6.00 2147460
20.27 6.08 123.18 308.63 6.00 2147480
20.27 6.07 123.04 309.15 6.00 2147500
20.27 6.07 123.04 309.54 6.00 2147520
20.27 6.07 123.04 310.54 6.00 2147540
20.27 6.07 123.04 310.91 6.00 2147560
20.27 5.99 121.48 311.36 6.00 2147580
20.27 5.99 121.48 311.98 6.00 2147600
20.27 5.99 121.48 312.65 6.00 2147620
20.27 5.99 121.37 313.21 6.00 2147640
20.27 5.99 121.37 313.99 6.00 2147660
20.27 5.99 121.37 314.07 6.00 2147680
20.27 5.99 121.37 314.92 6.00 2147700
20.27 5.98 121.22 315.54 6.00 2147720
20.27 5.98 121.22 316.18 6.00 2147740
20.27 5.98 121.22 316.45 6.00 2147760
20.27 5.97 121.02 317.16 6.00 2147780
20.27 5.97 121.02 317.83 6.00 2147800
20.27 5.97 121.02 318.16 6.00 2147820
20.27 5.97 121.02 318.75 6.00 2147840
20.27 6.02 122.03 319.37 6.00 2147860
20.27 6.02 122.03 320.05 6.00 2147880
20.27 6.02 122.03 320.54 6.00 2147900
20.27 6.02 122.03 321.15 6.00 2147920
20.27 6.00 121.69 321.54 6.00 2147940
20.27 6.00 121.69 322.06 6.00 2147960
20.27 6.00 121.69 322.56 6.00 2147980
20.27 6.01 121.92 323.42 6.00 2148000
20.27 6.01 121.92 324.02 6.00 2148020
20.27 6.01 121.92 324.42 6.00 2148040
20.27 6.01 121.92 325.05 6.00 2148060
20.27 6.02 122.08 325.61 6.00 2148080
20.27 6.02 122.08 325.88 6.00 2148100
20.27 6.02 122.08 326.59 6.00 2148120
20.27 6.06 122.84 327.19 6.00 2148140
20.27 6.06 122.84 327.78 6.00 2148160
20.27 6.06 122.84 328.30 6.00 2148180
20.27 6.06 122.84 328.70 6.00 2148200
20.27 6.03 122.33 329.60 6.00 2148220
20.27 6.03 122.33 329.88 6.00 2148240
20.27 6.03 122.33 330.52 6.00 2148260
20.27 6.03 122.33 331.30 6.00 2148280
20.27 6.02 121.97 331.66 6.00 2148300
20.27 6.02 121.97 332.11 6.00 2148320
20.27 6.02 121.97 332.57 6.00 2148340
20.27 6.02 121.97 332.97 6.00 2148360
20.27 6.02 121.97 333.74 6.00 2148380
20.27 6.02 121.97 334.15 6.00 2148400
20.27 6.02 121.97 335.02 6.00 2148420
20.27 6.08 123.28 335.47 6.00 2148440
20.27 6.08 123.28 335.83 6.00 2148460
20.27 6.08 123.28 336.35 6.00 2148480
20.27 6.08 123.28 337.02 6.00 2148500
20.27 6.05 122.73 337.54 6.00 2148520
20.27 6.05 122.73 338.14 6.00 2148540
20.27 6.05 122.73 338.71 6.00 2148560
20.27 6.07 123.08 339.27 6.00 2148580
20.27 6.07 123.08 339.73 6.00 2148600
20.27 6.07 123.08 340.22 6.00 2148620
20.27 6.07 123.08 340.76 6.00 2148640
20.27 6.05 122.73 341.23 6.00 2148660
20.27 6.05 122.73 342.00 6.00 2148680
20.27 6.05 122.73 342.53 6.00 2148700
20.27 6.10 123.74 343.13 6.00 2148720
20.27 6.10 123.74 343.47 6.00 2148740
20.27 6.10 123.74 344.30 6.00 2148760
20.27 6.10 123.74 344.70 6.00 2148780
20.27 6.10 123.59 345.13 6.00 2148800
20.27 6.10 123.59 345.69 6.00 2148820
20.27 6.10 123.59 346.15 6.00 2148840
20.27 6.10 123.59 346.74 6.00 2148860
20.27 6.00 121.63 347.31 6.00 2148880
20.27 6.00 121.63 347.75 6.00 2148900
20.27 6.00 121.63 348.25 6.00 2148920
20.27 6.02 122.13 348.92 6.00 2148940
20.27 6.02 122.13 349.18 6.00 2148960
20.27 6.02 122.13 349.98 6.00 2148980
20.27 6.02 122.13 350.44 6.00 2149000
20.27 6.03 122.23 351.01 6.00 2149020
20.27 6.03 122.23 351.74 6.00 2149040
20.27 6.03 122.23 351.80 6.00 2149060
20.27 6.03 122.23 352.45 6.00 2149080
20.27 6.01 121.88 352.89 6.00 2149100
20.27 6.01 121.88 353.72 6.00 2149120
20.27 6.01 121.88 353.98 6.00 2149140
20.27 6.02 122.13 354.21 6.00 2149160
20.27 6.02 122.13 355.27 6.00 2149180
20.27 6.02 122.13 355.77 6.00 2149200
20.27 6.02 122.13 356.25 6.00 2149220
20.27 5.98 121.32 356.59 6.00 2149240
20.27 5.98 121.32 357.33 6.00 2149260
20.27 5.98 121.32 357.87 6.00 2149280
20.27 6.09 123.39 358.19 6.00 2149300
20.27 6.09 123.39 358.87 6.00 2149320
20.27 6.09 123.39 359.08 6.00 2149340
20.27 6.09 123.39 360.02 6.00 2149360
20.27 6.03 122.33 360.23 6.00 2149380
20.27 6.03 122.33 360.78 6.00 2149400
20.27 6.03 122.33 361.43 6.00 2149420
20.27 6.03 122.33 361.94 6.00 2149440
20.27 6.01 121.92 362.53 6.00 2149460
20.27 6.01 121.92 362.94 6.00 2149480
20.27 6.01 121.92 363.48 6.00 2149500
20.27 6.03 122.33 363.78 6.00 2149520
20.27 6.03 122.33 364.51 6.00 2149540
20.27 6.03 122.33 364.97 6.00 2149560
20.27 6.03 122.33 365.54 6.00 2149580
20.27 6.04 122.53 366.04 6.00 2149600
20.27 6.04 122.53 366.58 6.00 2149620
20.27 6.04 122.53 366.76 6.00 2149640
20.27 6.03 122.23 367.61 6.00 2149660
20.27 6.03 122.23 368.32 6.00 2149680
20.27 6.03 122.23 368.63 6.00 2149700
20.27 6.03 122.23 369.20 6.00 2149720
20.27 5.95 120.72 369.53 6.00 2149740
20.27 5.95 120.72 369.96 6.00 2149760
20.27 5.95 120.72 370.70 6.00 2149780
20.27 5.95 120.72 371.38 6.00 2149800
20.27 5.97 121.07 371.56 6.00 2149820
20.27 5.97 121.07 371.84 6.00 2149840
20.27 5.97 121.07 372.59 6.00 2149860
20.27 5.97 120.96 372.84 6.00 2149880
20.27 5.97 120.96 373.71 6.00 2149900
20.27 5.97 120.96 374.37 6.00 2149920
20.27 5.97 120.96 374.66 6.00 2149940
20.27 5.98 121.22 375.27 6.00 2149960
20.27 5.98 121.22 375.61 6.00 2149980
20.27 5.98 121.22 376.25 6.00 2150000
20.27 5.98 121.22 376.52 6.00 2150020
20.27 5.90 119.56 376.97 6.00 2150040
20.27 5.90 119.56 377.44 6.00 2150060
20.27 5.90 119.56 378.10 6.00 2150080
20.27 5.91 119.90 378.44 6.00 2150100
20.27 5.91 119.90 379.04 6.00 2150120
20.27 5.91 119.90 379.34 6.00 2150140
20.27 5.91 119.90 380.18 6.00 2150160
20.27 5.94 120.37 380.53 6.00 2150180
20.27 5.94 120.37 381.22 6.00 2150200
20.27 5.94 120.37 381.64 6.00 2150220
20.27 5.93 120.16 381.92 6.00 2150240
20.27 5.93 120.16 382.49 6.00 2150260
20.27 5.93 120.16 383.01 6.00 2150280
20.27 5.93 120.16 383.61 6.00 2150300
20.27 5.99 121.43 384.01 6.00 2150320
20.27 5.99 121.43 384.40 6.00 2150340
20.27 5.99 121.43 385.12 6.00 2150360
20.27 5.99 121.43 385.51 6.00 2150380
20.27 5.95 120.72 385.86 6.00 2150400
20.27 5.95 120.72 386.43 6.00 2150420
20.27 5.95 120.72 386.85 6.00 2150440
20.27 6.03 122.18 387.60 6.00 2150460
20.27 6.03 122.18 387.73 6.00 2150480
20.27 6.03 122.18 388.20 6.00 2150500
20.27 6.03 122.18 388.45 6.00 2150520
20.27 6.01 121.93 389.25 6.00 2150540
20.27 6.01 121.93 389.54 6.00 2150560
20.27 6.01 121.93 390.40 6.00 2150580
20.27 6.01 121.93 390.47 6.00 2150600
20.27 6.03 122.34 391.67 6.00 2150620
20.27 6.03 122.34 391.72 6.00 2150640
20.27 6.03 122.34 392.10 6.00 2150660
20.27 5.97 120.97 392.62 6.00 2150680
20.27 5.97 120.97 393.27 6.00 2150700
20.27 5.97 120.97 393.54 6.00 2150720
20.27 5.97 120.97 394.23 6.00 2150740
20.27 5.96 120.87 394.71 6.00 2150760
20.27 5.96 120.87 394.68 6.00 2150780
20.27 5.96 120.87 395.57 6.00 2150800
20.27 5.87 119.01 396.01 6.00 2150820
20.27 5.87 119.01 396.38 6.00 2150840
20.27 5.87 119.01 396.96 6.00 2150860
20.27 5.87 119.01 397.57 6.00 2150880
20.27 5.92 120.11 398.04 6.00 2150900
20.27 5.92 120.11 398.53 6.00 2150920
20.27 5.92 120.11 398.53 6.00 2150940
20.27 5.92 120.11 399.29 6.00 2150960
20.27 5.92 120.06 400.01 6.00 2150980
20.27 5.92 120.06 400.10 6.00 2151000
20.27 5.92 120.06 400.60 6.00 2151020
20.27 5.95 120.72 401.27 6.00 2151040
20.27 5.95 120.72 401.51 6.00 2151060
20.27 5.95 120.72 402.16 6.00 2151080
20.27 5.95 120.72 402.95 6.00 2151100
20.27 5.98 121.22 403.01 6.00 2151120
20.27 5.98 121.22 403.67 6.00 2151140
20.27 5.98 121.22 403.89 6.00 2151160
20.27 6.01 121.82 404.27 6.00 2151180
20.27 6.01 121.82 404.82 6.00 2151200
20.27 6.01 121.82 405.53 6.00 2151220
20.27 6.01 121.82 406.02 6.00 2151240
20.27 5.92 120.11 406.46 6.00 2151260
20.27 5.92 120.11 406.90 6.00 2151280
20.27 5.92 120.11 407.29 6.00 2151300
20.27 5.92 120.11 407.76 6.00 2151320
20.27 5.93 120.27 408.54 6.00 2151340
20.27 5.93 120.27 408.81 6.00 2151360
20.27 5.93 120.27 409.40 6.00 2151380
20.27 5.97 121.03 409.84 6.00 2151400
20.27 5.97 121.03 410.02 6.00 2151420
20.27 5.97 121.03 410.65 6.00 2151440
20.27 5.97 121.03 411.15 6.00 2151460
20.27 5.96 120.82 411.49 6.00 2151480
20.27 5.96 120.82 411.96 6.00 2151500
20.27 5.96 120.82 412.56 6.00 2151520
20.27 5.96 120.82 412.67 6.00 2151540
20.27 5.95 120.62 413.37 6.00 2151560
20.27 5.95 120.62 413.75 6.00 2151580
20.27 5.95 120.62 414.21 6.00 2151600
20.27 5.97 121.02 414.85 6.00 2151620
20.27 5.97 121.02 415.22 6.00 2151640
20.27 5.97 121.02 415.66 6.00 2151660
20.27 5.97 121.02 416.17 6.00 2151680
20.27 5.90 119.66 416.49 6.00 2151700
20.27 5.90 119.66 417.10 6.00 2151720
20.27 5.90 119.66 417.31 6.00 2151740
20.27 5.90 119.66 418.00 6.00 2151760
20.27 5.90 119.66 418.34 6.00 2151780
20.27 5.90 119.66 418.89 6.00 2151800
20.27 5.90 119.66 419.00 6.00 2151820
20.27 5.89 119.50 420.25 6.00 2151840
20.27 5.89 119.50 419.92 6.00 2151860
20.27 5.89 119.50 420.76 6.00 2151880
20.27 5.89 119.50 421.14 6.00 2151900
20.27 5.93 120.22 421.67 6.00 2151920
20.27 5.93 120.22 421.64 6.00 2151940
20.27 5.93 120.22 422.45 6.00 2151960
20.27 5.93 120.17 423.25 6.00 2151980
20.27 5.93 120.17 423.32 6.00 2152000
20.27 5.93 120.17 423.79 6.00 2152020
20.27 5.93 120.17 424.11 6.00 2152040
20.27 5.95 120.67 424.88 6.00 2152060
20.27 5.95 120.67 425.45 6.00 2152080
20.27 5.95 120.67 425.81 6.00 2152100
20.27 5.95 120.67 426.09 6.00 2152120
20.27 6.01 121.77 426.45 6.00 2152140
20.27 6.01 121.77 426.90 6.00 2152160
20.27 6.01 121.77 427.50 6.00 2152180
20.27 6.00 121.72 427.72 6.00 2152200
20.27 6.00 121.72 428.16 6.00 2152220
20.27 6.00 121.72 428.82 6.00 2152240
20.27 6.00 121.72 429.16 6.00 2152260
20.27 6.03 122.28 429.76 6.00 2152280
20.27 6.03 122.28 430.38 6.00 2152300
20.27 6.03 122.28 430.57 6.00 2152320
20.27 5.98 121.28 430.97 6.00 2152340
20.27 5.98 121.28 431.57 6.00 2152360
20.27 5.98 121.28 432.01 6.00 2152380
20.27 5.98 121.28 432.11 6.00 2152400
20.27 5.85 118.60 432.91 6.00 2152420
20.27 5.85 118.60 433.45 6.00 2152440
20.27 5.85 118.60 433.65 6.00 2152460
20.27 5.85 118.60 434.02 6.00 2152480
20.27 5.89 119.41 434.63 6.00 2152500
20.27 5.89 119.41 435.19 6.00 2152520
20.27 5.89 119.41 435.86 6.00 2152540
20.27 5.94 120.37 435.93 6.00 2152560
20.27 5.94 120.37 436.76 6.00 2152580
20.27 5.94 120.37 436.68 6.00 2152600
20.27 5.94 120.37 437.13 6.00 2152620
20.27 5.90 119.61 437.73 6.00 2152640
20.27 5.90 119.61 438.33 6.00 2152660
20.27 5.90 119.61 438.54 6.00 2152680
20.27 5.89 119.46 438.88 6.00 2152700
20.27 5.89 119.46 439.54 6.00 2152720
20.27 5.89 119.46 439.57 6.00 2152740
20.27 5.89 119.46 440.04 6.00 2152760
20.27 5.95 120.67 441.27 6.00 2152780
20.27 5.95 120.67 441.18 6.00 2152800
20.27 5.95 120.67 441.19 6.00 2152820
20.27 5.95 120.67 442.11 6.00 2152840
20.27 6.04 122.43 442.32 6.00 2152860
20.27 6.04 122.43 443.08 6.00 2152880
20.27 6.04 122.43 443.54 6.00 2152900
20.27 6.06 122.88 443.96 6.00 2152920
20.27 6.06 122.88 444.16 6.00 2152940
20.27 6.06 122.88 444.31 6.00 2152960
20.27 6.06 122.88 445.10 6.00 2152980
20.27 5.99 121.53 445.55 6.00 2153000
20.27 5.99 121.53 446.05 6.00 2153020
20.27 5.99 121.53 446.45 6.00 2153040
20.27 5.99 121.53 446.66 6.00 2153060
20.27 6.00 121.63 447.32 6.00 2153080
20.27 6.00 121.63 447.79 6.00 2153100
20.27 6.00 121.63 448.38 6.00 2153120
20.27 6.02 122.08 448.88 6.00 2153140
20.27 6.02 122.08 448.94 6.00 2153160
20.27 6.02 122.08 449.74 6.00 2153180
20.27 6.02 122.08 450.16 6.00 2153200
20.27 6.14 124.41 450.45 6.00 2153220
20.27 6.14 124.41 450.92 6.00 2153240
20.27 6.14 124.41 451.27 6.00 2153260
20.27 6.05 122.58 451.37 6.00 2153280
20.27 6.05 122.58 452.04 6.00 2153300
20.27 6.05 122.58 452.32 6.00 2153320
20.27 6.05 122.58 452.79 6.00 2153340
20.27 5.96 120.77 453.22 6.00 2153360
20.27 5.96 120.77 453.95 6.00 2153380
20.27 5.96 120.77 454.52 6.00 2153400
20.27 5.96 120.77 454.44 6.00 2153420
20.27 5.85 118.70 454.88 6.00 2153440
20.27 5.85 118.70 455.44 6.00 2153460
20.27 5.85 118.70 455.95 6.00 2153480
20.27 5.88 119.16 456.28 6.00 2153500
20.27 5.88 119.16 456.62 6.00 2153520
20.27 5.88 119.16 456.98 6.00 2153540
20.27 5.88 119.16 457.63 6.00 2153560
20.27 5.86 118.91 457.85 6.00 2153580
20.27 5.86 118.91 458.37 6.00 2153600
20.27 5.86 118.91 458.87 6.00 2153620
20.27 5.86 118.91 459.34 6.00 2153640
20.27 5.93 120.31 459.56 6.00 2153660
20.27 5.93 120.31 459.82 6.00 2153680
20.27 5.93 120.31 460.67 6.00 2153700
20.27 6.01 121.92 461.08 6.00 2153720
20.27 6.01 121.92 461.51 6.00 2153740
20.27 6.01 121.92 461.41 6.00 2153760
20.27 6.01 121.92 462.34 6.00 2153780
20.27 6.00 121.63 462.90 6.00 2153800
20.27 6.00 121.63 463.12 6.00 2153820
20.27 6.00 121.63 463.43 6.00 2153840
20.27 6.04 122.43 464.43 6.00 2153860
20.27 6.04 122.43 464.11 6.00 2153880
20.27 6.04 122.43 464.35 6.00 2153900
20.27 6.04 122.43 465.01 6.00 2153920
20.27 5.97 121.08 465.59 6.00 2153940
20.27 5.97 121.08 465.99 6.00 2153960
20.27 5.97 121.08 466.53 6.00 2153980
20.27 5.97 121.08 467.13 6.00 2154000
20.27 5.91 119.80 467.53 6.00 2154020
20.27 5.91 119.80 467.73 6.00 2154040
20.27 5.91 119.80 468.06 6.00 2154060
20.27 5.93 120.26 468.54 6.00 2154080
20.27 5.93 120.26 468.83 6.00 2154100
20.27 5.93 120.26 469.52 6.00 2154120
20.27 5.93 120.26 469.67 6.00 2154140
20.27 5.86 118.76 470.19 6.00 2154160
20.27 5.86 118.76 470.41 6.00 2154180
20.27 5.86 118.76 471.09 6.00 2154200
20.27 5.85 118.65 471.30 6.00 2154220
20.27 5.85 118.65 472.06 6.00 2154240
20.27 5.85 118.65 472.44 6.00 2154260
20.27 5.85 118.65 472.27 6.00 2154280
20.27 5.81 117.90 473.01 6.00 2154300
20.27 5.81 117.90 473.80 6.00 2154320
20.27 5.81 117.90 473.66 6.00 2154340
20.27 5.81 117.90 474.34 6.00 2154360
20.27 5.93 120.17 474.48 6.00 2154380
20.27 5.93 120.17 475.04 6.00 2154400
20.27 5.93 120.17 475.32 6.00 2154420
20.27 5.96 120.92 476.00 6.00 2154440
20.27 5.96 120.92 476.40 6.00 2154460
20.27 5.96 120.92 476.69 6.00 2154480
20.27 5.96 120.92 477.35 6.00 2154500
20.27 5.95 120.56 477.08 6.00 2154520
20.27 5.95 120.56 478.20 6.00 2154540
20.27 5.95 120.56 478.22 6.00 2154560
20.27 5.95 120.56 478.25 6.00 2154580
20.27 5.94 120.51 479.11 6.00 2154600
20.27 5.94 120.51 479.56 6.00 2154620
20.27 5.94 120.51 479.79 6.00 2154640
20.27 5.95 120.66 480.39 6.00 2154660
20.27 5.95 120.66 480.70 6.00 2154680
20.27 5.95 120.66 481.06 6.00 2154700
20.27 5.95 120.66 481.09 6.00 2154720
20.27 6.01 121.78 482.13 6.00 2154740
20.27 6.01 121.78 482.61 6.00 2154760
20.27 6.01 121.78 482.87 6.00 2154780
20.27 5.98 121.27 483.24 6.00 2154800
20.27 5.98 121.27 483.66 6.00 2154820
20.27 5.98 121.27 484.11 6.00 2154840
20.27 5.98 121.27 484.52 6.00 2154860
20.27 5.96 120.87 484.93 6.00 2154880
20.27 5.96 120.87 485.45 6.00 2154900
20.27 5.96 120.87 485.56 6.00 2154920
20.27 5.96 120.87 485.93 6.00 2154940
20.27 5.93 120.32 486.50 6.00 2154960
20.27 5.93 120.32 486.90 6.00 2154980
20.27 5.93 120.32 487.21 6.00 2155000
20.27 5.94 120.47 487.70 6.00 2155020
20.27 5.94 120.47 487.69 6.00 2155040
20.27 5.94 120.47 488.36 6.00 2155060
20.27 5.94 120.47 489.08 6.00 2155080
20.27 5.94 120.42 489.30 6.00 2155100
20.27 5.94 120.42 489.59 6.00 2155120
20.27 5.94 120.42 490.20 6.00 2155140
20.27 5.94 120.42 490.71 6.00 2155160
20.27 5.90 119.71 491.05 6.00 2155180
20.27 5.90 119.71 491.16 6.00 2155200
20.27 5.90 119.71 491.90 6.00 2155220
20.27 5.93 120.17 492.03 6.00 2155240
20.27 5.93 120.17 493.02 6.00 2155260
20.27 5.93 120.17 492.88 6.00 2155280
20.27 5.93 120.17 493.49 6.00 2155300
20.27 5.85 118.65 493.86 6.00 2155320
20.27 5.85 118.65 494.03 6.00 2155340
20.27 5.85 118.65 494.45 6.00 2155360
20.27 5.86 118.91 494.94 6.00 2155380
20.27 5.86 118.91 495.10 6.00 2155400
20.27 5.86 118.91 495.16 6.00 2155420
20.27 5.86 118.91 495.97 6.00 2155440
20.27 5.93 120.16 496.25 6.00 2155460
20.27 5.93 120.16 496.57 6.00 2155480
20.27 5.93 120.16 497.15 6.00 2155500
20.27 5.93 120.16 497.45 6.00 2155520
20.27 5.95 120.61 498.45 6.00 2155540
20.27 5.95 120.61 498.53 6.00 2155560
20.27 5.95 120.61 498.98 6.00 2155580
20.27 5.92 120.06 499.25 6.00 2155600
20.27 5.92 120.06 499.55 6.00 2155620
20.27 5.92 120.06 500.02 6.00 2155640
20.27 5.92 120.06 499.91 6.00 2155660
20.27 5.95 120.72 500.81 6.00 2155680
20.27 5.95 120.72 500.83 6.00 2155700
20.27 5.95 120.72 501.39 6.00 2155720
20.27 5.98 121.22 502.03 6.00 2155740
20.27 5.98 121.22 502.39 6.00 2155760
20.27 5.98 121.22 502.84 6.00 2155780
20.27 5.98 121.22 502.95 6.00 2155800
20.27 5.97 121.03 503.50 6.00 2155820
20.27 5.97 121.03 504.01 6.00 2155840
20.27 5.97 121.03 504.37 6.00 2155860
20.27 5.97 121.03 504.85 6.00 2155880
20.27 6.02 122.03 504.90 6.00 2155900
20.27 6.02 122.03 505.48 6.00 2155920
20.27 6.02 122.03 506.19 6.00 2155940
20.27 5.97 121.12 506.12 6.00 2155960
20.27 5.97 121.12 506.80 6.00 2155980
20.27 5.97 121.12 507.05 6.00 2156000
20.27 5.97 121.12 507.47 6.00 2156020
20.27 5.94 120.47 507.87 6.00 2156040
20.27 5.94 120.47 508.46 6.00 2156060
20.27 5.94 120.47 508.55 6.00 2156080
20.27 5.94 120.47 508.83 6.00 2156100
20.27 5.95 120.66 509.50 6.00 2156120
20.27 5.95 120.66 509.62 6.00 2156140
20.27 5.95 120.66 509.97 6.00 2156160
20.27 5.96 120.92 510.71 6.00 2156180
20.27 5.96 120.92 510.76 6.00 2156200
20.27 5.96 120.92 511.07 6.00 2156220
20.27 5.96 120.92 512.05 6.00 2156240
20.27 5.87 119.06 512.07 6.00 2156260
20.27 5.87 119.06 512.44 6.00 2156280
20.27 5.87 119.06 512.77 6.00 2156300
20.27 5.87 119.06 513.34 6.00 2156320
20.27 5.87 119.06 513.63 6.00 2156340
20.27 5.87 119.06 513.55 6.00 2156360
20.27 5.87 119.06 513.84 6.00 2156380
20.27 5.89 119.41 514.83 6.00 2156400
20.27 5.89 119.41 514.75 6.00 2156420
20.27 5.89 119.41 515.39 6.00 2156440
20.27 5.89 119.41 516.02 6.00 2156460
20.27 5.90 119.72 516.33 6.00 2156480
20.27 5.90 119.72 516.88 6.00 2156500
20.27 5.90 119.72 516.84 6.00 2156520
20.27 5.87 118.96 517.71 6.00 2156540
20.27 5.87 118.96 517.71 6.00 2156560
20.27 5.87 118.96 518.19 6.00 2156580
20.27 5.87 118.96 518.78 6.00 2156600
20.27 5.97 121.11 518.82 6.00 2156620
20.27 5.97 121.11 519.21 6.00 2156640
20.27 5.97 121.11 519.42 6.00 2156660
20.27 5.90 119.64 520.26 6.00 2156680
20.27 5.90 119.66 520.41 6.00 2156700
20.27 5.90 119.66 520.93 6.00 2156720
20.27 5.90 119.66 521.13 6.00 2156740
20.27 5.91 119.76 521.42 6.00 2156760
20.27 5.91 119.76 521.79 6.00 2156780
20.27 5.91 119.76 522.38 6.00 2156800
20.27 5.91 119.76 522.83 6.00 2156820
20.27 5.94 120.46 522.75 6.00 2156840
20.27 5.94 120.46 523.23 6.00 2156860
20.27 5.94 120.46 523.86 6.00 2156880
20.27 5.95 120.67 524.17 6.00 2156900
20.27 5.95 120.67 524.33 6.00 2156920
20.27 5.95 120.67 525.02 6.00 2156940
20.27 5.95 120.67 525.26 6.00 2156960
20.27 5.92 120.00 526.01 6.00 2156980
20.27 5.92 120.00 525.70 6.00 2157000
20.27 5.92 120.00 526.64 6.00 2157020
20.27 5.92 120.00 526.79 6.00 2157040
20.27 6.00 121.68 527.07 6.00 2157060
20.27 6.00 121.68 527.42 6.00 2157080
20.27 6.00 121.68 527.63 6.00 2157100
20.27 5.95 120.62 528.33 6.00 2157120
20.27 5.95 120.62 528.66 6.00 2157140
20.27 5.95 120.62 529.20 6.00 2157160
20.27 5.95 120.62 529.57 6.00 2157180
20.27 5.93 120.32 529.47 6.00 2157200
20.27 5.93 120.32 530.46 6.00 2157220
20.27 5.93 120.32 530.47 6.00 2157240
20.27 5.88 119.20 530.82 6.00 2157260
20.27 5.88 119.20 531.43 6.00 2157280
20.27 5.88 119.20 531.36 6.00 2157300
20.27 5.88 119.20 532.53 6.00 2157320
20.27 5.86 118.80 532.00 6.00 2157340
20.27 5.86 118.80 532.58 6.00 2157360
20.27 5.86 118.80 532.94 6.00 2157380
20.27 5.86 118.80 533.68 6.00 2157400
20.27 5.89 119.46 533.79 6.00 2157420
20.27 5.89 119.46 534.17 6.00 2157440
20.27 5.89 119.46 534.28 6.00 2157460
20.27 5.92 119.96 535.13 6.00 2157480
20.27 5.92 119.96 535.14 6.00 2157500
20.27 5.92 119.96 535.96 6.00 2157520
20.27 5.92 119.96 536.05 6.00 2157540
20.27 5.99 121.53 536.52 6.00 2157560
20.27 5.99 121.53 536.42 6.00 2157580
20.27 5.99 121.53 537.46 6.00 2157600
20.27 5.99 121.53 537.71 6.00 2157620
20.27 5.95 120.57 537.96 6.00 2157640
20.27 5.95 120.57 537.79 6.00 2157660
20.27 5.95 120.57 538.59 6.00 2157680
20.27 5.93 120.27 538.83 6.00 2157700
20.27 5.93 120.27 539.15 6.00 2157720
20.27 5.93 120.27 540.05 6.00 2157740
20.27 5.93 120.27 540.09 6.00 2157760
20.27 6.00 121.73 540.80 6.00 2157780
20.27 6.00 121.73 540.70 6.00 2157800
20.27 6.00 121.73 541.08 6.00 2157820
20.27 5.94 120.36 541.52 6.00 2157840
20.27 5.94 120.36 542.24 6.00 2157860
20.27 5.94 120.36 542.19 6.00 2157880
20.27 5.94 120.36 542.51 6.00 2157900
20.27 5.93 120.22 542.76 6.00 2157920
20.27 5.93 120.22 543.19 6.00 2157940
20.27 5.93 120.22 543.72 6.00 2157960
20.27 5.93 120.22 544.23 6.00 2157980
20.27 5.94 120.37 544.13 6.00 2158000
20.27 5.94 120.37 544.56 6.00 2158020
20.27 5.94 120.37 545.32 6.00 2158040
20.27 5.90 119.56 545.43 6.00 2158060
20.27 5.90 119.56 545.92 6.00 2158080
20.27 5.90 119.56 546.18 6.00 2158100
20.27 5.90 119.56 546.47 6.00 2158120
20.27 5.96 120.77 546.72 6.00 2158140
20.27 5.96 120.77 547.29 6.00 2158160
20.27 5.96 120.77 547.74 6.00 2158180
20.27 5.92 119.96 547.90 6.00 2158200
20.27 5.92 119.96 548.75 6.00 2158220
20.27 5.92 119.96 548.74 6.00 2158240
20.27 5.92 119.96 548.96 6.00 2158260
20.27 5.90 119.62 548.91 6.00 2158280
20.27 5.90 119.62 550.64 6.00 2158300
20.27 5.90 119.62 550.17 6.00 2158320
20.27 5.90 119.62 550.61 6.00 2158340
20.27 5.93 120.32 550.92 6.00 2158360
20.27 5.93 120.32 551.31 6.00 2158380
20.27 5.93 120.32 551.77 6.00 2158400
20.27 5.95 120.66 552.05 6.00 2158420
20.27 5.95 120.66 552.95 6.00 2158440
20.27 5.95 120.66 552.71 6.00 2158460
20.27 5.95 120.66 553.01 6.00 2158480
20.27 5.89 119.41 553.33 6.00 2158500
20.27 5.89 119.41 553.82 6.00 2158520
20.27 5.89 119.41 554.18 6.00 2158540
20.27 5.89 119.41 554.43 6.00 2158560
20.27 5.88 119.31 554.63 6.00 2158580
20.27 5.88 119.31 555.20 6.00 2158600
20.27 5.88 119.31 555.46 6.00 2158620
20.27 5.91 119.81 555.82 6.00 2158640
20.27 5.91 119.81 555.97 6.00 2158660
20.27 5.91 119.81 556.60 6.00 2158680
20.27 5.91 119.81 557.04 6.00 2158700
20.27 5.92 120.11 557.32 6.00 2158720
20.27 5.92 120.11 558.09 6.00 2158740
20.27 5.92 120.11 558.16 6.00 2158760
20.27 5.93 120.32 557.89 6.00 2158780
20.27 5.93 120.32 559.28 6.00 2158800
20.27 5.93 120.32 558.97 6.00 2158820
20.27 5.93 120.32 559.52 6.00 2158840
20.27 5.93 120.32 559.77 6.00 2158860
20.27 5.93 120.32 560.66 6.00 2158880
20.27 5.93 120.32 560.46 6.00 2158900
20.27 5.93 120.32 560.83 6.00 2158920
20.27 5.92 120.11 561.42 6.00 2158940
20.27 5.92 120.11 561.76 6.00 2158960
20.27 5.92 120.11 562.02 6.00 2158980
20.27 5.92 119.96 562.52 6.00 2159000
20.27 5.92 119.96 563.14 6.00 2159020
20.27 5.92 119.96 563.00 6.00 2159040
20.27 5.92 119.96 563.40 6.00 2159060
20.27 5.94 120.41 563.79 6.00 2159080
20.27 5.94 120.41 563.99 6.00 2159100
20.27 5.94 120.41 564.46 6.00 2159120
20.27 5.94 120.41 565.23 6.00 2159140
20.27 5.90 119.72 564.87 6.00 2159160
20.27 5.90 119.72 565.72 6.00 2159180
20.27 5.90 119.72 565.03 6.00 2159200
20.27 5.99 121.47 566.26 6.00 2159220
20.27 5.99 121.47 566.47 6.00 2159240
20.27 5.99 121.47 567.17 6.00 2159260
20.27 5.99 121.47 567.34 6.00 2159280
20.27 5.95 120.72 567.54 6.00 2159300
20.27 5.95 120.72 567.85 6.00 2159320
20.27 5.95 120.72 568.27 6.00 2159340
20.27 5.98 121.32 568.68 6.00 2159360
20.27 5.98 121.32 568.93 6.00 2159380
20.27 5.98 121.32 569.74 6.00 2159400
20.27 5.98 121.32 569.68 6.00 2159420
20.27 5.96 120.82 570.17 6.00 2159440
20.27 5.96 120.82 569.97 6.00 2159460
20.27 5.96 120.82 570.43 6.00 2159480
20.27 5.96 120.82 571.42 6.00 2159500
20.27 5.90 119.56 571.89 6.00 2159520
20.27 5.90 119.56 571.37 6.00 2159540
20.27 5.90 119.56 572.00 6.00 2159560
20.27 5.93 120.32 572.58 6.00 2159580
20.27 5.93 120.32 572.69 6.00 2159600
20.27 5.93 120.32 573.24 6.00 2159620
20.27 5.93 120.32 573.57 6.00 2159640
20.27 5.95 120.58 573.60 6.00 2159660
20.27 5.95 120.58 573.99 6.00 2159680
20.27 5.95 120.58 574.43 6.00 2159700
20.27 5.95 120.66 574.83 6.00 2159720
20.27 5.95 120.66 575.07 6.00 2159740
20.27 5.95 120.66 575.52 6.00 2159760
20.27 5.95 120.66 576.08 6.00 2159780
20.27 5.92 120.06 576.00 6.00 2159800
20.27 5.92 120.06 576.68 6.00 2159820
20.27 5.92 120.06 577.37 6.00 2159840
20.27 5.92 120.06 577.18 6.00 2159860
20.27 5.89 119.51 577.45 6.00 2159880
20.27 5.89 119.51 577.71 6.00 2159900
20.27 5.89 119.51 578.36 6.00 2159920
20.27 5.94 120.52 578.64 6.00 2159940
20.27 5.94 120.52 579.35 6.00 2159960
20.27 5.94 120.52 579.14 6.00 2159980
20.27 5.94 120.52 579.79 6.00 2160000
20.27 5.88 119.30 580.07 6.00 2160020
20.27 5.88 119.30 580.06 6.00 2160040
20.27 5.88 119.30 581.24 6.00 2160060
20.27 5.88 119.30 581.24 6.00 2160080
20.27 5.94 120.47 581.17 6.00 2160100
20.27 5.94 120.47 582.30 6.00 2160120
20.27 5.94 120.47 582.11 6.00 2160140
20.27 5.88 119.31 582.06 6.00 2160160
20.27 5.88 119.31 582.68 6.00 2160180
20.27 5.88 119.31 583.03 6.00 2160200
20.27 5.88 119.31 583.20 6.00 2160220
20.27 5.88 119.21 584.09 6.00 2160240
20.27 5.88 119.21 583.94 6.00 2160260
20.27 5.88 119.21 584.57 6.00 2160280
20.27 5.88 119.31 584.86 6.00 2160300
20.27 5.88 119.31 585.11 6.00 2160320
20.27 5.88 119.31 585.45 6.00 2160340
20.27 5.88 119.31 585.91 6.00 2160360
20.27 5.94 120.37 585.74 6.00 2160380
20.27 5.94 120.37 586.91 6.00 2160400
20.27 5.94 120.37 586.64 6.00 2160420
20.27 5.94 120.37 587.25 6.00 2160440
20.27 5.94 120.42 587.85 6.00 2160460
20.27 5.94 120.42 588.18 6.00 2160480
20.27 5.94 120.42 588.15 6.00 2160500
20.27 5.93 120.22 588.43 6.00 2160520
20.27 5.93 120.22 588.71 6.00 2160540
20.27 5.93 120.22 589.51 6.00 2160560
20.27 5.93 120.22 589.04 6.00 2160580
20.27 5.97 120.97 589.52 6.00 2160600
20.27 5.97 120.97 590.43 6.00 2160620
20.27 5.97 120.97 590.48 6.00 2160640
20.27 5.97 120.97 591.12 6.00 2160660
20.27 5.96 120.77 591.15 6.00 2160680
20.27 5.96 120.77 591.35 6.00 2160700
20.27 5.96 120.77 591.94 6.00 2160720
20.27 5.95 120.61 592.05 6.00 2160740
20.27 5.95 120.61 592.16 6.00 2160760
20.27 5.95 120.61 592.08 6.00 2160780
20.27 5.95 120.61 593.15 6.00 2160800
20.27 5.98 121.18 593.45 6.00 2160820
20.27 5.98 121.18 594.20 6.00 2160840
20.27 5.98 121.18 594.93 6.00 2160860
20.27 5.95 120.67 594.31 6.00 2160880
20.27 5.95 120.67 594.95 6.00 2160900
20.27 5.95 120.67 595.16 6.00 2160920
20.27 5.95 120.67 595.42 6.00 2160940
20.27 5.91 119.87 595.93 6.00 2160960
20.27 5.91 119.87 596.36 6.00 2160980
20.27 5.91 119.87 596.30 6.00 2161000
20.27 5.91 119.87 597.14 6.00 2161020
20.27 5.87 118.96 597.28 6.00 2161040
20.27 5.87 118.96 597.56 6.00 2161060
20.27 5.87 118.96 597.87 6.00 2161080
20.27 5.85 118.54 598.43 6.00 2161100
20.27 5.85 118.54 598.48 6.00 2161120
20.27 5.85 118.54 599.09 6.00 2161140
20.27 5.85 118.54 599.27 6.00 2161160
20.27 5.92 119.96 599.52 6.00 2161180
20.27 5.92 119.96 600.24 6.00 2161200
20.27 5.92 119.96 599.96 6.00 2161220
20.27 5.94 120.48 600.34 6.00 2161240
20.27 5.94 120.48 600.87 6.00 2161260
20.27 5.94 120.48 601.26 6.00 2161280
20.27 5.94 120.48 601.27 6.00 2161300
20.27 5.88 119.26 601.99 6.00 2161320
20.27 5.88 119.26 601.88 6.00 2161340
20.27 5.88 119.26 602.29 6.00 2161360
20.27 5.88 119.26 602.87 6.00 2161380
20.27 5.92 120.12 603.50 6.00 2161400
20.27 5.92 120.12 603.33 6.00 2161420
20.27 5.92 120.12 603.97 6.00 2161440
20.27 5.96 120.77 603.86 6.00 2161460
20.27 5.96 120.77 604.15 6.00 2161480
20.27 5.96 120.77 604.65 6.00 2161500
20.27 5.96 120.77 605.11 6.00 2161520
20.27 5.94 120.46 605.27 6.00 2161540
20.27 5.94 120.46 606.01 6.00 2161560
20.27 5.94 120.46 606.50 6.00 2161580
20.27 5.94 120.46 606.44 6.00 2161600
20.27 5.98 121.27 606.50 6.00 2161620
20.27 5.98 121.27 607.11 6.00 2161640
20.27 5.98 121.27 607.53 6.00 2161660
20.27 5.92 120.11 607.65 6.00 2161680
20.27 5.92 120.11 607.86 6.00 2161700
20.27 5.92 120.11 608.31 6.00 2161720
20.27 5.92 120.11 608.48 6.00 2161740
20.27 5.95 120.72 609.04 6.00 2161760
20.27 5.95 120.72 609.94 6.00 2161780
20.27 5.95 120.72 609.69 6.00 2161800
20.27 5.87 119.06 609.84 6.00 2161820
20.27 5.87 119.06 610.33 6.00 2161840
20.27 5.87 119.06 610.63 6.00 2161860
20.27 5.87 119.06 611.17 6.00 2161880
20.27 5.91 119.86 611.29 6.00 2161900
20.27 5.91 119.86 611.30 6.00 2161920
20.27 5.91 119.86 611.88 6.00 2161940
20.27 5.91 119.86 612.06 6.00 2161960
20.27 5.88 119.31 612.83 6.00 2161980
20.27 5.88 119.31 613.29 6.00 2162000
20.27 5.88 119.31 613.24 6.00 2162020
20.27 5.87 118.96 613.59 6.00 2162040
20.27 5.87 118.96 613.99 6.00 2162060
20.27 5.87 118.96 614.19 6.00 2162080
20.27 5.87 118.96 614.53 6.00 2162100
20.27 5.87 119.00 615.12 6.00 2162120
20.27 5.87 119.00 615.16 6.00 2162140
20.27 5.87 119.00 615.57 6.00 2162160
20.27 5.87 119.00 615.69 6.00 2162180
20.27 5.91 119.91 615.40 6.00 2162200
20.27 5.91 119.91 616.14 6.00 2162220
20.27 5.91 119.91 616.85 6.00 2162240
20.27 5.87 119.01 617.15 6.00 2162260
20.27 5.87 119.01 617.37 6.00 2162280
20.27 5.87 119.01 618.10 6.00 2162300
20.27 5.87 119.01 618.30 6.00 2162320
20.27 5.89 119.46 618.38 6.00 2162340
20.27 5.89 119.46 618.68 6.00 2162360
20.27 5.89 119.46 618.81 6.00 2162380
20.27 5.89 119.36 619.44 6.00 2162400
20.27 5.89 119.36 619.84 6.00 2162420
20.27 5.89 119.36 619.62 6.00 2162440
20.27 5.89 119.36 620.48 6.00 2162460
20.27 5.92 120.11 620.57 6.00 2162480
20.27 5.92 120.11 620.39 6.00 2162500
20.27 5.92 120.11 621.74 6.00 2162520
20.27 5.92 120.11 621.96 6.00 2162540
20.27 5.97 121.02 621.80 6.00 2162560
20.27 5.97 121.02 622.48 6.00 2162580
20.27 5.97 121.02 622.41 6.00 2162600
20.27 5.93 120.31 623.03 6.00 2162620
20.27 5.93 120.31 623.28 6.00 2162640
20.27 5.93 120.31 623.40 6.00 2162660
20.27 5.93 120.31 623.34 6.00 2162680
20.27 5.99 121.53 623.87 6.00 2162700
20.27 5.99 121.53 624.97 6.00 2162720
20.27 5.99 121.53 624.79 6.00 2162740
20.27 5.95 120.61 625.25 6.00 2162760
20.27 5.95 120.61 625.20 6.00 2162780
20.27 5.95 120.61 625.62 6.00 2162800
20.27 5.95 120.61 625.92 6.00 2162820
20.27 5.96 120.92 626.50 6.00 2162840
20.27 5.96 120.92 626.67 6.00 2162860
20.27 5.96 120.92 627.29 6.00 2162880
20.27 5.96 120.92 627.10 6.00 2162900
20.27 5.97 121.02 627.46 6.00 2162920
20.27 5.97 121.02 627.84 6.00 2162940
20.27 5.97 121.02 628.28 6.00 2162960
20.27 5.94 120.37 629.21 6.00 2162980
20.27 5.94 120.37 629.14 6.00 2163000
20.27 5.94 120.37 629.10 6.00 2163020
20.27 5.94 120.37 629.56 6.00 2163040
20.27 5.92 120.01 629.75 6.00 2163060
20.27 5.92 120.01 630.34 6.00 2163080
20.27 5.92 120.01 630.75 6.00 2163100
20.27 5.92 120.01 630.85 6.00 2163120
20.27 5.92 120.01 630.82 6.00 2163140
20.27 5.92 120.01 631.08 6.00 2163160
20.27 5.92 120.01 631.74 6.00 2163180
20.27 5.93 120.26 632.09 6.00 2163200
20.27 5.93 120.26 632.24 6.00 2163220
20.27 5.93 120.26 632.53 6.00 2163240
20.27 5.93 120.26 633.00 6.00 2163260
20.27 5.94 120.52 633.97 6.00 2163280
20.27 5.94 120.52 633.45 6.00 2163300
20.27 5.94 120.52 634.01 6.00 2163320
20.27 5.90 119.61 634.43 6.00 2163340
20.27 5.90 119.61 634.47 6.00 2163360
20.27 5.90 119.61 635.03 6.00 2163380
20.27 5.90 119.61 634.87 6.00 2163400
20.27 5.89 119.46 635.30 6.00 2163420
20.27 5.89 119.46 635.73 6.00 2163440
20.27 5.89 119.46 636.39 6.00 2163460
20.27 5.89 119.46 637.08 6.00 2163480
20.27 5.92 119.96 636.72 6.00 2163500
20.27 5.92 119.96 637.34 6.00 2163520
20.27 5.92 119.96 637.87 6.00 2163540
20.27 5.93 120.27 638.15 6.00 2163560
20.27 5.93 120.27 637.93 6.00 2163580
20.27 5.93 120.27 638.24 6.00 2163600
20.27 5.93 120.27 638.49 6.00 2163620
20.27 5.92 120.01 638.82 6.00 2163640
20.27 5.92 120.01 639.30 6.00 2163660
20.27 5.92 120.01 639.22 6.00 2163680
20.27 5.92 120.01 639.88 6.00 2163700
20.27 5.88 119.26 640.01 6.00 2163720
20.27 5.88 119.26 640.81 6.00 2163740
20.27 5.88 119.26 640.57 6.00 2163760
20.27 5.90 119.61 640.88 6.00 2163780
20.27 5.90 119.61 641.40 6.00 2163800
20.27 5.90 119.61 641.54 6.00 2163820
20.27 5.90 119.61 641.79 6.00 2163840
20.27 5.94 120.41 642.23 6.00 2163860
20.27 5.94 120.41 642.36 6.00 2163880
20.27 5.94 120.41 642.94 6.00 2163900
20.27 5.92 120.06 643.78 6.00 2163920
20.27 5.92 120.06 644.03 6.00 2163940
20.27 5.92 120.06 643.87 6.00 2163960
20.27 5.92 120.06 643.77 6.00 2163980
20.27 5.89 119.35 644.70 6.00 2164000
20.27 5.89 119.35 644.73 6.00 2164020
20.27 5.89 119.35 644.77 6.00 2164040
20.27 5.89 119.35 645.06 6.00 2164060
20.27 5.94 120.37 645.97 6.00 2164080
20.27 5.94 120.37 646.33 6.00 2164100
20.27 5.94 120.37 646.10 6.00 2164120
20.27 5.96 120.87 646.69 6.00 2164140
20.27 5.96 120.87 647.09 6.00 2164160
20.27 5.96 120.87 646.79 6.00 2164180
20.27 5.96 120.87 647.20 6.00 2164200
20.27 5.90 119.72 647.81 6.00 2164220
20.27 5.90 119.72 648.05 6.00 2164240
20.27 5.90 119.72 648.61 6.00 2164260
20.27 5.85 118.70 648.60 6.00 2164280
20.27 5.85 118.70 648.48 6.00 2164300
20.27 5.85 118.70 649.76 6.00 2164320
20.27 5.85 118.70 649.84 6.00 2164340
20.27 5.87 119.06 650.00 6.00 2164360
20.27 5.87 119.06 650.39 6.00 2164380
20.27 5.87 119.06 650.00 6.00 2164400
20.27 5.87 119.06 650.36 6.00 2164420
20.27 5.89 119.51 650.89 6.00 2164440
20.27 5.89 119.51 651.26 6.00 2164460
20.27 5.89 119.51 651.88 6.00 2164480
20.27 5.96 120.92 651.64 6.00 2164500
20.27 5.96 120.92 652.29 6.00 2164520
20.27 5.96 120.92 652.57 6.00 2164540
20.27 5.96 120.92 652.93 6.00 2164560
20.27 5.95 120.72 652.99 6.00 2164580
20.27 5.95 120.72 653.57 6.00 2164600
20.27 5.95 120.72 653.42 6.00 2164620
20.27 5.95 120.72 654.11 6.00 2164640
20.27 5.89 119.41 654.46 6.00 2164660
20.27 5.89 119.41 654.59 6.00 2164680
20.27 5.89 119.41 654.67 6.00 2164700
20.27 5.88 119.16 655.52 6.00 2164720
20.27 5.88 119.16 655.72 6.00 2164740
20.27 5.88 119.16 656.43 6.00 2164760
20.27 5.88 119.16 656.09 6.00 2164780
20.27 5.85 118.65 656.81 6.00 2164800
20.27 5.85 118.65 656.91 6.00 2164820
20.27 5.85 118.65 657.27 6.00 2164840
20.27 5.89 119.46 657.59 6.00 2164860
20.27 5.89 119.46 657.69 6.00 2164880
20.27 5.89 119.46 657.80 6.00 2164900
20.27 5.89 119.46 658.53 6.00 2164920
20.27 5.90 119.56 658.70 6.00 2164940
20.27 5.90 119.56 659.32 6.00 2164960
20.27 5.90 119.56 658.96 6.00 2164980
20.27 5.90 119.56 659.36 6.00 2165000
20.27 5.91 119.91 659.70 6.00 2165020
20.27 5.91 119.91 660.23 6.00 2165040
20.27 5.91 119.91 660.10 6.00 2165060
20.27 5.95 120.56 660.74 6.00 2165080
20.27 5.95 120.56 661.16 6.00 2165100
20.27 5.95 120.56 661.40 6.00 2165120
20.27 5.95 120.56 661.61 6.00 2165140
20.27 5.89 119.36 661.97 6.00 2165160
20.27 5.89 119.36 662.54 6.00 2165180
20.27 5.89 119.36 662.41 6.00 2165200
20.27 5.94 120.43 662.80 6.00 2165220
20.27 5.94 120.41 663.29 6.00 2165240
20.27 5.94 120.41 662.79 6.00 2165260
20.27 5.94 120.41 664.11 6.00 2165280
20.27 5.93 120.31 663.97 6.00 2165300
20.27 5.93 120.31 664.28 6.00 2165320
20.27 5.93 120.31 664.44 6.00 2165340
20.27 5.93 120.31 664.62 6.00 2165360
20.27 5.94 120.52 665.28 6.00 2165380
20.27 5.94 120.52 665.66 6.00 2165400
20.27 5.94 120.52 665.64 6.00 2165420
20.27 5.96 120.92 665.83 6.00 2165440
20.27 5.96 120.92 665.86 6.00 2165460
20.27 5.96 120.92 667.01 6.00 2165480
20.27 5.96 120.92 666.88 6.00 2165500
20.27 5.89 119.42 667.76 6.00 2165520
20.27 5.89 119.42 667.89 6.00 2165540
20.27 5.89 119.42 667.80 6.00 2165560
20.27 5.89 119.42 668.34 6.00 2165580
20.27 5.91 119.80 668.64 6.00 2165600
20.27 5.91 119.80 668.93 6.00 2165620
20.27 5.91 119.80 669.35 6.00 2165640
20.27 5.91 119.86 669.51 6.00 2165660
20.27 5.91 119.86 669.66 6.00 2165680
20.27 5.91 119.86 669.89 6.00 2165700
20.27 5.91 119.86 670.16 6.00 2165720
20.27 5.89 119.51 670.38 6.00 2165740
20.27 5.89 119.51 670.85 6.00 2165760
20.27 5.89 119.51 670.95 6.00 2165780
20.27 5.95 120.56 671.43 6.00 2165800
20.27 5.95 120.56 671.88 6.00 2165820
20.27 5.95 120.56 671.70 6.00 2165840
20.27 5.95 120.56 672.38 6.00 2165860
20.27 5.88 119.15 672.64 6.00 2165880
20.27 5.88 119.15 672.85 6.00 2165900
20.27 5.88 119.15 672.85 6.00 2165920
20.27 5.88 119.15 673.35 6.00 2165940
20.27 5.96 120.86 673.37 6.00 2165960
20.27 5.96 120.86 674.07 6.00 2165980
20.27 5.96 120.86 674.13 6.00 2166000
20.27 5.93 120.22 674.40 6.00 2166020
20.27 5.93 120.22 675.34 6.00 2166040
20.27 5.93 120.22 675.49 6.00 2166060
20.27 5.93 120.22 675.61 6.00 2166080
20.27 5.96 120.92 676.28 6.00 2166100
20.27 5.96 120.92 676.08 6.00 2166120
20.27 5.96 120.92 676.99 6.00 2166140
20.27 5.96 120.92 676.75 6.00 2166160
20.27 5.98 121.27 676.81 6.00 2166180
20.27 5.98 121.27 677.08 6.00 2166200
20.27 5.98 121.27 677.36 6.00 2166220
20.27 5.95 120.72 677.72 6.00 2166240
20.27 5.95 120.72 678.86 6.00 2166260
20.27 5.95 120.72 678.40 6.00 2166280
20.27 5.95 120.72 678.53 6.00 2166300
20.27 5.96 120.77 679.52 6.00 2166320
20.27 5.96 120.77 679.27 6.00 2166340
20.27 5.96 120.77 679.92 6.00 2166360
20.27 5.87 119.01 679.59 6.00 2166380
20.27 5.87 119.01 680.23 6.00 2166400
20.27 5.87 119.01 679.98 6.00 2166420
20.27 5.87 119.01 681.69 6.00 2166440
20.27 5.94 120.46 681.05 6.00 2166460
20.27 5.94 120.46 681.25 6.00 2166480
20.27 5.94 120.46 681.60 6.00 2166500
20.27 5.94 120.46 681.83 6.00 2166520
20.27 5.89 119.46 682.02 6.00 2166540
20.27 5.89 119.46 682.37 6.00 2166560
20.27 5.89 119.46 683.11 6.00 2166580
20.27 5.92 120.01 683.13 6.00 2166600
20.27 5.92 120.01 683.18 6.00 2166620
20.27 5.92 120.01 683.14 6.00 2166640
20.27 5.92 120.01 683.77 6.00 2166660
20.27 5.85 118.66 683.78 6.00 2166680
20.27 5.85 118.66 684.50 6.00 2166700
20.27 5.85 118.66 684.72 6.00 2166720
20.27 5.88 119.27 684.54 6.00 2166740
20.27 5.88 119.25 685.25 6.00 2166760
20.27 5.88 119.25 685.34 6.00 2166780
20.27 5.88 119.25 686.00 6.00 2166800
20.27 5.91 119.81 686.80 6.00 2166820
20.27 5.91 119.81 686.40 6.00 2166840
20.27 5.91 119.81 686.66 6.00 2166860
20.27 5.91 119.81 686.93 6.00 2166880
20.27 5.90 119.61 687.75 6.00 2166900
20.27 5.90 119.61 687.52 6.00 2166920
20.27 5.90 119.61 688.07 6.00 2166940
20.27 5.92 120.11 688.33 6.00 2166960
20.27 5.92 120.11 688.25 6.00 2166980
20.27 5.92 120.11 688.82 6.00 2167000
20.27 5.92 120.11 689.02 6.00 2167020
20.27 5.91 119.91 689.63 6.00 2167040
20.27 5.91 119.91 689.37 6.00 2167060
20.27 5.91 119.91 689.92 6.00 2167080
20.27 5.91 119.91 690.17 6.00 2167100
20.27 5.92 120.06 690.57 6.00 2167120
20.27 5.92 120.06 691.27 6.00 2167140
20.27 5.92 120.06 691.21 6.00 2167160
20.27 5.94 120.52 691.42 6.00 2167180
20.27 5.94 120.52 692.10 6.00 2167200
20.27 5.94 120.52 692.19 6.00 2167220
20.27 5.94 120.52 692.70 6.00 2167240
20.27 5.95 120.72 692.80 6.00 2167260
20.27 5.95 120.72 693.07 6.00 2167280
20.27 5.95 120.72 693.65 6.00 2167300
20.27 5.98 121.27 692.94 6.00 2167320
20.27 5.98 121.27 693.55 6.00 2167340
20.27 5.98 121.27 693.74 6.00 2167360
20.27 5.98 121.27 694.33 6.00 2167380
20.27 5.95 120.62 694.52 6.00 2167400
20.27 5.95 120.62 694.73 6.00 2167420
20.27 5.95 120.62 694.78 6.00 2167440
20.27 5.95 120.62 695.67 6.00 2167460
20.27 5.96 120.77 695.67 6.00 2167480
20.27 5.96 120.77 695.83 6.00 2167500
20.27 5.96 120.77 695.82 6.00 2167520
20.27 5.86 118.75 696.58 6.00 2167540
20.27 5.86 118.75 696.59 6.00 2167560
20.27 5.86 118.75 698.12 6.00 2167580
20.27 5.86 118.75 697.31 6.00 2167600
20.27 5.90 119.65 698.29 6.00 2167620
20.27 5.90 119.65 697.82 6.00 2167640
20.27 5.90 119.65 698.10 6.00 2167660
20.27 5.90 119.65 698.58 6.00 2167680
20.27 5.85 118.60 699.06 6.00 2167700
20.27 5.85 118.60 698.86 6.00 2167720
20.27 5.85 118.60 699.50 6.00 2167740
20.27 5.96 120.93 699.45 6.00 2167760
20.27 5.96 120.93 699.76 6.00 2167780
20.27 5.96 120.93 700.12 6.00 2167800
20.27 5.96 120.93 700.12 6.00 2167820
20.27 5.97 121.03 701.30 6.00 2167840
20.27 5.97 121.03 700.91 6.00 2167860
20.27 5.97 121.03 701.19 6.00 2167880
20.27 5.99 121.44 701.61 6.00 2167900
20.27 5.99 121.44 701.38 6.00 2167920
20.27 5.99 121.44 702.51 6.00 2167940
20.27 5.99 121.44 702.83 6.00 2167960
20.27 5.89 119.35 702.56 6.00 2167980
20.27 5.89 119.35 703.01 6.00 2168000
20.27 5.89 119.35 703.30 6.00 2168020
20.27 5.89 119.35 703.87 6.00 2168040
20.27 5.92 120.12 703.70 6.00 2168060
20.27 5.92 120.12 704.37 6.00 2168080
20.27 5.92 120.12 704.02 6.00 2168100
20.27 5.92 120.06 704.37 6.00 2168120
20.27 5.92 120.06 704.90 6.00 2168140
20.27 5.92 120.06 705.14 6.00 2168160
20.27 5.92 120.06 705.58 6.00 2168180
20.27 5.89 119.36 706.16 6.00 2168200
20.27 5.89 119.36 705.63 6.00 2168220
20.27 5.89 119.36 705.94 6.00 2168240
20.27 5.96 120.93 706.21 6.00 2168260
20.27 5.96 120.91 705.97 6.00 2168280
20.27 5.96 120.91 707.06 6.00 2168300
20.27 5.96 120.91 707.08 6.00 2168320
20.27 5.90 119.67 707.84 6.00 2168340
20.27 5.90 119.67 707.49 6.00 2168360
20.27 5.90 119.67 708.58 6.00 2168380
20.27 5.90 119.67 708.69 6.00 2168400
20.27 5.91 119.90 708.54 6.00 2168420
20.27 5.91 119.90 709.34 6.00 2168440
20.27 5.91 119.90 709.66 6.00 2168460
20.27 5.94 120.46 709.39 6.00 2168480
20.27 5.94 120.46 709.85 6.00 2168500
20.27 5.94 120.46 710.19 6.00 2168520
20.27 5.94 120.46 710.00 6.00 2168540
20.27 5.93 120.27 710.45 6.00 2168560
20.27 5.93 120.27 710.68 6.00 2168580
20.27 5.93 120.27 711.63 6.00 2168600
20.27 5.93 120.27 711.79 6.00 2168620
20.27 6.01 121.83 711.63 6.00 2168640
20.27 6.01 121.83 712.23 6.00 2168660
20.27 6.01 121.83 712.68 6.00 2168680
20.27 5.85 118.61 712.97 6.00 2168700
20.27 5.85 118.61 712.43 6.00 2168720
20.27 5.85 118.61 712.86 6.00 2168740
20.27 5.85 118.61 713.55 6.00 2168760
20.27 5.97 121.07 713.41 6.00 2168780
20.27 5.97 121.07 714.01 6.00 2168800
20.27 5.97 121.07 713.97 6.00 2168820
20.27 5.91 119.87 714.65 6.00 2168840
20.27 5.91 119.87 715.40 6.00 2168860
20.27 5.91 119.87 715.13 6.00 2168880
20.27 5.91 119.87 714.98 6.00 2168900
20.27 5.93 120.32 715.49 6.00 2168920
20.27 5.93 120.32 716.14 6.00 2168940
20.27 5.93 120.32 716.20 6.00 2168960
20.27 5.93 120.32 716.16 6.00 2168980
20.27 5.96 120.77 716.79 6.00 2169000
20.27 5.96 120.77 717.21 6.00 2169020
20.27 5.96 120.77 718.13 6.00 2169040
20.27 5.93 120.17 718.15 6.00 2169060
20.27 5.93 120.17 718.00 6.00 2169080
20.27 5.93 120.17 718.35 6.00 2169100
20.27 5.93 120.17 718.73 6.00 2169120
20.27 5.89 119.41 718.55 6.00 2169140
20.27 5.89 119.41 718.95 6.00 2169160
20.27 5.89 119.41 719.34 6.00 2169180
20.27 5.89 119.41 720.17 6.00 2169200
20.27 5.91 119.91 720.26 6.00 2169220
20.27 5.91 119.91 720.31 6.00 2169240
20.27 5.91 119.91 720.89 6.00 2169260
20.27 5.91 119.81 720.65 6.00 2169280
20.27 5.91 119.81 720.30 6.00 2169300
20.27 5.91 119.81 721.34 6.00 2169320
20.27 5.91 119.81 721.49 6.00 2169340
20.27 5.92 120.01 721.81 6.00 2169360
20.27 5.92 120.01 722.35 6.00 2169380
20.27 5.92 120.01 722.20 6.00 2169400
20.27 5.95 120.57 722.30 6.00 2169420
20.27 5.95 120.57 722.92 6.00 2169440
20.27 5.95 120.57 723.31 6.00 2169460
20.27 5.95 120.57 723.62 6.00 2169480
20.27 5.90 119.56 723.50 6.00 2169500
20.27 5.90 119.56 724.44 6.00 2169520
20.27 5.90 119.56 724.29 6.00 2169540
20.27 5.90 119.56 724.24 6.00 2169560
20.27 5.93 120.31 724.33 6.00 2169580
20.27 5.93 120.31 724.80 6.00 2169600
20.27 5.93 120.31 725.32 6.00 2169620
20.27 5.95 120.56 725.28 6.00 2169640
20.27 5.95 120.56 725.66 6.00 2169660
20.27 5.95 120.56 725.84 6.00 2169680
20.27 5.95 120.56 726.01 6.00 2169700
20.27 5.91 119.91 726.33 6.00 2169720
20.27 5.91 119.91 726.56 6.00 2169740
20.27 5.91 119.91 727.23 6.00 2169760
20.27 5.88 119.31 727.25 6.00 2169780
20.27 5.88 119.31 728.05 6.00 2169800
20.27 5.88 119.31 728.38 6.00 2169820
20.27 5.88 119.31 727.95 6.00 2169840
20.27 5.91 119.91 728.64 6.00 2169860
20.27 5.91 119.91 728.24 6.00 2169880
20.27 5.91 119.91 728.94 6.00 2169900
20.27 5.91 119.91 729.35 6.00 2169920
20.27 5.95 120.72 729.39 6.00 2169940
20.27 5.95 120.72 729.83 6.00 2169960
20.27 5.95 120.72 730.45 6.00 2169980
20.27 5.94 120.42 730.34 6.00 2170000
20.27 5.94 120.42 730.42 6.00 2170020
20.27 5.94 120.42 731.05 6.00 2170040
20.27 5.94 120.42 730.45 6.00 2170060
20.27 5.93 120.21 731.15 6.00 2170080
20.27 5.93 120.21 731.53 6.00 2170100
20.27 5.93 120.21 732.18 6.00 2170120
20.27 5.93 120.21 732.44 6.00 2170140
20.27 5.92 119.96 732.56 6.00 2170160
20.27 5.92 119.96 732.48 6.00 2170180
20.27 5.92 119.96 732.56 6.00 2170200
20.27 5.96 120.77 733.07 6.00 2170220
20.27 5.96 120.77 733.41 6.00 2170240
20.27 5.96 120.77 733.54 6.00 2170260
20.27 5.96 120.77 733.65 6.00 2170280
20.27 5.91 119.91 734.40 6.00 2170300
20.27 5.91 119.91 735.07 6.00 2170320
20.27 5.91 119.91 734.93 6.00 2170340
20.27 5.94 120.41 734.86 6.00 2170360
20.27 5.94 120.41 734.83 6.00 2170380
20.27 5.94 120.41 735.61 6.00 2170400
20.27 5.94 120.41 735.79 6.00 2170420
20.27 5.91 119.81 736.12 6.00 2170440
20.27 5.91 119.81 736.27 6.00 2170460
20.27 5.91 119.81 736.54 6.00 2170480
20.27 5.91 119.81 736.96 6.00 2170500
20.27 5.89 119.51 737.23 6.00 2170520
20.27 5.89 119.51 737.74 6.00 2170540
20.27 5.89 119.51 738.00 6.00 2170560
20.27 5.93 120.27 738.23 6.00 2170580
20.27 5.93 120.27 738.18 6.00 2170600
20.27 5.93 120.27 738.45 6.00 2170620
20.27 5.93 120.27 738.82 6.00 2170640
20.27 5.95 120.56 739.14 6.00 2170660
20.27 5.95 120.56 739.36 6.00 2170680
20.27 5.95 120.56 739.85 6.00 2170700
20.27 5.95 120.56 739.99 6.00 2170720
20.27 5.97 121.12 739.77 6.00 2170740
20.27 5.97 121.12 740.55 6.00 2170760
20.27 5.97 121.12 740.51 6.00 2170780
20.27 5.90 119.56 741.17 6.00 2170800
20.27 5.90 119.56 741.18 6.00 2170820
20.27 5.90 119.56 740.96 6.00 2170840
20.27 5.90 119.56 741.48 6.00 2170860
20.27 5.90 119.65 741.78 6.00 2170880
20.27 5.90 119.65 742.39 6.00 2170900
20.27 5.90 119.65 741.99 6.00 2170920
20.27 5.92 120.06 743.14 6.00 2170940
20.27 5.92 120.06 742.77 6.00 2170960
20.27 5.92 120.06 743.73 6.00 2170980
20.27 5.92 120.06 743.77 6.00 2171000
20.27 5.96 120.77 743.44 6.00 2171020
20.27 5.96 120.77 743.69 6.00 2171040
20.27 5.96 120.77 744.03 6.00 2171060
20.27 5.96 120.77 744.73 6.00 2171080
20.27 5.90 119.56 744.84 6.00 2171100
20.27 5.90 119.56 745.84 6.00 2171120
20.27 5.90 119.56 745.14 6.00 2171140
20.27 5.94 120.51 745.82 6.00 2171160
20.27 5.94 120.51 745.43 6.00 2171180
20.27 5.94 120.51 746.02 6.00 2171200
20.27 5.94 120.51 746.39 6.00 2171220
20.27 5.92 120.06 746.47 6.00 2171240
20.27 5.92 120.06 747.51 6.00 2171260
20.27 5.92 120.06 747.24 6.00 2171280
20.27 5.94 120.51 747.48 6.00 2171300
20.27 5.94 120.51 748.00 6.00 2171320
20.27 5.94 120.51 747.58 6.00 2171340
20.27 5.94 120.51 748.48 6.00 2171360
20.27 5.95 120.57 748.52 6.00 2171380
20.27 5.95 120.57 748.98 6.00 2171400
20.27 5.95 120.57 748.87 6.00 2171420
20.27 5.95 120.57 749.11 6.00 2171440
20.27 5.93 120.21 749.40 6.00 2171460
20.27 5.93 120.21 749.78 6.00 2171480
20.27 5.93 120.21 750.22 6.00 2171500
20.27 5.89 119.41 750.15 6.00 2171520
20.27 5.89 119.41 750.04 6.00 2171540
20.27 5.89 119.41 750.35 6.00 2171560
20.27 5.89 119.41 750.74 6.00 2171580
20.27 5.86 118.80 751.23 6.00 2171600
20.27 5.86 118.80 752.12 6.00 2171620
20.27 5.86 118.80 751.82 6.00 2171640
20.27 5.86 118.80 752.15 6.00 2171660
20.27 5.91 119.91 752.80 6.00 2171680
20.27 5.91 119.91 752.45 6.00 2171700
20.27 5.91 119.91 752.82 6.00 2171720
20.27 5.87 119.05 753.03 6.00 2171740
20.27 5.87 119.05 753.05 6.00 2171760
20.27 5.87 119.05 753.73 6.00 2171780
20.27 5.87 119.05 753.44 6.00 2171800
20.27 5.95 120.57 754.24 6.00 2171820
20.27 5.95 120.57 755.04 6.00 2171840
20.27 5.95 120.57 754.26 6.00 2171860
20.27 5.89 119.51 755.66 6.00 2171880
20.27 5.89 119.51 754.91 6.00 2171900
20.27 5.89 119.51 755.11 6.00 2171920
20.27 5.89 119.51 755.92 6.00 2171940
20.27 5.95 120.56 756.44 6.00 2171960
20.27 5.95 120.56 756.22 6.00 2171980
20.27 5.95 120.56 756.73 6.00 2172000
20.27 5.95 120.56 756.48 6.00 2172020
20.27 5.97 120.97 756.94 6.00 2172040
20.27 5.97 120.97 757.49 6.00 2172060
20.27 5.97 120.97 757.51 6.00 2172080
20.27 5.97 121.12 758.11 6.00 2172100
20.27 5.97 121.12 758.02 6.00 2172120
20.27 5.97 121.12 758.26 6.00 2172140
20.27 5.97 121.12 758.42 6.00 2172160
20.27 5.94 120.47 758.12 6.00 2172180
20.27 5.94 120.47 758.95 6.00 2172200
20.27 5.94 120.47 759.43 6.00 2172220
20.27 5.94 120.47 759.71 6.00 2172240
20.27 5.94 120.37 759.69 6.00 2172260
20.27 5.94 120.37 760.06 6.00 2172280
20.27 5.94 120.37 760.11 6.00 2172300
20.27 5.95 120.63 760.76 6.00 2172320
20.27 5.95 120.63 760.89 6.00 2172340
20.27 5.95 120.63 761.13 6.00 2172360
20.27 5.95 120.63 761.60 6.00 2172380
20.27 5.93 120.27 761.12 6.00 2172400
20.27 5.93 120.27 761.49 6.00 2172420
20.27 5.93 120.27 762.11 6.00 2172440
20.27 5.91 119.76 761.89 6.00 2172460
20.27 5.91 119.76 762.66 6.00 2172480
20.27 5.91 119.76 762.59 6.00 2172500
20.27 5.91 119.76 762.55 6.00 2172520
20.27 5.96 120.82 763.61 6.00 2172540
20.27 5.96 120.82 763.34 6.00 2172560
20.27 5.96 120.82 763.34 6.00 2172580
20.27 5.96 120.82 763.70 6.00 2172600
20.27 5.89 119.35 764.66 6.00 2172620
20.27 5.89 119.35 764.49 6.00 2172640
20.27 5.89 119.35 764.98 6.00 2172660
20.27 5.95 120.56 765.38 6.00 2172680
20.27 5.95 120.56 765.78 6.00 2172700
20.27 5.95 120.56 765.84 6.00 2172720
20.27 5.95 120.56 765.48 6.00 2172740
20.27 5.97 121.07 766.05 6.00 2172760
20.27 5.97 121.07 767.10 6.00 2172780
20.27 5.97 121.07 766.53 6.00 2172800
20.27 5.96 120.77 767.72 6.00 2172820
20.27 5.96 120.77 767.45 6.00 2172840
20.27 5.96 120.77 767.07 6.00 2172860
20.27 5.96 120.77 767.71 6.00 2172880
20.27 5.95 120.72 768.39 6.00 2172900
20.27 5.95 120.72 768.19 6.00 2172920
20.27 5.95 120.72 769.13 6.00 2172940
20.27 5.95 120.72 768.39 6.00 2172960
20.27 5.94 120.46 768.55 6.00 2172980
20.27 5.94 120.46 768.98 6.00 2173000
20.27 5.94 120.46 769.74 6.00 2173020
20.27 5.97 121.03 770.08 6.00 2173040
20.27 5.97 121.03 770.31 6.00 2173060
20.27 5.97 121.03 770.19 6.00 2173080
20.27 5.97 121.03 770.33 6.00 2173100
20.27 5.95 120.56 770.73 6.00 2173120
20.27 5.95 120.56 771.52 6.00 2173140
20.27 5.95 120.56 771.35 6.00 2173160
20.27 5.95 120.56 770.96 6.00 2173180
20.27 5.98 121.17 771.70 6.00 2173200
20.27 5.98 121.17 771.65 6.00 2173220
20.27 5.98 121.17 772.62 6.00 2173240
20.27 5.98 121.32 772.50 6.00 2173260
20.27 5.98 121.32 772.71 6.00 2173280
20.27 5.98 121.32 773.21 6.00 2173300
20.27 5.98 121.32 773.97 6.00 2173320
20.27 5.96 120.77 773.15 6.00 2173340
20.27 5.96 120.77 773.22 6.00 2173360
20.27 5.96 120.77 773.80 6.00 2173380
20.38 2.00 40.66 773.57 6.00 2173400
20.38 2.00 40.66 773.81 6.00 2173420
20.38 2.00 40.66 774.51 6.00 2173440
20.38 2.00 40.66 774.31 6.00 2173460
20.35 1.92 39.18 774.48 6.00 2173480
20.35 1.92 39.18 774.41 6.00 2173500
20.35 1.92 39.18 774.26 6.00 2173520
20.35 1.92 39.18 774.86 6.00 2173540
20.33 2.82 57.29 773.91 6.00 2173560
20.33 2.82 57.29 774.27 6.00 2173580
20.33 2.82 57.29 774.73 6.00 2173600
20.32 3.53 71.73 774.78 6.00 2173620
20.32 3.53 71.73 774.62 6.00 2173640
20.32 3.53 71.73 775.40 6.00 2173660
20.32 3.53 71.73 775.33 6.00 2173680
20.32 3.59 72.94 774.01 6.00 2173700
20.32 3.59 72.94 775.31 6.00 2173720
20.32 3.59 72.94 775.69 6.00 2173740
20.32 3.59 72.94 775.86 6.00 2173760
20.29 4.72 95.88 775.87 6.00 2173780
20.29 4.72 95.88 776.05 6.00 2173800
20.29 4.72 95.88 775.90 6.00 2173820
20.30 4.64 94.29 776.53 6.00 2173840
20.30 4.64 94.29 776.38 6.00 2173860
20.30 4.64 94.29 776.88 6.00 2173880
20.30 4.64 94.29 776.93 6.00 2173900
20.30 4.66 94.59 777.28 6.00 2173920
20.30 4.66 94.59 777.57 6.00 2173940
20.30 4.66 94.59 777.35 6.00 2173960
20.30 4.58 92.98 778.05 6.00 2173980
20.30 4.58 92.98 778.10 6.00 2174000
20.30 4.58 92.98 777.80 6.00 2174020
20.30 4.58 92.98 778.01 6.00 2174040
20.30 4.57 92.73 778.22 6.00 2174060
20.30 4.57 92.73 778.50 6.00 2174080
20.30 4.57 92.73 778.62 6.00 2174100
20.30 4.57 92.73 779.28 6.00 2174120
20.30 4.51 91.56 779.02 6.00 2174140
20.30 4.51 91.56 779.62 6.00 2174160
20.30 4.51 91.56 779.35 6.00 2174180
20.30 4.46 90.65 779.87 6.00 2174200
20.30 4.46 90.65 780.13 6.00 2174220
20.30 4.46 90.65 779.81 6.00 2174240
20.30 4.46 90.65 780.47 6.00 2174260
20.31 4.39 89.24 781.00 6.00 2174280
20.31 4.39 89.24 780.79 6.00 2174300
20.31 4.39 89.24 781.68 6.00 2174320
20.31 4.39 89.09 780.79 6.00 2174340
20.31 4.39 89.09 781.41 6.00 2174360
20.31 4.39 89.09 781.79 6.00 2174380
20.31 4.39 89.09 781.66 6.00 2174400
20.31 4.34 88.17 781.71 6.00 2174420
20.31 4.34 88.17 781.56 6.00 2174440
20.31 4.34 88.17 781.96 6.00 2174460
20.31 4.34 88.17 781.84 6.00 2174480
20.31 4.30 87.27 782.61 6.00 2174500
20.31 4.30 87.27 782.22 6.00 2174520
20.31 4.30 87.27 782.57 6.00 2174540
20.31 4.24 86.11 783.54 6.00 2174560
20.31 4.24 86.11 783.17 6.00 2174580
20.31 4.24 86.11 783.61 6.00 2174600
20.31 4.24 86.11 783.34 6.00 2174620
20.31 4.20 85.40 783.39 6.00 2174640
20.31 4.20 85.40 783.51 6.00 2174660
20.31 4.20 85.40 783.82 6.00 2174680
20.31 4.20 85.40 783.88 6.00 2174700
20.31 4.14 84.03 783.44 6.00 2174720
20.31 4.14 84.03 784.34 6.00 2174740
20.31 4.14 84.03 784.13 6.00 2174760
20.31 4.11 83.47 784.80 6.00 2174780
20.31 4.11 83.47 785.10 6.00 2174800
20.31 4.11 83.47 784.49 6.00 2174820
20.31 4.11 83.47 784.75 6.00 2174840
20.31 4.06 82.46 785.57 6.00 2174860
20.31 4.06 82.46 786.16 6.00 2174880
20.31 4.06 82.46 785.58 6.00 2174900
20.31 4.02 81.66 785.69 6.00 2174920
20.31 4.02 81.66 786.66 6.00 2174940
20.31 4.02 81.66 785.92 6.00 2174960
20.31 4.02 81.66 785.92 6.00 2174980
20.31 3.98 80.80 785.97 6.00 2175000
20.31 3.98 80.80 786.59 6.00 2175020
20.31 3.98 80.80 786.43 6.00 2175040
20.31 3.98 80.80 786.93 6.00 2175060
20.31 3.95 80.19 786.75 6.00 2175080
20.31 3.95 80.19 787.44 6.00 2175100
20.31 3.95 80.19 787.34 6.00 2175120
20.31 3.91 79.48 787.23 6.00 2175140
20.31 3.91 79.48 787.18 6.00 2175160
20.31 3.91 79.48 788.02 6.00 2175180
20.31 3.91 79.48 787.50 6.00 2175200
20.31 3.85 78.26 787.74 6.00 2175220
20.31 3.85 78.26 788.26 6.00 2175240
20.31 3.85 78.26 788.39 6.00 2175260
20.31 3.83 77.86 788.04 6.00 2175280
20.31 3.83 77.86 788.79 6.00 2175300
20.31 3.83 77.86 787.96 6.00 2175320
20.31 3.83 77.86 789.09 6.00 2175340
20.32 3.77 76.59 789.05 6.00 2175360
20.32 3.77 76.59 788.68 6.00 2175380
20.32 3.77 76.59 789.19 6.00 2175400
20.32 3.77 76.59 789.45 6.00 2175420
20.32 3.80 77.16 789.20 6.00 2175440
20.32 3.80 77.16 789.39 6.00 2175460
20.32 3.80 77.16 789.78 6.00 2175480
20.32 3.73 75.89 790.34 6.00 2175500
20.32 3.73 75.89 790.23 6.00 2175520
20.32 3.73 75.89 790.74 6.00 2175540
20.32 3.73 75.89 789.80 6.00 2175560
20.32 3.73 75.78 790.20 6.00 2175580
20.32 3.73 75.78 790.52 6.00 2175600
20.32 3.73 75.78 790.85 6.00 2175620
20.32 3.73 75.78 791.01 6.00 2175640
20.32 3.66 74.32 791.16 6.00 2175660
20.32 3.66 74.32 790.85 6.00 2175680
20.32 3.66 74.32 791.00 6.00 2175700
20.32 3.65 74.27 791.64 6.00 2175720
20.32 3.65 74.27 791.86 6.00 2175740
20.32 3.65 74.27 791.76 6.00 2175760
20.32 3.65 74.27 791.97 6.00 2175780
20.32 3.60 73.11 792.15 6.00 2175800
20.32 3.60 73.11 791.81 6.00 2175820
20.32 3.60 73.11 792.16 6.00 2175840
20.32 3.61 73.31 792.36 6.00 2175860
20.32 3.61 73.31 792.56 6.00 2175880
20.32 3.61 73.31 792.54 6.00 2175900
20.32 3.61 73.31 793.18 6.00 2175920
20.32 3.54 71.99 792.83 6.00 2175940
20.32 3.54 71.99 792.32 6.00 2175960
20.32 3.54 71.99 792.59 6.00 2175980
20.32 3.54 71.99 792.94 6.00 2176000
20.32 3.51 71.39 793.50 6.00 2176020
20.32 3.51 71.39 793.29 6.00 2176040
20.32 3.51 71.39 793.85 6.00 2176060
20.32 3.49 70.98 794.16 6.00 2176080
20.32 3.49 70.98 793.84 6.00 2176100
20.32 3.49 70.98 794.21 6.00 2176120
20.32 3.49 70.98 793.79 6.00 2176140
20.32 3.47 70.53 793.79 6.00 2176160
20.32 3.47 70.53 793.97 6.00 2176180
20.32 3.47 70.53 794.23 6.00 2176200
20.32 3.47 70.53 794.72 6.00 2176220
20.32 3.42 69.61 795.03 6.00 2176240
20.32 3.42 69.61 794.18 6.00 2176260
20.32 3.42 69.61 794.78 6.00 2176280
20.32 3.43 69.77 794.99 6.00 2176300
20.32 3.43 69.77 795.46 6.00 2176320
20.32 3.43 69.77 796.04 6.00 2176340
20.32 3.43 69.77 795.20 6.00 2176360
20.32 3.39 69.00 795.38 6.00 2176380
20.32 3.39 69.00 795.54 6.00 2176400
20.32 3.39 69.00 795.13 6.00 2176420
20.33 3.38 68.75 796.13 6.00 2176440
20.33 3.38 68.75 796.15 6.00 2176460
20.33 3.38 68.75 795.51 6.00 2176480
20.33 3.38 68.75 795.84 6.00 2176500
20.33 3.32 67.49 795.97 6.00 2176520
20.33 3.32 67.49 796.55 6.00 2176540
20.33 3.32 67.49 796.47 6.00 2176560
20.33 3.32 67.49 796.73 6.00 2176580
20.33 3.33 67.69 795.62 6.00 2176600
20.33 3.33 67.69 796.98 6.00 2176620
20.33 3.33 67.69 797.89 6.00 2176640
20.33 3.27 66.58 797.12 6.00 2176660
20.33 3.27 66.58 797.25 6.00 2176680
20.33 3.27 66.58 797.00 6.00 2176700
20.33 3.27 66.58 797.76 6.00 2176720
20.33 3.28 66.78 797.62 6.00 2176740
20.33 3.28 66.78 797.76 6.00 2176760
20.33 3.28 66.78 797.33 6.00 2176780
20.33 3.22 65.40 798.11 6.00 2176800
20.33 3.22 65.41 797.45 6.00 2176820
20.33 3.22 65.41 797.79 6.00 2176840
20.33 3.22 65.41 798.17 6.00 2176860
20.33 3.21 65.36 797.98 6.00 2176880
20.33 3.21 65.36 798.33 6.00 2176900
20.33 3.21 65.36 798.54 6.00 2176920
20.33 3.21 65.36 798.58 6.00 2176940
20.33 3.16 64.29 798.65 6.00 2176960
20.33 3.16 64.29 799.24 6.00 2176980
20.33 3.16 64.29 798.64 6.00 2177000
20.33 3.19 64.85 799.25 6.00 2177020
20.33 3.19 64.85 798.89 6.00 2177040
20.33 3.19 64.85 798.98 6.00 2177060
20.33 3.19 64.85 798.97 6.00 2177080
20.33 3.12 63.48 799.28 6.00 2177100
20.33 3.12 63.48 799.42 6.00 2177120
20.33 3.12 63.48 799.63 6.00 2177140
20.33 3.12 63.48 799.70 6.00 2177160
20.33 3.12 63.54 800.25 6.00 2177180
20.33 3.12 63.54 799.77 6.00 2177200
20.33 3.12 63.54 799.71 6.00 2177220
20.33 3.07 62.52 800.07 6.00 2177240
20.33 3.07 62.52 800.77 6.00 2177260
20.33 3.07 62.52 800.96 6.00 2177280
20.33 3.07 62.52 800.48 6.00 2177300
20.33 3.06 62.32 800.51 6.00 2177320
20.33 3.06 62.32 800.05 6.00 2177340
20.33 3.06 62.32 800.34 6.00 2177360
20.33 3.02 61.45 800.73 6.00 2177380
20.33 3.02 61.45 800.79 6.00 2177400
20.33 3.02 61.45 801.28 6.00 2177420
20.33 3.02 61.45 801.14 6.00 2177440
20.33 3.01 61.15 801.69 6.00 2177460
20.33 3.01 61.15 802.11 6.00 2177480
20.33 3.01 61.15 801.55 6.00 2177500
20.33 3.01 61.15 801.82 6.00 2177520
20.33 2.99 60.75 801.45 6.00 2177540
20.33 2.99 60.75 801.72 6.00 2177560
20.33 2.99 60.75 801.75 6.00 2177580
20.34 2.98 60.60 802.11 6.00 2177600
20.34 2.98 60.60 802.00 6.00 2177620
20.34 2.98 60.60 802.29 6.00 2177640
20.34 2.98 60.60 802.87 6.00 2177660
20.33 2.96 60.19 802.24 6.00 2177680
20.33 2.96 60.19 801.81 6.00 2177700
20.33 2.96 60.19 802.76 6.00 2177720
20.33 2.96 60.19 802.38 6.00 2177740
20.33 2.94 59.89 802.73 6.00 2177760
20.33 2.94 59.89 803.02 6.00 2177780
20.33 2.94 59.89 802.55 6.00 2177800
20.34 2.90 59.03 802.59 6.00 2177820
20.34 2.90 59.03 803.09 6.00 2177840
20.34 2.90 59.03 803.14 6.00 2177860
20.34 2.90 59.03 803.03 6.00 2177880
20.34 2.89 58.87 802.68 6.00 2177900
20.34 2.89 58.87 803.32 6.00 2177920
20.34 2.89 58.87 804.20 6.00 2177940
20.34 2.87 58.37 803.57 6.00 2177960
20.34 2.87 58.37 803.78 6.00 2177980
20.34 2.87 58.37 803.80 6.00 2178000
20.34 2.87 58.37 803.43 6.00 2178020
20.34 2.86 58.11 803.56 6.00 2178040
20.34 2.86 58.11 803.72 6.00 2178060
20.34 2.86 58.11 804.47 6.00 2178080
20.34 2.86 58.11 803.75 6.00 2178100
20.34 2.80 56.94 803.41 6.00 2178120
20.34 2.80 56.94 803.65 6.00 2178140
20.34 2.80 56.94 804.77 6.00 2178160
20.34 2.83 57.50 804.62 6.00 2178180
20.34 2.83 57.50 804.55 6.00 2178200
20.34 2.83 57.50 804.40 6.00 2178220
20.34 2.83 57.50 804.59 6.00 2178240
20.34 2.77 56.29 804.63 6.00 2178260
20.34 2.77 56.29 805.36 6.00 2178280
20.34 2.77 56.29 805.16 6.00 2178300
20.34 2.74 55.73 805.03 6.00 2178320
20.34 2.74 55.73 805.20 6.00 2178340
20.34 2.74 55.73 805.92 6.00 2178360
20.34 2.74 55.73 805.30 6.00 2178380
20.34 2.76 56.13 805.29 6.00 2178400
20.34 2.76 56.13 805.65 6.00 2178420
20.34 2.76 56.13 805.89 6.00 2178440
20.34 2.76 56.13 805.72 6.00 2178460
20.34 2.70 55.02 806.02 6.00 2178480
20.34 2.70 55.02 805.86 6.00 2178500
20.34 2.70 55.02 806.23 6.00 2178520
20.34 2.70 55.02 805.88 6.00 2178540
20.34 2.70 55.02 806.20 6.00 2178560
20.34 2.70 55.02 806.39 6.00 2178580
20.34 2.70 55.02 806.31 6.00 2178600
20.34 2.68 54.61 806.77 6.00 2178620
20.34 2.68 54.61 805.96 6.00 2178640
20.34 2.68 54.61 806.30 6.00 2178660
20.34 2.68 54.61 806.47 6.00 2178680
20.34 2.66 54.21 805.95 6.00 2178700
20.34 2.66 54.21 806.57 6.00 2178720
20.34 2.66 54.21 806.93 6.00 2178740
20.34 2.65 53.90 806.73 6.00 2178760
20.34 2.65 53.90 806.68 6.00 2178780
20.34 2.65 53.90 806.31 6.00 2178800
20.34 2.65 53.90 806.91 6.00 2178820
20.34 2.63 53.60 807.52 6.00 2178840
20.34 2.63 53.60 807.35 6.00 2178860
20.34 2.63 53.60 807.68 6.00 2178880
20.34 2.63 53.45 807.46 6.00 2178900
20.34 2.63 53.45 807.68 6.00 2178920
20.34 2.63 53.45 807.35 6.00 2178940
20.34 2.63 53.45 807.23 6.00 2178960
20.34 2.60 52.84 807.90 6.00 2178980
20.34 2.60 52.84 807.42 6.00 2179000
20.34 2.60 52.84 807.75 6.00 2179020
20.34 2.60 52.84 807.68 6.00 2179040
20.34 2.60 52.84 807.62 6.00 2179060
20.34 2.60 52.84 807.88 6.00 2179080
20.34 2.60 52.84 807.19 6.00 2179100
20.34 2.53 51.47 808.23 6.00 2179120
20.34 2.53 51.47 808.12 6.00 2179140
20.34 2.53 51.47 808.30 6.00 2179160
20.34 2.53 51.47 807.79 6.00 2179180
20.34 2.52 51.32 808.51 6.00 2179200
20.34 2.52 51.32 807.99 6.00 2179220
20.34 2.52 51.32 808.76 6.00 2179240
20.34 2.52 51.32 808.96 6.00 2179260
20.34 2.50 50.86 808.64 6.00 2179280
20.34 2.50 50.86 808.83 6.00 2179300
20.34 2.50 50.86 808.97 6.00 2179320
20.34 2.53 51.42 809.32 6.00 2179340
20.34 2.53 51.42 808.67 6.00 2179360
20.34 2.53 51.42 809.01 6.00 2179380
20.34 2.53 51.42 808.85 6.00 2179400
20.34 2.47 50.30 808.97 6.00 2179420
20.34 2.47 50.30 809.24 6.00 2179440
20.34 2.47 50.30 808.75 6.00 2179460
20.34 2.48 50.55 808.78 6.00 2179480
20.34 2.48 50.55 809.51 6.00 2179500
20.34 2.48 50.55 809.20 6.00 2179520
20.34 2.48 50.55 809.07 6.00 2179540
20.34 2.47 50.20 810.01 6.00 2179560
20.34 2.47 50.20 808.92 6.00 2179580
20.34 2.47 50.20 809.49 6.00 2179600
20.34 2.47 50.20 809.49 6.00 2179620
20.34 2.45 49.90 810.39 6.00 2179640
20.34 2.45 49.90 809.74 6.00 2179660
20.34 2.45 49.90 810.80 6.00 2179680
20.35 2.41 49.09 809.24 6.00 2179700
20.35 2.41 49.09 809.90 6.00 2179720
20.35 2.41 49.09 810.01 6.00 2179740
20.35 2.41 49.09 810.38 6.00 2179760
20.35 2.38 48.53 810.22 6.00 2179780
20.35 2.38 48.53 809.90 6.00 2179800
20.35 2.38 48.53 810.58 6.00 2179820
20.35 2.40 48.83 810.08 6.00 2179840
20.35 2.40 48.83 810.53 6.00 2179860
20.35 2.40 48.83 810.46 6.00 2179880
20.35 2.40 48.83 810.90 6.00 2179900
20.35 2.36 47.97 810.79 6.00 2179920
20.35 2.36 47.97 810.44 6.00 2179940
20.35 2.36 47.97 810.66 6.00 2179960
20.35 2.36 47.97 811.35 6.00 2179980
20.35 2.35 47.86 810.59 6.00 2180000
20.35 2.35 47.86 810.21 6.00 2180020
20.35 2.35 47.86 810.65 6.00 2180040
20.35 2.33 47.46 810.38 6.00 2180060
20.35 2.33 47.46 811.59 6.00 2180080
20.35 2.33 47.46 810.96 6.00 2180100
20.35 2.33 47.46 810.85 6.00 2180120
20.35 2.33 47.46 810.73 6.00 2180140
20.35 2.33 47.46 811.79 6.00 2180160
20.35 2.33 47.46 811.34 6.00 2180180
20.35 2.33 47.46 811.32 6.00 2180200
20.35 2.32 47.16 811.70 6.00 2180220
20.35 2.32 47.16 811.55 6.00 2180240
20.35 2.32 47.16 811.67 6.00 2180260
20.35 2.29 46.70 812.34 6.00 2180280
20.35 2.29 46.70 811.69 6.00 2180300
20.35 2.29 46.70 811.79 6.00 2180320
20.35 2.29 46.70 811.48 6.00 2180340
20.35 2.28 46.35 811.18 6.00 2180360
20.35 2.28 46.35 812.24 6.00 2180380
20.35 2.28 46.35 811.40 6.00 2180400
20.35 2.27 46.29 811.55 6.00 2180420
20.35 2.27 46.29 811.51 6.00 2180440
20.35 2.27 46.29 811.81 6.00 2180460
20.35 2.27 46.29 812.28 6.00 2180480
20.35 2.24 45.53 812.14 6.00 2180500
20.35 2.24 45.53 813.26 6.00 2180520
20.35 2.24 45.53 812.36 6.00 2180540
20.35 2.24 45.53 812.24 6.00 2180560
20.35 2.23 45.43 812.51 6.00 2180580
20.35 2.23 45.43 812.44 6.00 2180600
20.35 2.23 45.43 812.39 6.00 2180620
20.35 2.26 46.04 812.73 6.00 2180640
20.35 2.26 46.04 812.05 6.00 2180660
20.35 2.26 46.04 812.26 6.00 2180680
20.35 2.26 46.04 812.96 6.00 2180700
20.35 2.18 44.36 812.84 6.00 2180720
20.35 2.18 44.36 812.09 6.00 2180740
20.35 2.18 44.36 813.68 6.00 2180760
20.35 2.18 44.36 812.96 6.00 2180780
20.35 2.20 44.77 812.88 6.00 2180800
20.35 2.20 44.77 812.24 6.00 2180820
20.35 2.20 44.77 813.04 6.00 2180840
20.35 2.21 44.92 813.22 6.00 2180860
20.35 2.21 44.92 813.45 6.00 2180880
20.35 2.21 44.92 813.01 6.00 2180900
20.35 2.21 44.92 813.10 6.00 2180920
20.35 2.20 44.87 813.56 6.00 2180940
20.35 2.20 44.87 813.67 6.00 2180960
20.35 2.20 44.87 813.10 6.00 2180980
20.35 2.18 44.31 814.18 6.00 2181000
20.35 2.18 44.31 813.40 6.00 2181020
20.35 2.18 44.31 813.79 6.00 2181040
20.35 2.18 44.31 814.82 6.00 2181060
20.35 2.14 43.55 813.89 6.00 2181080
20.35 2.14 43.55 813.82 6.00 2181100
20.35 2.14 43.55 813.02 6.00 2181120
20.35 2.14 43.55 813.66 6.00 2181140
20.35 2.14 43.61 814.19 6.00 2181160
20.35 2.14 43.61 813.42 6.00 2181180
20.35 2.14 43.61 813.59 6.00 2181200
20.35 2.13 43.35 814.38 6.00 2181220
20.35 2.13 43.35 814.85 6.00 2181240
20.35 2.13 43.35 813.99 6.00 2181260
20.35 2.13 43.35 814.27 6.00 2181280
20.35 2.12 43.20 814.63 6.00 2181300
20.35 2.12 43.20 814.62 6.00 2181320
20.35 2.12 43.20 814.39 6.00 2181340
20.35 2.10 42.79 814.42 6.00 2181360
20.35 2.10 42.79 814.41 6.00 2181380
20.35 2.10 42.79 813.93 6.00 2181400
20.35 2.10 42.79 814.89 6.00 2181420
20.35 2.10 42.74 814.04 6.00 2181440
20.35 2.10 42.74 814.01 6.00 2181460
20.35 2.10 42.74 814.93 6.00 2181480
20.35 2.10 42.74 814.98 6.00 2181500
20.35 2.07 42.08 814.63 6.00 2181520
20.35 2.07 42.08 814.80 6.00 2181540
20.35 2.07 42.08 815.17 6.00 2181560
20.35 2.05 41.78 814.77 6.00 2181580
20.35 2.05 41.78 815.79 6.00 2181600
20.35 2.05 41.78 815.16 6.00 2181620
20.35 2.05 41.78 814.98 6.00 2181640
20.35 2.05 41.73 814.87 6.00 2181660
20.35 2.05 41.73 814.76 6.00 2181680
20.35 2.05 41.73 815.10 6.00 2181700
20.35 2.05 41.73 815.42 6.00 2181720
20.35 2.06 41.93 815.06 6.00 2181740
20.35 2.06 41.93 815.96 6.00 2181760
20.35 2.06 41.93 815.87 6.00 2181780
20.35 1.99 40.46 815.90 6.00 2181800
20.35 1.99 40.46 815.45 6.00 2181820
20.35 1.99 40.46 814.95 6.00 2181840
20.35 1.99 40.46 816.48 6.00 2181860
20.35 2.02 41.17 815.27 6.00 2181880
20.35 2.02 41.17 815.31 6.00 2181900
20.35 2.02 41.17 815.75 6.00 2181920
20.36 1.97 40.15 815.45 6.00 2181940
20.36 1.97 40.15 815.55 6.00 2181960
20.36 1.97 40.15 815.83 6.00 2181980
20.36 1.97 40.15 815.48 6.00 2182000
20.35 1.98 40.40 815.67 6.00 2182020
20.35 1.98 40.40 815.57 6.00 2182040
20.35 1.98 40.40 815.96 6.00 2182060
20.35 1.98 40.40 815.93 6.00 2182080
20.36 1.95 39.69 816.25 6.00 2182100
20.36 1.95 39.69 815.88 6.00 2182120
20.36 1.95 39.69 815.96 6.00 2182140
20.36 1.99 40.46 816.30 6.00 2182160
20.36 1.99 40.46 815.63 6.00 2182180
20.36 1.99 40.46 815.74 6.00 2182200
20.36 1.99 40.46 816.08 6.00 2182220
20.36 1.93 39.24 816.43 6.00 2182240
20.36 1.93 39.24 816.57 6.00 2182260
20.36 1.93 39.24 816.47 6.00 2182280
20.36 1.93 39.24 816.35 6.00 2182300
20.36 1.93 39.29 816.03 6.00 2182320
20.36 1.93 39.29 816.32 6.00 2182340
20.36 1.93 39.29 816.54 6.00 2182360
20.36 1.93 39.29 816.72 6.00 2182380
20.36 1.93 39.29 816.66 6.00 2182400
20.36 1.93 39.29 816.05 6.00 2182420
20.36 1.93 39.29 816.20 6.00 2182440
20.35 1.94 39.54 816.40 6.00 2182460
20.35 1.94 39.54 816.52 6.00 2182480
20.35 1.94 39.54 816.82 6.00 2182500
20.36 1.90 38.68 816.55 6.00 2182520
20.36 1.90 38.68 816.63 6.00 2182540
20.36 1.90 38.68 817.00 6.00 2182560
20.36 1.90 38.68 816.57 6.00 2182580
20.36 1.90 38.78 816.72 6.00 2182600
20.36 1.90 38.78 817.56 6.00 2182620
20.36 1.90 38.78 816.42 6.00 2182640
20.36 1.90 38.78 817.31 6.00 2182660
20.36 1.88 38.22 816.68 6.00 2182680
20.36 1.88 38.22 817.35 6.00 2182700
20.36 1.88 38.22 816.84 6.00 2182720
20.36 1.90 38.78 817.09 6.00 2182740
20.36 1.90 38.78 817.36 6.00 2182760
20.36 1.90 38.78 816.94 6.00 2182780
20.36 1.90 38.78 816.99 6.00 2182800
20.36 1.84 37.41 817.05 6.00 2182820
20.36 1.84 37.41 817.66 6.00 2182840
20.36 1.84 37.41 817.45 6.00 2182860
20.36 1.93 39.24 817.05 6.00 2182880
20.36 1.93 39.24 817.29 6.00 2182900
20.36 1.93 39.24 817.56 6.00 2182920
20.36 1.93 39.24 817.74 6.00 2182940
20.36 1.83 37.31 816.98 6.00 2182960
20.36 1.83 37.31 816.42 6.00 2182980
20.36 1.83 37.31 817.23 6.00 2183000
20.36 1.83 37.31 817.15 6.00 2183020
20.36 1.84 37.56 817.65 6.00 2183040
20.36 1.84 37.56 817.07 6.00 2183060
20.36 1.84 37.56 817.51 6.00 2183080
20.36 1.81 36.95 817.84 6.00 2183100
20.36 1.81 36.95 817.73 6.00 2183120
20.36 1.81 36.95 817.86 6.00 2183140
20.36 1.81 36.95 817.72 6.00 2183160
20.36 1.84 37.41 817.45 6.00 2183180
20.36 1.84 37.41 818.12 6.00 2183200
20.36 1.84 37.41 816.93 6.00 2183220
20.36 1.84 37.41 818.25 6.00 2183240
20.36 1.84 37.46 818.03 6.00 2183260
20.36 1.84 37.46 818.15 6.00 2183280
20.36 1.84 37.46 817.92 6.00 2183300
20.36 1.86 37.82 818.26 6.00 2183320
20.36 1.86 37.82 818.73 6.00 2183340
20.36 1.86 37.82 818.13 6.00 2183360
20.36 1.86 37.82 817.91 6.00 2183380
20.36 1.78 36.24 818.24 6.00 2183400
20.36 1.78 36.24 818.02 6.00 2183420
20.36 1.78 36.24 818.68 6.00 2183440
20.36 1.80 36.75 817.78 6.00 2183460
20.36 1.80 36.75 818.09 6.00 2183480
20.36 1.80 36.75 818.30 6.00 2183500
20.36 1.80 36.75 817.49 6.00 2183520
20.36 1.76 35.83 818.59 6.00 2183540
20.36 1.76 35.83 818.35 6.00 2183560
20.36 1.76 35.83 818.29 6.00 2183580
20.36 1.76 35.83 818.33 6.00 2183600
20.36 1.80 36.65 818.69 6.00 2183620
20.36 1.80 36.65 818.77 6.00 2183640
20.36 1.80 36.65 818.87 6.00 2183660
20.36 1.73 35.28 818.70 6.00 2183680
20.36 1.73 35.28 818.53 6.00 2183700
20.36 1.73 35.28 818.59 6.00 2183720
20.36 1.73 35.28 818.54 6.00 2183740
20.36 1.80 36.59 818.49 6.00 2183760
20.36 1.80 36.59 818.89 6.00 2183780
20.36 1.80 36.59 819.17 6.00 2183800
20.36 1.80 36.59 819.05 6.00 2183820
20.36 1.71 34.76 818.50 6.00 2183840
20.36 1.71 34.76 819.07 6.00 2183860
20.36 1.71 34.76 818.42 6.00 2183880
20.36 1.80 36.65 818.68 6.00 2183900
20.36 1.80 36.65 819.21 6.00 2183920
20.36 1.80 36.65 818.43 6.00 2183940
20.36 1.80 36.65 818.98 6.00 2183960
20.36 1.74 35.53 818.97 6.00 2183980
20.36 1.74 35.53 818.49 6.00 2184000
20.36 1.74 35.53 819.05 6.00 2184020
20.36 1.75 35.68 819.09 6.00 2184040
20.36 1.75 35.68 819.35 6.00 2184060
20.36 1.75 35.68 818.83 6.00 2184080
20.36 1.75 35.68 819.52 6.00 2184100
20.36 1.72 35.12 818.61 6.00 2184120
20.36 1.72 35.12 818.78 6.00 2184140
20.36 1.72 35.12 819.07 6.00 2184160
20.36 1.72 35.12 819.36 6.00 2184180
20.36 1.74 35.43 819.00 6.00 2184200
20.36 1.74 35.43 819.06 6.00 2184220
20.36 1.74 35.43 819.64 6.00 2184240
20.36 1.71 34.77 819.36 6.00 2184260
20.36 1.71 34.77 818.94 6.00 2184280
20.36 1.71 34.77 818.88 6.00 2184300
20.36 1.71 34.77 819.62 6.00 2184320
20.36 1.71 34.92 820.15 6.00 2184340
20.36 1.71 34.92 819.73 6.00 2184360
20.36 1.71 34.92 819.62 6.00 2184380
20.36 1.73 35.17 818.91 6.00 2184400
20.36 1.73 35.17 819.38 6.00 2184420
20.36 1.73 35.17 819.05 6.00 2184440
20.36 1.73 35.17 819.12 6.00 2184460
20.36 1.68 34.21 819.67 6.00 2184480
20.36 1.68 34.21 819.57 6.00 2184500
20.36 1.68 34.21 819.19 6.00 2184520
20.36 1.68 34.21 819.75 6.00 2184540
20.36 1.70 34.72 819.27 6.00 2184560
20.36 1.70 34.72 819.63 6.00 2184580
20.36 1.70 34.72 820.05 6.00 2184600
20.36 1.65 33.70 820.09 6.00 2184620
20.36 1.65 33.70 820.19 6.00 2184640
20.36 1.65 33.70 819.81 6.00 2184660
20.36 1.65 33.70 819.18 6.00 2184680
20.36 1.69 34.41 820.31 6.00 2184700
20.36 1.69 34.41 819.31 6.00 2184720
20.36 1.69 34.41 819.93 6.00 2184740
20.36 1.69 34.41 819.97 6.00 2184760
20.36 1.70 34.56 819.92 6.00 2184780
20.36 1.70 34.56 819.68 6.00 2184800
20.36 1.70 34.56 819.74 6.00 2184820
20.36 1.65 33.55 820.18 6.00 2184840
20.36 1.65 33.55 820.01 6.00 2184860
20.36 1.65 33.55 820.18 6.00 2184880
20.36 1.65 33.55 819.96 6.00 2184900
20.36 1.65 33.70 820.48 6.00 2184920
20.36 1.65 33.70 820.75 6.00 2184940
20.36 1.65 33.70 820.00 6.00 2184960
20.36 1.67 33.95 820.66 6.00 2184980
20.36 1.67 33.95 821.18 6.00 2185000
20.36 1.67 33.95 820.42 6.00 2185020
20.36 1.67 33.95 820.15 6.00 2185040
20.36 1.65 33.55 820.29 6.00 2185060
20.36 1.65 33.55 820.17 6.00 2185080
20.36 1.65 33.55 820.85 6.00 2185100
20.36 1.65 33.55 820.54 6.00 2185120
20.36 1.62 33.04 820.37 6.00 2185140
20.36 1.62 33.04 820.58 6.00 2185160
20.36 1.62 33.04 820.54 6.00 2185180
20.36 1.69 34.41 820.13 6.00 2185200
20.36 1.69 34.41 819.84 6.00 2185220
20.36 1.69 34.41 820.60 6.00 2185240
20.36 1.69 34.41 820.83 6.00 2185260
20.36 1.66 33.75 820.19 6.00 2185280
20.36 1.66 33.75 820.85 6.00 2185300
20.36 1.66 33.75 820.68 6.00 2185320
20.36 1.61 32.73 820.76 6.00 2185340
20.36 1.61 32.73 820.51 6.00 2185360
20.36 1.61 32.73 821.11 6.00 2185380
20.36 1.61 32.73 820.65 6.00 2185400
20.36 1.62 32.99 820.36 6.00 2185420
20.36 1.62 32.99 820.69 6.00 2185440
20.36 1.62 32.99 820.86 6.00 2185460
20.36 1.62 32.99 820.76 6.00 2185480
20.36 1.63 33.19 821.23 6.00 2185500
20.36 1.63 33.19 821.16 6.00 2185520
20.36 1.63 33.19 820.66 6.00 2185540
20.36 1.59 32.48 820.78 6.00 2185560
20.36 1.59 32.48 820.84 6.00 2185580
20.36 1.59 32.48 821.40 6.00 2185600
20.36 1.59 32.48 820.83 6.00 2185620
20.36 1.63 33.29 821.04 6.00 2185640
20.36 1.63 33.29 821.07 6.00 2185660
20.36 1.63 33.29 820.91 6.00 2185680
20.36 1.63 33.29 820.92 6.00 2185700
20.36 1.60 32.53 820.61 6.00 2185720
20.36 1.60 32.53 821.00 6.00 2185740
20.36 1.60 32.53 820.65 6.00 2185760
20.36 1.60 32.58 821.00 6.00 2185780
20.36 1.60 32.58 821.12 6.00 2185800
20.36 1.60 32.58 820.75 6.00 2185820
20.36 1.60 32.58 820.97 6.00 2185840
20.36 1.61 32.83 820.82 6.00 2185860
20.36 1.61 32.83 821.04 6.00 2185880
20.36 1.61 32.83 820.74 6.00 2185900
20.37 1.53 31.11 821.16 6.00 2185920
20.37 1.53 31.11 821.42 6.00 2185940
20.37 1.53 31.11 821.21 6.00 2185960
20.37 1.53 31.11 820.28 6.00 2185980
20.36 1.59 32.38 820.85 6.00 2186000
20.36 1.59 32.38 821.04 6.00 2186020
20.36 1.59 32.38 820.36 6.00 2186040
20.36 1.59 32.38 821.56 6.00 2186060
20.36 1.61 32.73 822.04 6.00 2186080
20.36 1.61 32.73 821.21 6.00 2186100
20.36 1.61 32.73 821.41 6.00 2186120
20.36 1.60 32.63 821.34 6.00 2186140
20.36 1.60 32.63 821.23 6.00 2186160
20.36 1.60 32.63 821.51 6.00 2186180
20.36 1.60 32.63 821.37 6.00 2186200
20.36 1.57 31.92 821.31 6.00 2186220
20.36 1.57 31.92 821.65 6.00 2186240
20.36 1.57 31.92 822.01 6.00 2186260
20.36 1.57 31.92 820.80 6.00 2186280
20.36 1.59 32.43 821.81 6.00 2186300
20.36 1.59 32.43 821.49 6.00 2186320
20.36 1.59 32.43 820.70 6.00 2186340
20.36 1.54 31.41 821.52 6.00 2186360
20.36 1.54 31.41 821.29 6.00 2186380
20.36 1.54 31.41 821.39 6.00 2186400
20.36 1.54 31.41 821.81 6.00 2186420
20.36 1.61 32.78 821.54 6.00 2186440
20.36 1.61 32.78 821.64 6.00 2186460
20.36 1.61 32.78 821.75 6.00 2186480
20.36 1.52 30.90 820.77 6.00 2186500
20.36 1.52 30.90 822.02 6.00 2186520
20.36 1.52 30.90 821.86 6.00 2186540
20.36 1.52 30.90 821.93 6.00 2186560
20.36 1.64 33.39 821.75 6.00 2186580
20.36 1.64 33.39 821.73 6.00 2186600
20.36 1.64 33.39 821.20 6.00 2186620
20.36 1.64 33.39 821.25 6.00 2186640
20.36 1.52 31.01 821.78 6.00 2186660
20.36 1.52 31.01 821.61 6.00 2186680
20.36 1.52 31.01 822.23 6.00 2186700
20.36 1.55 31.67 822.06 6.00 2186720
20.36 1.55 31.67 821.84 6.00 2186740
20.36 1.55 31.67 821.37 6.00 2186760
20.36 1.55 31.67 821.65 6.00 2186780
20.36 1.50 30.65 822.30 6.00 2186800
20.36 1.50 30.65 821.63 6.00 2186820
20.36 1.50 30.65 821.83 6.00 2186840
20.36 1.52 30.95 822.57 6.00 2186860
20.36 1.52 30.95 822.13 6.00 2186880
20.36 1.52 30.95 822.21 6.00 2186900
20.36 1.52 30.95 821.59 6.00 2186920
20.36 1.54 31.41 822.14 6.00 2186940
20.36 1.54 31.41 822.20 6.00 2186960
20.36 1.54 31.41 822.37 6.00 2186980
20.36 1.54 31.41 822.19 6.00 2187000
20.36 1.52 30.95 823.00 6.00 2187020
20.36 1.52 30.95 822.29 6.00 2187040
20.36 1.52 30.95 822.04 6.00 2187060
20.36 1.54 31.31 822.59 6.00 2187080
20.36 1.54 31.31 822.40 6.00 2187100
20.36 1.54 31.31 822.18 6.00 2187120
20.36 1.54 31.31 821.81 6.00 2187140
20.36 1.54 31.31 822.29 6.00 2187160
20.36 1.54 31.31 821.90 6.00 2187180
20.36 1.54 31.31 821.96 6.00 2187200
20.36 1.54 31.31 822.19 6.00 2187220
20.37 1.50 30.60 822.44 6.00 2187240
20.37 1.50 30.60 822.59 6.00 2187260
20.37 1.50 30.60 822.64 6.00 2187280
20.36 1.52 31.01 822.11 6.00 2187300
20.36 1.52 31.01 823.37 6.00 2187320
20.36 1.52 31.01 822.14 6.00 2187340
20.36 1.52 31.01 822.39 6.00 2187360
20.36 1.54 31.46 821.84 6.00 2187380
20.36 1.54 31.46 821.73 6.00 2187400
20.36 1.54 31.46 821.94 6.00 2187420
20.36 1.51 30.75 822.27 6.00 2187440
20.36 1.51 30.75 822.30 6.00 2187460
20.36 1.51 30.75 822.22 6.00 2187480
20.36 1.51 30.75 822.73 6.00 2187500
20.36 1.50 30.55 822.39 6.00 2187520
20.36 1.50 30.55 821.76 6.00 2187540
20.36 1.50 30.55 822.42 6.00 2187560
20.36 1.50 30.55 822.09 6.00 2187580
20.36 1.52 30.95 822.17 6.00 2187600
20.36 1.52 30.95 822.45 6.00 2187620
20.36 1.52 30.95 822.61 6.00 2187640
20.36 1.49 30.34 822.18 6.00 2187660
20.36 1.49 30.34 822.32 6.00 2187680
20.36 1.49 30.34 823.12 6.00 2187700
20.36 1.49 30.34 822.05 6.00 2187720
20.36 1.51 30.85 822.53 6.00 2187740
20.36 1.51 30.85 822.71 6.00 2187760
20.36 1.51 30.85 821.74 6.00 2187780
20.36 1.51 30.85 822.76 6.00 2187800
20.36 1.51 30.85 823.21 6.00 2187820
20.36 1.51 30.85 822.91 6.00 2187840
20.36 1.51 30.85 822.54 6.00 2187860
20.37 1.48 30.14 822.73 6.00 2187880
20.37 1.48 30.14 823.56 6.00 2187900
20.37 1.48 30.14 822.28 6.00 2187920
20.37 1.48 30.14 822.62 6.00 2187940
20.36 1.48 30.14 822.33 6.00 2187960
20.36 1.48 30.14 822.92 6.00 2187980
20.36 1.48 30.14 822.79 6.00 2188000
20.37 1.48 30.09 823.01 6.00 2188020
20.37 1.48 30.09 823.01 6.00 2188040
20.37 1.48 30.09 822.06 6.00 2188060
20.37 1.48 30.09 823.05 6.00 2188080
20.36 1.49 30.39 822.79 6.00 2188100
20.36 1.49 30.39 823.32 6.00 2188120
20.36 1.49 30.39 822.59 6.00 2188140
20.36 1.49 30.39 823.09 6.00 2188160
20.37 1.45 29.48 822.66 6.00 2188180
20.37 1.45 29.48 823.14 6.00 2188200
20.37 1.45 29.48 823.08 6.00 2188220
20.36 1.49 30.45 823.44 6.00 2188240
20.36 1.49 30.45 822.45 6.00 2188260
20.36 1.49 30.45 822.86 6.00 2188280
20.36 1.49 30.45 822.27 6.00 2188300
20.37 1.46 29.84 822.67 6.00 2188320
20.37 1.46 29.84 823.12 6.00 2188340
20.37 1.46 29.84 823.46 6.00 2188360
20.37 1.47 29.89 823.00 6.00 2188380
20.37 1.47 29.89 823.18 6.00 2188400
20.37 1.47 29.89 822.35 6.00 2188420
20.37 1.47 29.89 822.72 6.00 2188440
20.37 1.42 29.02 823.87 6.00 2188460
20.37 1.42 29.02 822.74 6.00 2188480
20.37 1.42 29.02 822.71 6.00 2188500
20.37 1.42 29.02 822.82 6.00 2188520
20.37 1.44 29.43 823.29 6.00 2188540
20.37 1.44 29.43 823.83 6.00 2188560
20.37 1.44 29.43 823.73 6.00 2188580
20.37 1.45 29.58 823.18 6.00 2188600
20.37 1.45 29.58 823.12 6.00 2188620
20.37 1.45 29.58 822.94 6.00 2188640
20.37 1.45 29.58 823.17 6.00 2188660
20.36 1.46 29.78 823.45 6.00 2188680
20.36 1.46 29.78 822.97 6.00 2188700
20.36 1.46 29.78 822.59 6.00 2188720
20.36 1.46 29.78 823.00 6.00 2188740
20.37 1.45 29.53 823.56 6.00 2188760
20.37 1.45 29.53 822.86 6.00 2188780
20.37 1.45 29.53 823.45 6.00 2188800
20.36 1.48 30.24 823.52 6.00 2188820
20.36 1.48 30.24 823.16 6.00 2188840
20.36 1.48 30.24 823.11 6.00 2188860
20.36 1.48 30.24 824.56 6.00 2188880
20.37 1.39 28.41 823.61 6.00 2188900
20.37 1.39 28.41 823.08 6.00 2188920
20.37 1.39 28.41 823.14 6.00 2188940
20.36 1.46 29.83 823.25 6.00 2188960
20.36 1.46 29.83 823.01 6.00 2188980
20.36 1.46 29.83 823.94 6.00 2189000
20.36 1.46 29.83 823.12 6.00 2189020
20.37 1.42 28.87 823.18 6.00 2189040
20.37 1.42 28.87 823.64 6.00 2189060
20.37 1.42 28.87 823.14 6.00 2189080
20.37 1.42 28.87 822.90 6.00 2189100
20.36 1.47 29.99 823.84 6.00 2189120
20.36 1.47 29.99 822.93 6.00 2189140
20.36 1.47 29.99 822.91 6.00 2189160
20.37 1.43 29.07 823.51 6.00 2189180
20.37 1.43 29.07 823.72 6.00 2189200
20.37 1.43 29.07 823.72 6.00 2189220
20.37 1.43 29.07 823.38 6.00 2189240
20.37 1.43 29.07 823.67 6.00 2189260
20.37 1.43 29.07 823.06 6.00 2189280
20.37 1.43 29.07 823.73 6.00 2189300
20.37 1.43 29.07 823.26 6.00 2189320
20.40 0.75 15.25 823.43 6.00 2189340
20.40 0.75 15.25 823.24 6.00 2189360
20.40 0.75 15.25 823.07 6.00 2189380
20.40 0.01 0.25 823.47 6.00 2189400
20.40 0.01 0.25 822.70 6.00 2189420
20.40 0.01 0.25 823.58 6.00 2189440
20.40 0.01 0.25 822.40 6.00 2189460
20.40 0.01 0.25 823.10 6.00 2189480
20.40 0.01 0.25 822.93 6.00 2189500
20.40 0.01 0.25 823.07 6.00 2189520
20.40 0.01 0.25 823.30 6.00 2189540
20.40 0.01 0.25 822.62 6.00 2189560
20.40 0.01 0.25 823.00 6.00 2189580
20.40 0.01 0.25 822.65 6.00 2189600
20.40 0.01 0.25 821.85 6.00 2189620
20.40 0.01 0.25 822.72 6.00 2189640
20.40 0.01 0.25 822.49 6.00 2189660
20.40 0.01 0.25 822.84 6.00 2189680
20.40 0.01 0.25 822.14 6.00 2189700
20.40 0.01 0.25 821.82 6.00 2189720
20.40 0.01 0.25 822.44 6.00 2189740
20.40 0.01 0.25 822.02 6.00 2189760
20.40 0.01 0.25 822.30 6.00 2189780
20.40 0.01 0.25 821.81 6.00 2189800
20.40 0.01 0.25 821.66 6.00 2189820
20.40 0.01 0.31 822.04 6.00 2189840
20.40 0.01 0.31 822.03 6.00 2189860
20.40 0.01 0.31 821.90 6.00 2189880
20.40 0.01 0.25 821.58 6.00 2189900
20.40 0.01 0.25 822.62 6.00 2189920
20.40 0.01 0.25 821.39 6.00 2189940
20.40 0.01 0.25 821.23 6.00 2189960
20.40 0.01 0.25 820.30 6.00 2189980
20.40 0.01 0.25 821.46 6.00 2190000
20.40 0.01 0.25 821.01 6.00 2190020
20.40 0.01 0.25 821.61 6.00 2190040
20.40 0.01 0.25 821.38 6.00 2190060
20.40 0.01 0.25 821.61 6.00 2190080
20.40 0.01 0.25 821.12 6.00 2190100
20.40 0.01 0.25 821.06 6.00 2190120
20.40 0.01 0.25 821.51 6.00 2190140
20.40 0.01 0.25 820.49 6.00 2190160
20.40 0.01 0.25 820.88 6.00 2190180
20.40 0.02 0.36 820.69 6.00 2190200
20.40 0.02 0.36 820.85 6.00 2190220
20.40 0.02 0.36 820.49 6.00 2190240
20.40 0.02 0.36 820.55 6.00 2190260
20.40 0.02 0.36 820.88 6.00 2190280
20.40 0.02 0.36 820.38 6.00 2190300
20.40 0.02 0.36 820.34 6.00 2190320
20.40 0.02 0.36 820.15 6.00 2190340
20.40 0.02 0.36 820.43 6.00 2190360
20.40 0.02 0.36 820.75 6.00 2190380
20.40 0.02 0.36 820.57 6.00 2190400
20.40 0.02 0.36 819.87 6.00 2190420
20.40 0.02 0.36 819.46 6.00 2190440
20.40 0.02 0.36 820.08 6.00 2190460
20.40 0.02 0.36 819.78 6.00 2190480
20.40 0.02 0.36 819.25 6.00 2190500
20.40 0.02 0.36 819.56 6.00 2190520
20.40 0.02 0.36 819.73 6.00 2190540
20.40 0.02 0.36 819.63 6.00 2190560
20.40 0.02 0.36 819.52 6.00 2190580
20.40 0.02 0.36 819.58 6.00 2190600
20.40 0.02 0.36 819.91 6.00 2190620
20.40 0.02 0.36 819.46 6.00 2190640
20.40 0.02 0.36 819.17 6.00 2190660
20.40 0.02 0.36 819.22 6.00 2190680
20.40 0.02 0.36 819.38 6.00 2190700
