20.05 0.02 0.35 0.00 0.89 48100
20.05 0.02 0.35 0.00 0.89 48120
20.05 0.02 0.35 0.00 0.89 48140
20.05 0.02 0.35 0.00 0.89 48160
20.05 0.02 0.35 0.00 0.89 48180
20.05 0.02 0.35 0.00 0.89 48200
20.05 0.02 0.35 0.00 0.89 48220
20.05 0.02 0.35 0.00 0.89 48240
20.05 0.02 0.35 0.00 0.89 48260
20.05 0.02 0.35 0.00 0.89 48280
20.05 0.02 0.35 0.00 0.89 52230
20.05 0.02 0.35 0.00 0.89 52250
20.05 0.02 0.35 0.00 0.89 52270
20.05 0.02 0.35 0.00 0.89 52290
20.05 0.02 0.35 0.00 0.89 52310
20.05 0.02 0.35 0.00 0.89 52330
20.05 0.02 0.35 0.00 0.89 52350
20.05 0.02 0.35 0.00 0.89 52370
20.05 0.02 0.35 0.00 0.89 52390
20.05 0.02 0.35 0.00 0.89 52410
20.05 0.02 0.35 0.00 0.89 52430
20.05 0.02 0.35 0.00 0.89 52450
20.05 0.02 0.35 0.00 0.89 52470
20.05 0.02 0.35 0.00 0.89 52490
20.05 0.02 0.35 0.00 0.89 52510
20.05 0.02 0.35 0.00 0.89 52530
20.05 0.02 0.35 0.00 0.89 52550
20.05 0.02 0.35 0.00 0.89 52570
20.05 0.02 0.35 0.00 0.89 52590
20.05 0.02 0.35 0.00 0.89 52610
20.05 0.02 0.35 0.00 0.89 52630
20.05 0.02 0.35 0.00 0.89 52650
20.05 0.02 0.35 0.00 0.89 52670
20.05 0.02 0.35 0.00 0.89 52690
20.05 0.02 0.35 0.00 0.89 52710
20.05 0.02 0.35 0.00 0.89 52730
20.05 0.02 0.35 0.00 0.89 52750
20.05 0.02 0.35 0.00 0.89 52770
20.05 0.02 0.35 0.00 0.89 52790
20.05 0.02 0.35 0.00 0.89 52810
20.05 0.02 0.35 0.00 0.89 52830
20.05 0.02 0.35 0.00 0.89 52850
20.05 0.02 0.35 0.00 0.89 52870
20.05 0.02 0.35 0.00 0.89 52890
20.05 0.02 0.35 0.00 0.89 52910
20.05 0.02 0.35 0.00 0.89 52930
20.05 0.02 0.35 0.00 0.89 52950
20.05 0.02 0.35 0.00 0.89 52970
20.05 0.02 0.35 0.00 0.89 52990
20.05 0.02 0.35 0.00 0.89 53010
20.05 0.02 0.35 0.00 0.89 53030
20.05 0.02 0.35 0.00 0.89 53050
20.05 0.02 0.35 0.00 0.89 53070
20.05 0.02 0.35 0.00 0.89 53090
20.05 0.02 0.35 0.00 0.89 53110
20.05 0.02 0.35 0.00 0.89 53130
20.05 0.02 0.35 0.00 0.89 53150
20.05 0.02 0.35 0.00 0.89 53170
20.05 0.02 0.35 0.00 0.89 53190
20.05 0.02 0.35 0.00 0.89 53210
20.05 0.02 0.35 0.00 0.89 53230
20.05 0.02 0.35 0.00 0.89 53250
20.05 0.02 0.35 0.00 0.89 53270
20.05 0.02 0.35 0.00 0.89 53290
20.05 0.02 0.35 0.00 0.89 53310
20.05 0.02 0.35 0.00 0.89 53330
20.05 0.02 0.35 0.00 0.89 53350
20.05 0.02 0.35 0.00 0.89 53370
20.05 0.02 0.35 0.00 0.89 53390
20.05 0.02 0.35 0.00 0.89 53410
20.05 0.02 0.35 0.00 0.89 53430
20.05 0.02 0.35 0.00 0.89 53450
20.05 0.02 0.35 0.00 0.89 53470
20.05 0.02 0.35 0.00 0.89 53490
20.05 0.02 0.35 0.00 0.89 53510
20.05 0.02 0.35 0.00 0.89 53530
20.05 0.02 0.35 0.00 0.89 53550
20.05 0.02 0.35 0.00 0.89 53570
20.05 0.02 0.35 0.00 0.89 53590
20.05 0.02 0.35 0.00 0.89 53610
20.05 0.02 0.35 0.00 0.89 53630
20.05 0.02 0.35 0.00 0.89 53650
20.05 0.02 0.35 0.00 0.89 53670
20.05 0.02 0.35 0.00 0.89 53690
20.05 0.02 0.35 0.00 0.89 53710
20.05 0.02 0.35 0.00 0.89 53730
20.05 0.02 0.35 0.00 0.89 53750
20.05 0.02 0.35 0.00 0.89 53770
20.05 0.02 0.35 0.00 0.89 53790
20.05 0.02 0.35 0.00 0.89 53810
20.05 0.02 0.35 0.00 0.89 53830
20.05 0.02 0.35 0.00 0.89 53850
20.05 0.02 0.35 0.00 0.89 53870
20.05 0.02 0.35 0.00 0.89 53890
20.05 0.02 0.35 0.00 0.89 53910
20.05 0.02 0.35 0.00 0.89 53930
20.05 0.02 0.35 0.00 0.89 53950
20.05 0.02 0.35 0.00 0.89 53970
20.05 0.02 0.35 0.00 0.89 53990
20.05 0.02 0.35 0.00 0.89 54010
20.05 0.02 0.35 0.00 0.89 54030
20.05 0.02 0.35 0.00 0.89 54050
20.05 0.02 0.35 0.00 0.89 54070
20.05 0.02 0.35 0.00 0.89 54090
20.05 0.02 0.35 0.00 0.89 54110
20.05 0.02 0.35 0.00 0.89 54130
20.05 0.02 0.35 0.00 0.89 54150
20.05 0.02 0.35 0.00 0.89 54170
20.05 0.02 0.35 0.00 0.89 54190
20.05 0.02 0.35 0.00 0.89 54210
20.05 0.02 0.35 0.00 0.89 54230
20.05 0.02 0.35 0.00 0.89 54250
20.05 0.02 0.35 0.00 0.89 54270
20.05 0.02 0.35 0.00 0.89 54290
20.05 0.02 0.35 0.00 0.89 54310
20.05 0.02 0.35 0.00 0.89 54330
20.05 0.02 0.35 0.00 0.89 54350
20.05 0.02 0.35 0.00 0.89 54370
20.05 0.02 0.35 0.00 0.89 54390
20.05 0.02 0.35 0.00 0.89 54410
20.05 0.02 0.35 0.00 0.89 54430
20.05 0.02 0.35 0.00 0.89 54450
20.05 0.02 0.35 0.00 0.89 54470
20.05 0.02 0.35 0.00 0.89 54490
20.05 0.02 0.35 0.00 0.89 54510
20.05 0.02 0.35 0.00 0.89 54530
20.05 0.02 0.35 0.00 0.89 54550
20.05 0.02 0.35 0.00 0.89 54570
20.05 0.02 0.35 0.00 0.89 54590
20.05 0.02 0.35 0.00 0.89 54610
20.05 0.02 0.35 0.00 0.89 54630
20.05 0.02 0.35 0.00 0.89 54650
20.05 0.02 0.35 0.00 0.89 54670
20.05 0.02 0.35 0.00 0.89 54690
20.05 0.02 0.35 0.00 0.89 54710
20.05 0.02 0.35 0.00 0.89 54730
20.05 0.02 0.35 0.00 0.89 54750
20.05 0.02 0.35 0.00 0.89 54770
20.05 0.02 0.35 0.00 0.89 54790
20.05 0.02 0.35 0.00 0.89 54810
20.05 0.02 0.35 0.00 0.89 54830
20.05 0.02 0.35 0.00 0.47 54850
20.05 0.02 0.35 0.00 0.47 54870
20.05 0.02 0.35 0.00 0.47 54890
20.04 0.17 3.46 0.00 0.47 54910
20.04 0.17 3.46 0.00 0.47 54930
20.04 0.17 3.46 0.00 0.47 54950
20.04 0.17 3.46 0.00 0.47 54970
20.00 1.71 34.15 0.00 0.47 54990
20.00 1.71 34.15 0.00 0.47 55010
20.00 1.71 34.15 0.00 0.47 55030
20.00 1.71 34.15 0.00 0.47 55050
19.98 3.32 66.42 4.75 0.47 55070
19.98 3.32 66.42 4.75 0.47 55090
19.98 3.32 66.42 4.75 0.47 55110
19.96 4.23 84.48 4.75 0.47 55130
19.96 4.23 84.48 4.75 0.47 55150
19.96 4.23 84.48 4.75 0.47 55170
19.96 4.23 84.48 4.75 0.47 55190
19.98 3.77 75.44 4.70 0.47 55210
19.98 3.77 75.44 4.70 0.47 55230
19.98 3.77 75.44 4.70 0.47 55250
19.99 2.53 50.68 4.70 0.47 55270
19.99 2.53 50.68 4.70 0.47 55290
19.99 2.53 50.68 4.67 0.47 55310
19.99 2.53 50.68 4.67 0.47 55330
19.97 3.75 74.98 4.67 0.47 55350
19.97 3.75 74.98 4.65 0.47 55370
19.97 3.75 74.98 4.65 0.47 55390
19.97 3.75 74.98 4.65 0.47 55410
19.96 4.40 87.91 4.64 0.47 55430
19.96 4.40 87.91 4.64 0.47 55450
19.96 4.40 87.91 4.64 0.47 55470
19.95 4.63 92.43 4.62 0.47 55490
19.95 4.63 92.43 4.62 0.47 55510
19.95 4.63 92.43 4.61 0.47 55530
19.95 4.63 92.43 4.61 0.47 55550
19.95 4.75 94.77 4.61 0.47 55570
19.95 4.75 94.77 4.60 0.47 55590
19.95 4.75 94.77 4.60 0.47 55610
19.95 2.99 59.75 4.59 0.47 55630
20.00 2.99 59.90 4.59 0.47 55650
20.00 2.99 59.90 4.58 0.47 55670
20.00 2.99 59.90 4.58 0.47 55690
19.98 3.08 61.60 4.57 0.47 55710
19.98 3.08 61.60 4.57 0.47 55730
19.98 3.08 61.60 4.56 0.47 55750
19.98 3.08 61.60 4.55 0.47 55770
19.97 3.87 77.27 4.55 0.47 55790
19.97 3.87 77.27 4.55 0.47 55810
19.97 3.87 77.27 4.55 0.47 55830
19.96 4.16 82.99 4.54 0.47 55850
19.96 4.16 82.99 4.54 0.47 55870
19.96 4.16 82.99 4.54 0.47 55890
19.96 4.16 82.99 4.53 0.47 55910
20.00 3.19 63.74 4.53 0.47 55930
20.00 3.19 63.74 4.53 0.47 55950
20.00 3.19 63.74 4.52 0.47 55970
20.00 3.19 63.74 4.52 0.47 55990
20.00 2.45 48.94 4.51 0.47 56010
20.00 2.45 48.94 4.51 0.47 56030
20.00 2.45 48.94 4.51 0.47 56050
19.98 3.37 67.27 4.50 0.47 56070
19.98 3.37 67.27 4.50 0.47 56090
19.98 3.37 67.27 4.50 0.47 56110
19.98 3.37 67.27 4.50 0.47 56130
19.97 3.80 75.89 4.49 0.47 56150
19.97 3.80 75.89 4.49 0.47 56170
19.97 3.80 75.89 4.49 0.47 56190
19.97 4.01 80.06 4.49 0.47 56210
19.97 4.01 80.06 4.48 0.47 56230
19.97 4.01 80.06 4.48 0.47 56250
19.97 4.01 80.06 4.48 0.47 56270
19.97 4.03 80.51 4.48 0.47 56290
19.97 4.03 80.51 4.48 0.47 56310
19.97 4.03 80.51 4.47 0.47 56330
19.97 4.03 80.51 4.47 0.47 56350
19.97 4.01 80.07 4.47 0.47 56370
19.97 4.01 80.07 4.47 0.47 56390
19.97 4.01 80.07 4.47 0.47 56410
19.97 4.02 80.31 4.47 0.47 56430
19.97 4.02 80.31 4.47 0.47 56450
19.97 4.02 80.31 4.47 0.47 56470
19.97 4.02 80.31 4.47 0.47 56490
19.99 3.39 67.72 4.47 0.47 56510
19.99 3.39 67.72 4.48 0.47 56530
19.99 3.39 67.72 4.48 0.47 56550
19.99 3.39 67.72 4.48 0.47 56570
20.02 1.71 34.18 4.48 0.47 56590
20.02 1.71 34.18 4.49 0.47 56610
20.02 1.71 34.18 4.49 0.47 56630
19.99 2.69 53.83 4.50 0.47 56650
19.99 2.69 53.83 4.50 0.47 56670
19.99 2.69 53.83 4.53 0.47 56690
19.99 2.69 53.83 36.55 0.50 56710
19.98 3.25 64.94 39.43 0.50 56730
19.98 3.25 64.94 41.46 0.50 56750
19.98 3.25 64.94 43.09 0.50 56770
19.97 3.84 76.67 44.52 0.50 56790
19.97 3.84 76.67 46.94 0.50 56810
19.97 3.84 76.67 47.99 0.50 56830
19.97 3.84 76.67 48.99 0.50 56850
19.95 4.49 89.55 49.97 0.50 56870
19.95 4.49 89.55 51.81 0.51 56890
19.95 4.49 89.55 52.72 0.51 56910
19.95 4.49 89.55 53.56 0.51 56930
19.95 4.88 97.44 54.34 0.51 56950
19.95 4.88 97.44 55.91 0.51 56970
19.95 4.88 97.44 56.68 0.51 56990
19.94 5.07 101.16 57.45 0.51 57010
19.94 5.07 101.16 58.93 0.51 57030
19.94 5.07 101.16 59.64 0.51 57050
19.94 5.07 101.16 60.36 0.51 57070
19.94 5.28 105.33 61.80 0.51 57090
19.94 5.28 105.33 62.46 0.51 57110
19.94 5.28 105.33 63.81 0.51 57130
19.94 5.42 108.12 64.49 0.52 57150
19.94 5.42 108.10 65.76 0.52 57170
19.94 5.42 108.10 66.39 0.52 57190
19.94 5.42 108.10 67.63 0.52 57210
19.98 4.07 81.37 68.23 0.52 57230
19.98 4.07 81.37 69.39 0.52 57250
19.98 4.07 81.37 69.97 0.52 57270
19.98 4.07 81.37 71.11 0.52 57290
19.97 3.41 68.16 71.66 0.52 57310
19.97 3.41 68.16 72.72 0.52 57330
19.97 3.41 68.16 73.28 0.52 57350
19.95 4.48 89.34 74.45 0.52 57370
19.95 4.48 89.34 75.01 0.52 57390
19.95 4.48 89.34 76.11 0.52 57410
19.95 4.48 89.34 77.27 0.52 57430
19.94 5.05 100.71 77.83 0.52 57450
19.94 5.05 100.71 78.93 0.53 57470
19.94 5.05 100.71 80.08 0.53 57490
19.94 5.05 100.71 80.63 0.53 57510
19.93 5.47 109.04 81.75 0.53 57530
19.93 5.47 109.04 82.84 0.53 57550
19.93 5.47 109.04 83.38 0.53 57570
19.93 5.63 112.32 84.49 0.53 57590
19.93 5.63 112.32 85.49 0.53 57610
19.93 5.63 112.32 86.53 0.53 57630
19.93 5.63 112.32 87.08 0.53 57650
19.93 5.74 114.49 88.12 0.53 57670
19.93 5.74 114.49 89.10 0.53 57690
19.93 5.74 114.49 90.08 0.53 57710
19.93 5.81 115.79 91.06 0.53 57730
19.93 5.81 115.79 91.57 0.53 57750
19.93 5.81 115.79 92.53 0.53 57770
19.93 5.81 115.79 93.42 0.54 57790
20.01 2.50 50.03 94.32 0.54 57810
20.01 2.50 50.03 95.19 0.54 57830
20.01 2.50 50.03 96.06 0.54 57850
20.01 2.50 50.03 96.95 0.54 57870
19.96 4.12 82.18 97.80 0.54 57890
19.96 4.12 82.18 98.70 0.54 57910
19.96 4.12 82.18 99.09 0.54 57930
19.94 5.13 102.29 100.00 0.54 57950
19.94 5.13 102.29 100.85 0.54 57970
19.94 5.13 102.29 101.68 0.54 57990
19.94 5.13 102.29 102.52 0.54 58010
19.93 5.63 112.26 103.40 0.54 58030
19.93 5.63 112.26 104.22 0.54 58050
19.93 5.63 112.26 104.97 0.54 58070
19.93 5.63 112.26 106.25 0.54 58090
19.92 5.94 118.30 107.01 0.54 58110
19.92 5.94 118.30 107.79 0.55 58130
19.92 5.94 118.30 108.63 0.55 58150
19.92 6.02 119.94 109.40 0.55 58170
19.92 6.02 119.94 110.14 0.55 58190
19.92 6.02 119.94 110.91 0.55 58210
19.92 6.02 119.94 111.67 0.55 58230
19.92 6.11 121.83 112.39 0.55 58250
19.92 6.11 121.83 113.45 0.55 58270
19.92 6.11 121.83 114.25 0.55 58290
19.92 6.18 123.06 115.04 0.55 58310
19.92 6.18 123.06 115.82 0.55 58330
19.92 6.18 123.06 116.97 0.55 58350
19.92 6.18 123.06 117.74 0.55 58370
19.92 6.19 123.35 118.50 0.55 58390
19.92 6.19 123.35 119.27 0.55 58410
19.92 6.19 123.35 120.49 0.55 58430
19.92 6.19 123.35 121.21 0.55 58450
19.92 6.27 124.85 122.00 0.56 58470
19.92 6.27 124.85 123.15 0.56 58490
19.92 6.27 124.85 123.89 0.56 58510
19.92 6.38 127.07 124.64 0.56 58530
19.92 6.38 127.07 125.75 0.56 58550
19.92 6.38 127.07 126.53 0.56 58570
19.92 6.38 127.07 127.68 0.56 58590
19.92 6.37 126.97 128.35 0.56 58610
19.92 6.37 126.97 129.49 0.56 58630
19.92 6.37 126.97 130.16 0.56 58650
19.92 6.43 128.16 130.86 0.56 58670
19.92 6.43 128.16 132.00 0.56 58690
19.92 6.43 128.16 132.66 0.56 58710
19.92 6.43 128.16 133.74 0.56 58730
19.91 6.49 129.35 134.45 0.56 58750
19.91 6.49 129.35 135.46 0.56 58770
19.91 6.49 129.35 136.49 0.57 58790
19.91 6.49 129.35 137.21 0.57 58810
19.91 6.51 129.65 138.24 0.57 58830
19.91 6.51 129.65 138.84 0.57 58850
19.91 6.51 129.65 139.91 0.57 58870
19.91 6.48 129.05 140.88 0.57 58890
19.91 6.48 129.05 141.57 0.57 58910
19.91 6.48 129.05 142.56 0.57 58930
19.91 6.48 129.05 143.53 0.57 58950
19.91 6.52 129.94 144.16 0.57 58970
19.91 6.52 129.94 145.12 0.57 58990
19.91 6.52 129.94 146.11 0.57 59010
19.91 6.52 129.94 147.03 0.57 59030
19.91 6.61 131.67 147.67 0.57 59050
19.91 6.61 131.67 148.64 0.57 59070
19.91 6.61 131.67 149.49 0.57 59090
19.91 6.61 131.61 150.39 0.58 59110
19.91 6.61 131.61 151.03 0.58 59130
19.91 6.61 131.61 151.97 0.58 59150
19.91 6.61 131.61 152.87 0.58 59170
19.91 6.61 131.66 153.75 0.58 59190
19.91 6.61 131.66 154.69 0.58 59210
19.91 6.61 131.66 155.57 0.58 59230
19.91 6.67 132.86 156.47 0.58 59250
19.91 6.67 132.86 156.97 0.58 59270
19.91 6.67 132.86 157.85 0.58 59290
19.91 6.67 132.86 158.73 0.58 59310
19.91 6.68 133.10 159.61 0.58 59330
19.91 6.68 133.10 160.42 0.58 59350
19.91 6.68 133.10 161.32 0.58 59370
19.91 6.68 133.10 162.11 0.58 59390
19.91 6.73 133.99 163.06 0.58 59410
19.91 6.73 133.99 163.82 0.58 59430
19.91 6.73 133.99 164.62 0.59 59450
19.91 6.74 134.24 165.48 0.59 59470
19.91 6.74 134.24 166.29 0.59 59490
19.91 6.74 134.24 167.09 0.59 59510
19.91 6.74 134.24 168.16 0.59 59530
19.91 6.79 135.13 168.94 0.59 59550
19.91 6.79 135.13 169.70 0.59 59570
19.91 6.79 135.13 170.52 0.59 59590
19.91 6.79 135.13 171.21 0.59 59610
19.91 6.75 134.48 172.06 0.59 59630
19.91 6.75 134.48 172.89 0.59 59650
19.91 6.75 134.48 173.86 0.59 59670
19.97 4.76 95.11 174.57 0.59 59690
19.97 4.76 95.11 175.26 0.59 59710
19.97 4.76 95.11 176.07 0.59 59730
19.97 4.76 95.11 176.65 0.59 59750
19.95 4.27 85.20 177.63 0.59 59770
19.95 4.27 85.20 178.33 0.59 59790
19.95 4.27 85.20 178.91 0.60 59810
19.93 5.65 112.68 179.54 0.60 59830
19.93 5.65 112.68 180.35 0.60 59850
19.93 5.65 112.68 180.92 0.60 59870
19.93 5.65 112.68 181.54 0.60 59890
19.91 6.35 126.50 182.18 0.60 59910
19.91 6.35 126.50 182.98 0.60 59930
19.91 6.35 126.50 183.68 0.60 59950
19.91 6.35 126.50 184.15 0.60 59970
19.91 6.77 134.72 184.98 0.60 59990
19.91 6.77 134.72 185.56 0.60 60010
19.91 6.77 134.72 186.46 0.60 60030
19.98 4.42 88.34 187.03 0.60 60050
19.98 4.42 88.34 187.60 0.60 60070
19.98 4.42 88.34 188.41 0.60 60090
19.98 4.42 88.34 188.96 0.60 60110
19.95 4.57 91.25 189.77 0.60 60130
19.95 4.57 91.25 190.47 0.60 60150
19.95 4.57 91.25 191.07 0.60 60170
19.95 4.57 91.25 191.68 0.60 60190
19.92 5.89 117.29 192.48 0.60 60210
19.92 5.89 117.29 192.98 0.61 60230
19.92 5.89 117.29 193.72 0.61 60250
19.91 6.54 130.22 194.25 0.61 60270
19.91 6.54 130.22 195.00 0.61 60290
19.91 6.54 130.22 195.53 0.61 60310
19.91 6.54 130.22 196.25 0.61 60330
19.90 6.89 137.10 196.93 0.61 60350
19.90 6.89 137.10 197.66 0.61 60370
19.90 6.89 137.10 198.27 0.61 60390
19.90 7.09 141.16 199.04 0.61 60410
19.90 7.09 141.16 199.75 0.61 60430
19.90 7.09 141.16 200.42 0.61 60450
19.90 7.09 141.16 201.35 0.61 60470
19.90 7.14 142.05 202.21 0.61 60490
19.90 7.14 142.05 202.84 0.61 60510
19.90 7.14 142.05 203.64 0.61 60530
19.90 7.14 142.05 204.46 0.61 60550
19.90 7.21 143.43 205.14 0.61 60570
19.90 7.21 143.43 205.96 0.61 60590
19.90 7.21 143.43 206.85 0.61 60610
19.95 5.60 111.73 207.59 0.62 60630
19.95 5.60 111.73 208.17 0.62 60650
19.95 5.60 111.73 208.86 0.62 60670
19.95 5.60 111.73 209.68 0.62 60690
19.95 4.54 90.51 210.37 0.62 60710
19.95 4.54 90.51 210.88 0.62 60730
19.95 4.54 90.51 211.60 0.62 60750
19.92 5.94 118.33 212.25 0.62 60770
19.92 5.94 118.33 212.90 0.62 60790
19.92 5.94 118.33 213.61 0.62 60810
19.92 5.94 118.33 214.27 0.62 60830
19.91 6.65 132.34 214.84 0.62 60850
19.91 6.65 132.34 215.37 0.62 60870
19.91 6.65 132.34 215.98 0.62 60890
19.91 6.65 132.34 216.70 0.62 60910
19.90 7.07 140.79 217.30 0.62 60930
19.90 7.07 140.79 218.14 0.62 60950
19.90 7.07 140.79 218.88 0.62 60970
19.90 7.21 143.52 219.48 0.62 60990
19.90 7.21 143.52 220.19 0.62 61010
19.90 7.21 143.52 221.09 0.62 61030
19.90 7.21 143.52 221.81 0.63 61050
19.90 7.29 145.14 222.47 0.63 61070
19.90 7.29 145.14 223.31 0.63 61090
19.90 7.29 145.14 224.01 0.63 61110
19.90 7.29 145.14 224.78 0.63 61130
19.90 7.31 145.55 225.49 0.63 61150
19.90 7.31 145.55 226.21 0.63 61170
19.90 7.31 145.55 226.87 0.63 61190
19.90 7.37 146.68 227.62 0.63 61210
19.90 7.37 146.68 228.59 0.63 61230
19.90 7.37 146.68 229.38 0.63 61250
19.90 7.37 146.68 230.20 0.63 61270
19.90 7.45 148.27 230.74 0.63 61290
19.90 7.45 148.27 231.50 0.63 61310
19.90 7.45 148.27 232.30 0.63 61330
19.89 7.44 148.01 233.06 0.63 61350
19.89 7.44 148.01 233.85 0.63 61370
19.89 7.44 148.01 234.65 0.63 61390
19.89 7.44 148.01 235.37 0.63 61410
19.90 7.41 147.42 236.05 0.64 61430
19.90 7.41 147.42 236.85 0.64 61450
19.90 7.41 147.42 237.63 0.64 61470
19.90 7.41 147.42 238.29 0.64 61490
19.89 7.47 148.55 239.25 0.64 61510
19.89 7.47 148.55 239.93 0.64 61530
19.89 7.47 148.55 240.63 0.64 61550
19.89 7.50 149.14 241.41 0.64 61570
19.89 7.50 149.14 242.12 0.64 61590
19.89 7.50 149.14 242.79 0.64 61610
19.89 7.50 149.14 243.64 0.64 61630
19.89 7.51 149.49 244.32 0.64 61650
19.89 7.51 149.49 244.92 0.64 61670
19.89 7.51 149.49 245.91 0.64 61690
19.89 7.51 149.49 246.52 0.64 61710
19.89 7.49 149.05 247.36 0.64 61730
19.89 7.49 149.05 248.04 0.64 61750
19.89 7.49 149.05 248.78 0.64 61770
19.89 7.53 149.89 249.44 0.64 61790
19.89 7.53 149.89 250.26 0.65 61810
19.89 7.53 149.89 250.88 0.65 61830
19.89 7.53 149.89 251.84 0.65 61850
19.89 7.57 150.58 252.53 0.65 61870
19.89 7.57 150.58 253.21 0.65 61890
19.89 7.57 150.58 253.89 0.65 61910
19.89 7.57 150.54 254.69 0.65 61930
19.89 7.57 150.54 255.39 0.65 61950
19.89 7.57 150.54 256.13 0.65 61970
19.89 7.57 150.54 256.98 0.65 61990
19.89 7.60 151.21 257.68 0.65 62010
19.89 7.60 151.21 258.34 0.65 62030
19.89 7.60 151.21 259.11 0.65 62050
19.89 7.60 151.21 259.83 0.65 62070
19.89 7.63 151.70 260.45 0.65 62090
19.89 7.63 151.70 261.33 0.65 62110
19.89 7.63 151.70 261.94 0.65 62130
19.89 7.57 150.59 262.67 0.65 62150
19.89 7.57 150.59 263.48 0.65 62170
19.89 7.57 150.59 264.12 0.65 62190
19.89 7.57 150.59 264.82 0.66 62210
19.89 7.58 150.82 265.66 0.66 62230
19.89 7.58 150.82 266.26 0.66 62250
19.89 7.58 150.82 266.92 0.66 62270
19.89 7.53 149.84 267.67 0.66 62290
19.89 7.53 149.84 268.41 0.66 62310
19.89 7.53 149.84 269.23 0.66 62330
19.89 7.53 149.84 269.84 0.66 62350
19.89 7.66 152.35 270.57 0.66 62370
19.89 7.66 152.35 271.19 0.66 62390
19.89 7.66 152.35 271.88 0.66 62410
19.89 7.66 152.35 272.72 0.66 62430
19.89 7.63 151.72 273.27 0.66 62450
19.89 7.63 151.72 274.19 0.66 62470
19.89 7.63 151.72 274.70 0.66 62490
19.89 7.62 151.61 275.63 0.66 62510
19.89 7.62 151.61 276.23 0.66 62530
19.89 7.62 151.61 276.91 0.66 62550
19.89 7.62 151.61 277.66 0.66 62570
19.89 7.67 152.66 278.32 0.66 62590
19.89 7.67 152.66 279.08 0.67 62610
19.89 7.67 152.66 279.83 0.67 62630
19.89 7.67 152.66 280.41 0.67 62650
19.89 7.76 154.28 281.11 0.67 62670
19.89 7.76 154.28 281.88 0.67 62690
19.89 7.76 154.28 282.61 0.67 62710
19.89 7.75 154.17 283.12 0.67 62730
19.89 7.75 154.17 283.95 0.67 62750
19.89 7.75 154.17 284.61 0.67 62770
19.89 7.75 154.17 285.27 0.67 62790
19.89 7.83 155.75 286.00 0.67 62810
19.89 7.83 155.75 286.77 0.67 62830
19.89 7.83 155.75 287.44 0.67 62850
19.89 7.83 155.66 288.23 0.67 62870
19.89 7.83 155.66 288.87 0.67 62890
19.89 7.83 155.66 289.44 0.67 62910
19.89 7.83 155.66 290.22 0.67 62930
19.87 8.08 160.58 290.92 0.67 62950
19.87 8.08 160.58 291.45 0.67 62970
19.87 8.08 160.58 292.26 0.67 62990
19.87 8.08 160.58 292.99 0.68 63010
19.89 7.76 154.47 293.61 0.68 63030
19.89 7.76 154.47 294.34 0.68 63050
19.89 7.76 154.47 295.08 0.68 63070
19.89 7.81 155.40 295.65 0.68 63090
19.89 7.81 155.40 296.32 0.68 63110
19.89 7.81 155.40 297.04 0.68 63130
19.89 7.81 155.40 297.77 0.68 63150
19.89 7.75 154.07 298.39 0.68 63170
19.89 7.75 154.07 299.37 0.68 63190
19.89 7.75 154.07 299.77 0.68 63210
19.89 7.75 154.07 300.47 0.68 63230
19.89 7.78 154.76 301.28 0.68 63250
19.89 7.78 154.76 301.80 0.68 63270
19.89 7.78 154.76 302.45 0.68 63290
19.89 7.80 155.11 303.14 0.68 63310
19.89 7.80 155.11 303.81 0.68 63330
19.89 7.80 155.11 304.45 0.68 63350
19.89 7.80 155.11 305.19 0.68 63370
19.89 7.78 154.81 305.96 0.68 63390
19.89 7.78 154.81 306.70 0.68 63410
19.89 7.78 154.81 307.21 0.69 63430
19.89 7.85 156.10 307.94 0.69 63450
19.89 7.85 156.10 308.70 0.69 63470
19.89 7.85 156.10 309.12 0.69 63490
19.89 7.85 156.10 310.05 0.69 63510
19.92 7.09 141.31 310.55 0.69 63530
19.92 7.09 141.31 311.28 0.69 63550
19.92 7.09 141.31 311.70 0.69 63570
19.92 7.09 141.31 312.36 0.69 63590
19.95 4.52 90.24 312.85 0.69 63610
19.95 4.52 90.24 313.50 0.69 63630
19.95 4.52 90.24 313.96 0.69 63650
19.91 6.29 125.35 314.42 0.69 63670
19.91 6.29 125.35 314.86 0.69 63690
19.91 6.29 125.35 315.33 0.69 63710
19.91 6.29 125.35 315.99 0.69 63730
19.90 7.11 141.42 316.52 0.69 63750
19.90 7.11 141.42 316.98 0.69 63770
19.90 7.11 141.42 317.61 0.69 63790
19.89 7.52 149.53 318.29 0.69 63810
19.89 7.52 149.53 318.86 0.69 63830
19.89 7.52 149.53 319.47 0.69 63850
19.89 7.52 149.53 320.15 0.69 63870
19.89 7.83 155.75 320.70 0.69 63890
19.89 7.83 155.75 321.51 0.70 63910
19.89 7.83 155.75 321.95 0.70 63930
19.89 7.83 155.75 322.69 0.70 63950
19.88 8.02 159.51 323.38 0.70 63970
19.88 8.02 159.51 323.97 0.70 63990
19.88 8.02 159.51 324.73 0.70 64010
19.88 7.92 157.53 325.30 0.70 64030
19.88 7.92 157.53 325.99 0.70 64050
19.88 7.92 157.53 326.57 0.70 64070
19.88 7.92 157.53 327.34 0.70 64090
19.88 7.93 157.76 327.96 0.70 64110
19.88 7.93 157.76 328.50 0.70 64130
19.88 7.93 157.76 329.28 0.70 64150
19.88 7.93 157.76 330.06 0.70 64170
19.88 8.01 159.22 330.70 0.70 64190
19.88 8.01 159.22 331.14 0.70 64210
19.88 8.01 159.22 331.78 0.70 64230
19.88 7.99 158.96 332.53 0.70 64250
19.88 7.99 158.96 333.15 0.70 64270
19.88 7.99 158.96 333.82 0.70 64290
19.88 7.99 158.96 334.46 0.70 64310
19.88 8.05 160.04 335.28 0.70 64330
19.88 8.05 160.04 335.75 0.71 64350
19.88 8.05 160.04 336.53 0.71 64370
19.88 8.10 160.98 337.18 0.71 64390
19.88 8.10 160.98 337.78 0.71 64410
19.88 8.10 160.98 338.48 0.71 64430
19.88 8.10 160.98 339.17 0.71 64450
19.88 8.06 160.35 339.81 0.71 64470
19.88 8.06 160.35 340.48 0.71 64490
19.88 8.06 160.35 341.00 0.71 64510
19.88 8.06 160.35 341.68 0.71 64530
19.88 8.06 160.34 342.21 0.71 64550
19.88 8.06 160.34 343.17 0.71 64570
19.88 8.06 160.34 343.69 0.71 64590
19.88 8.11 161.18 344.30 0.71 64610
19.88 8.11 161.18 344.98 0.71 64630
19.88 8.11 161.18 345.67 0.71 64650
19.88 8.11 161.18 346.26 0.71 64670
19.88 8.11 161.24 346.84 0.71 64690
19.88 8.11 161.24 347.53 0.71 64710
19.88 8.11 161.24 348.08 0.71 64730
19.88 8.11 161.24 348.92 0.71 64750
19.88 8.13 161.62 349.36 0.71 64770
19.88 8.13 161.62 350.03 0.72 64790
19.88 8.13 161.62 350.62 0.72 64810
19.88 8.08 160.72 351.51 0.72 64830
19.88 8.08 160.72 351.90 0.72 64850
19.88 8.08 160.72 352.60 0.72 64870
19.88 8.08 160.72 353.24 0.72 64890
20.03 3.55 71.10 353.62 0.72 64910
20.03 3.55 71.10 353.94 0.72 64930
20.03 3.55 71.10 354.27 0.72 64950
20.06 0.02 0.35 354.39 0.72 64970
20.06 0.02 0.35 354.72 0.72 64990
20.06 0.02 0.35 354.53 0.72 65010
20.06 0.02 0.35 354.77 0.72 65030
20.05 0.02 0.35 354.61 0.72 65050
20.05 0.02 0.35 354.54 0.72 65070
20.05 0.02 0.35 354.45 0.72 65090
20.05 0.02 0.35 354.27 0.72 65110
20.05 0.02 0.35 354.36 0.72 65130
20.05 0.02 0.35 354.40 0.72 65150
20.05 0.02 0.35 354.25 0.72 65170
20.05 0.02 0.35 354.17 0.72 65190
20.05 0.02 0.35 354.07 0.72 65210
20.05 0.02 0.35 354.02 0.72 65230
20.05 0.02 0.35 353.90 0.72 65250
20.05 0.02 0.35 353.92 0.72 65270
20.05 0.02 0.35 353.82 0.72 65290
20.05 0.02 0.35 353.85 0.72 65310
20.05 0.02 0.35 353.61 0.72 65330
20.05 0.02 0.35 353.84 0.72 65350
20.05 0.02 0.35 353.78 0.72 65370
20.05 0.02 0.35 353.56 0.72 65390
20.05 0.02 0.35 353.48 0.72 65410
20.05 0.02 0.35 353.43 0.72 65430
20.05 0.02 0.35 353.34 0.72 65450
20.05 0.02 0.35 353.38 0.72 65470
20.05 0.02 0.35 353.21 0.72 65490
20.05 0.02 0.35 353.23 0.72 65510
20.05 0.02 0.35 353.02 0.72 65530
20.05 0.02 0.35 353.11 0.72 65550
20.05 0.02 0.35 353.02 0.72 65570
20.05 0.02 0.35 352.71 0.72 65590
20.05 0.02 0.35 352.82 0.72 65610
20.05 0.02 0.35 352.96 0.72 65630
20.05 0.02 0.35 352.89 0.72 65650
20.05 0.02 0.35 352.64 0.72 65670
20.05 0.02 0.35 352.67 0.72 65690
20.05 0.02 0.35 352.62 0.72 65710
20.05 0.02 0.35 352.68 0.72 65730
20.05 0.02 0.35 352.62 0.72 65750
20.05 0.02 0.35 352.51 0.72 65770
20.05 0.02 0.35 352.42 0.72 65790
20.05 0.02 0.35 352.31 0.72 65810
20.05 0.02 0.35 352.18 0.72 65830
20.05 0.02 0.35 352.11 0.72 65850
20.05 0.02 0.35 352.02 0.72 65870
20.05 0.02 0.35 352.08 0.72 65890
20.05 0.02 0.35 352.05 0.72 65910
20.05 0.02 0.35 351.92 0.72 65930
20.05 0.02 0.35 351.85 0.72 65950
20.05 0.02 0.35 351.84 0.72 65970
20.05 0.08 1.65 351.81 0.72 65990
20.05 0.08 1.65 351.69 0.72 66010
20.05 0.08 1.65 351.63 0.72 66030
20.05 0.08 1.65 351.65 0.72 66050
20.03 0.38 7.61 351.62 0.72 66070
20.03 0.38 7.61 351.12 0.72 66090
20.03 0.38 7.61 351.62 0.72 66110
19.98 2.76 55.13 351.85 0.72 66130
19.98 2.76 55.13 351.94 0.72 66150
19.98 2.76 55.13 352.39 0.72 66170
19.98 2.76 55.13 352.45 0.72 66190
19.92 5.60 111.52 352.76 0.72 66210
19.92 5.60 111.52 353.05 0.72 66230
19.92 5.60 111.52 353.68 0.72 66250
19.92 5.60 111.52 353.91 0.72 66270
19.90 6.92 137.75 354.17 0.72 66290
19.90 6.92 137.75 354.63 0.72 66310
19.90 6.92 137.75 355.27 0.72 66330
19.89 7.61 151.40 355.61 0.72 66350
19.89 7.61 151.40 356.34 0.72 66370
19.89 7.61 151.40 356.84 0.72 66390
19.89 7.61 151.40 357.59 0.72 66410
19.88 7.86 156.29 358.22 0.72 66430
19.88 7.86 156.29 358.86 0.72 66450
19.88 7.86 156.29 359.41 0.72 66470
19.88 7.96 158.36 359.92 0.72 66490
19.88 7.96 158.36 360.62 0.72 66510
19.88 7.96 158.36 361.35 0.72 66530
19.88 7.96 158.36 361.84 0.72 66550
19.88 8.02 159.45 362.52 0.72 66570
19.88 8.02 159.45 363.04 0.72 66590
19.88 8.02 159.45 363.63 0.72 66610
19.88 8.02 159.45 364.29 0.73 66630
19.98 4.44 88.82 364.79 0.73 66650
19.98 4.44 88.82 365.10 0.73 66670
19.98 4.44 88.82 365.40 0.73 66690
19.93 5.20 103.69 365.84 0.73 66710
19.93 5.20 103.69 366.21 0.73 66730
19.93 5.20 103.69 366.72 0.73 66750
19.93 5.20 103.69 367.15 0.73 66770
19.90 6.79 135.09 367.52 0.73 66790
19.90 6.79 135.09 368.07 0.73 66810
19.90 6.79 135.09 368.37 0.73 66830
19.89 7.56 150.36 369.06 0.73 66850
19.89 7.56 150.36 369.54 0.73 66870
19.89 7.56 150.36 370.00 0.73 66890
19.89 7.56 150.36 370.65 0.73 66910
19.88 7.94 157.97 371.45 0.73 66930
19.88 7.94 157.97 371.85 0.73 66950
19.88 7.94 157.97 372.54 0.73 66970
19.88 7.94 157.97 373.09 0.73 66990
19.88 8.05 160.04 373.84 0.73 67010
19.88 8.05 160.04 374.31 0.73 67030
19.88 8.05 160.04 374.85 0.73 67050
19.88 8.21 163.24 375.47 0.73 67070
19.88 8.21 163.24 376.09 0.73 67090
19.88 8.21 163.24 376.85 0.73 67110
19.88 8.21 163.24 377.50 0.73 67130
19.88 8.17 162.45 378.03 0.73 67150
19.88 8.17 162.45 378.74 0.74 67170
19.88 8.17 162.45 379.22 0.74 67190
19.88 8.17 162.45 379.94 0.74 67210
19.88 8.22 163.44 380.63 0.74 67230
19.88 8.22 163.44 380.99 0.74 67250
19.88 8.22 163.44 381.70 0.74 67270
19.88 8.25 163.99 382.53 0.74 67290
19.88 8.25 163.99 382.88 0.74 67310
19.88 8.25 163.99 383.51 0.74 67330
19.88 8.25 163.99 384.26 0.74 67350
19.88 8.25 163.98 384.83 0.74 67370
19.88 8.25 163.98 385.57 0.74 67390
19.88 8.25 163.98 386.05 0.74 67410
19.88 8.29 164.72 386.59 0.74 67430
19.88 8.29 164.72 387.35 0.74 67450
19.88 8.29 164.72 387.86 0.74 67470
19.88 8.29 164.72 388.44 0.74 67490
19.88 8.27 164.33 389.11 0.74 67510
19.88 8.27 164.33 389.62 0.74 67530
19.88 8.27 164.33 390.21 0.74 67550
19.88 8.27 164.33 390.94 0.74 67570
19.88 8.20 163.09 391.55 0.74 67590
19.88 8.20 163.09 392.19 0.74 67610
19.88 8.20 163.09 392.71 0.74 67630
19.88 8.28 164.64 393.51 0.75 67650
19.88 8.28 164.64 394.00 0.75 67670
19.88 8.28 164.64 394.51 0.75 67690
19.88 8.28 164.64 395.09 0.75 67710
19.88 8.26 164.28 395.81 0.75 67730
19.88 8.26 164.28 396.40 0.75 67750
19.88 8.26 164.28 396.98 0.75 67770
19.88 8.26 164.28 397.68 0.75 67790
19.88 8.27 164.38 398.09 0.75 67810
19.88 8.27 164.38 398.79 0.75 67830
19.88 8.27 164.38 399.24 0.75 67850
19.88 8.24 163.74 399.99 0.75 67870
19.88 8.24 163.74 400.43 0.75 67890
19.88 8.24 163.74 401.08 0.75 67910
19.88 8.24 163.74 401.76 0.75 67930
19.88 8.34 165.86 402.25 0.75 67950
19.88 8.34 165.86 402.93 0.75 67970
19.88 8.34 165.86 403.48 0.75 67990
19.88 8.33 165.51 404.11 0.75 68010
19.88 8.33 165.51 404.69 0.75 68030
19.88 8.33 165.51 405.41 0.75 68050
19.88 8.33 165.51 405.91 0.75 68070
19.88 8.25 163.93 406.56 0.75 68090
19.88 8.25 163.93 407.16 0.76 68110
19.88 8.25 163.93 407.79 0.76 68130
19.88 8.25 163.93 408.29 0.76 68150
19.88 8.24 163.74 408.90 0.76 68170
19.88 8.24 163.74 409.25 0.76 68190
19.88 8.24 163.74 410.23 0.76 68210
19.88 8.28 164.67 410.66 0.76 68230
19.88 8.28 164.67 411.18 0.76 68250
19.88 8.28 164.67 411.70 0.76 68270
19.88 8.28 164.67 412.47 0.76 68290
19.88 8.26 164.28 413.04 0.76 68310
19.88 8.26 164.28 413.63 0.76 68330
19.88 8.26 164.28 414.20 0.76 68350
19.88 8.29 164.81 414.63 0.76 68370
19.88 8.29 164.81 415.45 0.76 68390
19.88 8.29 164.81 415.80 0.76 68410
19.88 8.29 164.81 416.60 0.76 68430
19.87 8.39 166.79 417.12 0.76 68450
19.87 8.39 166.79 417.74 0.76 68470
19.87 8.39 166.79 418.40 0.76 68490
19.87 8.39 166.79 418.66 0.76 68510
19.87 8.37 166.38 419.42 0.76 68530
19.87 8.37 166.38 420.12 0.76 68550
19.87 8.37 166.38 420.57 0.76 68570
19.87 8.49 168.76 421.12 0.76 68590
19.87 8.49 168.76 421.70 0.77 68610
19.87 8.49 168.76 422.36 0.77 68630
19.87 8.49 168.76 422.90 0.77 68650
19.88 8.35 166.06 423.50 0.77 68670
19.88 8.35 166.06 424.18 0.77 68690
19.88 8.35 166.06 424.64 0.77 68710
19.88 8.35 166.06 425.25 0.77 68730
19.88 8.32 165.36 425.86 0.77 68750
19.88 8.32 165.36 426.46 0.77 68770
19.88 8.32 165.36 427.18 0.77 68790
19.88 8.32 165.46 427.48 0.77 68810
19.88 8.32 165.46 428.08 0.77 68830
19.88 8.32 165.46 428.63 0.77 68850
19.88 8.32 165.46 429.22 0.77 68870
19.88 8.26 164.24 429.70 0.77 68890
19.88 8.26 164.24 430.51 0.77 68910
19.88 8.26 164.24 430.82 0.77 68930
19.88 8.27 164.48 431.68 0.77 68950
19.88 8.27 164.48 432.18 0.77 68970
19.88 8.27 164.48 432.80 0.77 68990
19.88 8.27 164.48 433.19 0.77 69010
19.87 8.32 165.35 433.84 0.77 69030
19.87 8.32 165.35 434.39 0.77 69050
19.87 8.32 165.35 434.80 0.77 69070
19.87 8.32 165.35 435.53 0.77 69090
19.87 8.38 166.59 436.25 0.78 69110
19.87 8.38 166.59 436.53 0.78 69130
19.87 8.38 166.59 437.21 0.78 69150
19.88 8.35 165.91 437.67 0.78 69170
19.88 8.35 165.91 438.43 0.78 69190
19.88 8.35 165.91 439.04 0.78 69210
19.88 8.35 165.91 439.48 0.78 69230
19.88 8.33 165.66 440.07 0.78 69250
19.88 8.33 165.66 440.51 0.78 69270
19.88 8.33 165.66 441.29 0.78 69290
19.88 8.33 165.66 441.66 0.78 69310
19.87 8.39 166.73 442.22 0.78 69330
19.87 8.39 166.73 442.90 0.78 69350
19.87 8.39 166.73 443.33 0.78 69370
19.87 8.42 167.39 443.82 0.78 69390
19.87 8.42 167.39 444.58 0.78 69410
19.87 8.42 167.39 445.09 0.78 69430
19.87 8.42 167.39 445.73 0.78 69450
19.88 8.35 165.91 446.14 0.78 69470
19.88 8.35 165.91 446.58 0.78 69490
19.88 8.35 165.91 447.35 0.78 69510
19.88 8.36 166.17 447.97 0.78 69530
19.88 8.36 166.17 448.28 0.78 69550
19.88 8.36 166.17 448.91 0.78 69570
19.88 8.36 166.17 449.40 0.78 69590
19.87 8.35 166.00 449.89 0.78 69610
19.87 8.35 166.00 450.49 0.79 69630
19.87 8.35 166.00 451.29 0.79 69650
19.87 8.35 166.00 451.66 0.79 69670
19.88 8.28 164.59 452.20 0.79 69690
19.88 8.28 164.59 452.73 0.79 69710
19.88 8.28 164.59 453.59 0.79 69730
19.88 8.28 164.58 453.79 0.79 69750
19.88 8.28 164.58 454.51 0.79 69770
19.88 8.28 164.58 455.01 0.79 69790
19.88 8.28 164.58 455.57 0.79 69810
19.88 8.31 165.21 456.25 0.79 69830
19.88 8.31 165.21 456.43 0.79 69850
19.88 8.31 165.21 457.18 0.79 69870
19.88 8.31 165.21 457.81 0.79 69890
19.88 8.31 165.22 458.41 0.79 69910
19.88 8.31 165.22 458.80 0.79 69930
19.88 8.31 165.22 459.36 0.79 69950
19.88 8.32 165.41 459.88 0.79 69970
19.88 8.32 165.41 460.26 0.79 69990
19.88 8.32 165.41 460.85 0.79 70010
19.88 8.32 165.41 461.36 0.79 70030
19.88 8.35 165.91 461.92 0.79 70050
19.88 8.35 165.91 462.42 0.79 70070
19.88 8.35 165.91 462.93 0.79 70090
19.87 8.41 167.19 463.61 0.79 70110
19.87 8.41 167.19 464.18 0.79 70130
19.87 8.41 167.19 464.72 0.80 70150
19.87 8.41 167.19 465.20 0.80 70170
19.87 8.28 164.65 466.11 0.80 70190
19.87 8.28 164.65 466.27 0.80 70210
19.87 8.28 164.65 466.85 0.80 70230
19.87 8.28 164.65 467.49 0.80 70250
19.87 8.34 165.85 467.86 0.80 70270
19.87 8.34 165.85 468.45 0.80 70290
19.87 8.34 165.85 468.97 0.80 70310
19.87 8.44 167.82 469.52 0.80 70330
19.87 8.44 167.82 469.94 0.80 70350
19.87 8.44 167.82 470.44 0.80 70370
19.87 8.44 167.82 471.31 0.80 70390
19.88 8.36 166.25 471.52 0.80 70410
19.88 8.36 166.25 472.16 0.80 70430
19.88 8.36 166.25 472.75 0.80 70450
19.88 8.34 165.86 473.34 0.80 70470
19.88 8.34 165.86 473.77 0.80 70490
19.88 8.34 165.86 474.15 0.80 70510
19.88 8.34 165.86 474.84 0.80 70530
19.87 8.41 167.13 475.51 0.80 70550
19.87 8.41 167.13 476.19 0.80 70570
19.87 8.41 167.13 476.50 0.80 70590
19.87 8.41 167.13 476.96 0.80 70610
19.87 8.43 167.43 477.61 0.80 70630
19.87 8.43 167.43 478.22 0.80 70650
19.87 8.43 167.43 478.53 0.80 70670
19.87 8.44 167.78 479.12 0.81 70690
19.87 8.44 167.78 479.64 0.81 70710
19.87 8.44 167.78 480.20 0.81 70730
19.87 8.44 167.78 480.65 0.81 70750
19.87 8.47 168.32 481.22 0.81 70770
19.87 8.47 168.32 481.96 0.81 70790
19.87 8.47 168.32 482.12 0.81 70810
19.87 8.47 168.32 482.91 0.81 70830
19.87 8.54 169.70 483.34 0.81 70850
19.87 8.54 169.70 483.86 0.81 70870
19.87 8.54 169.70 484.30 0.81 70890
19.87 8.51 169.13 485.13 0.81 70910
19.87 8.51 169.13 485.60 0.81 70930
19.87 8.51 169.13 486.18 0.81 70950
19.87 8.51 169.13 486.59 0.81 70970
19.87 8.42 167.28 487.21 0.81 70990
19.87 8.42 167.28 487.54 0.81 71010
19.87 8.42 167.28 488.17 0.81 71030
19.87 8.49 168.71 488.70 0.81 71050
19.87 8.49 168.71 489.11 0.81 71070
19.87 8.49 168.71 489.62 0.81 71090
19.87 8.49 168.71 490.28 0.81 71110
19.87 8.48 168.46 490.80 0.81 71130
19.87 8.48 168.46 491.24 0.81 71150
19.87 8.48 168.46 491.67 0.81 71170
19.87 8.48 168.46 492.32 0.81 71190
19.87 8.47 168.27 492.69 0.81 71210
19.87 8.47 168.27 493.31 0.82 71230
19.87 8.47 168.27 493.80 0.82 71250
19.87 8.51 169.05 494.48 0.82 71270
19.87 8.51 169.05 494.82 0.82 71290
19.87 8.51 169.05 495.55 0.82 71310
19.87 8.51 169.05 496.09 0.82 71330
19.87 8.44 167.73 496.58 0.82 71350
19.87 8.44 167.73 497.17 0.82 71370
19.87 8.44 167.73 497.55 0.82 71390
19.87 8.41 167.14 498.26 0.82 71410
19.87 8.41 167.13 498.68 0.82 71430
19.87 8.41 167.13 499.06 0.82 71450
19.87 8.41 167.13 499.50 0.82 71470
19.87 8.38 166.44 500.15 0.82 71490
19.87 8.38 166.44 500.81 0.82 71510
19.87 8.38 166.44 501.10 0.82 71530
19.87 8.38 166.44 501.74 0.82 71550
19.87 8.40 166.89 502.16 0.82 71570
19.87 8.40 166.89 502.73 0.82 71590
19.87 8.40 166.89 503.36 0.82 71610
19.87 8.36 166.18 503.60 0.82 71630
19.87 8.36 166.18 504.27 0.82 71650
19.87 8.36 166.18 504.76 0.82 71670
19.87 8.36 166.18 505.32 0.82 71690
19.87 8.43 167.53 505.81 0.82 71710
19.87 8.43 167.53 506.26 0.82 71730
19.87 8.43 167.53 506.86 0.82 71750
19.87 8.43 167.53 507.31 0.83 71770
19.87 8.49 168.77 508.05 0.83 71790
19.87 8.49 168.77 508.32 0.83 71810
19.87 8.49 168.77 508.88 0.83 71830
19.88 8.45 167.99 509.17 0.83 71850
19.88 8.45 167.99 509.93 0.83 71870
19.88 8.45 167.99 510.34 0.83 71890
19.88 8.45 167.99 510.87 0.83 71910
19.87 8.52 169.29 511.67 0.83 71930
19.87 8.52 169.29 511.87 0.83 71950
19.87 8.52 169.29 512.48 0.83 71970
19.87 8.54 169.69 512.97 0.83 71990
19.87 8.54 169.69 513.40 0.83 72010
19.87 8.54 169.69 513.87 0.83 72030
19.87 8.54 169.69 514.60 0.83 72050
19.87 8.52 169.25 514.85 0.83 72070
19.87 8.52 169.25 515.48 0.83 72090
19.87 8.52 169.25 515.80 0.83 72110
19.87 8.52 169.25 516.69 0.83 72130
19.87 8.52 169.40 517.01 0.83 72150
19.87 8.52 169.40 517.63 0.83 72170
19.87 8.52 169.40 517.83 0.83 72190
19.87 8.49 168.72 518.41 0.83 72210
19.87 8.49 168.72 518.83 0.83 72230
19.87 8.49 168.72 519.53 0.83 72250
19.87 8.49 168.72 520.12 0.83 72270
19.87 8.49 168.77 520.48 0.83 72290
19.87 8.49 168.77 521.07 0.83 72310
19.87 8.49 168.77 521.59 0.84 72330
19.87 8.49 168.77 522.05 0.84 72350
19.87 8.54 169.70 522.78 0.84 72370
19.87 8.54 169.70 523.26 0.84 72390
19.87 8.54 169.70 523.66 0.84 72410
19.87 8.52 169.25 524.15 0.84 72430
19.87 8.52 169.25 524.76 0.84 72450
19.87 8.52 169.25 525.07 0.84 72470
19.87 8.52 169.25 525.43 0.84 72490
19.87 8.55 169.84 525.97 0.84 72510
19.87 8.55 169.84 526.56 0.84 72530
19.87 8.55 169.84 527.04 0.84 72550
19.87 8.47 168.37 527.76 0.84 72570
19.87 8.47 168.37 527.75 0.84 72590
19.87 8.47 168.37 528.66 0.84 72610
19.87 8.47 168.37 529.11 0.84 72630
19.87 8.43 167.43 529.50 0.84 72650
19.87 8.43 167.43 530.02 0.84 72670
19.87 8.43 167.43 530.39 0.84 72690
19.87 8.43 167.43 530.74 0.84 72710
19.87 8.42 167.38 531.33 0.84 72730
19.87 8.42 167.38 532.42 0.84 72750
19.87 8.42 167.38 532.32 0.84 72770
19.87 8.50 168.86 532.70 0.84 72790
19.87 8.50 168.86 533.44 0.84 72810
19.87 8.50 168.86 533.94 0.84 72830
19.87 8.50 168.86 534.39 0.84 72850
19.87 8.55 169.80 534.83 0.84 72870
19.87 8.55 169.80 535.37 0.84 72890
19.87 8.55 169.80 535.95 0.85 72910
19.87 8.52 169.30 536.46 0.85 72930
19.87 8.52 169.30 536.59 0.85 72950
19.87 8.52 169.30 537.45 0.85 72970
19.87 8.52 169.30 537.70 0.85 72990
19.87 8.53 169.55 538.48 0.85 73010
19.87 8.53 169.55 538.73 0.85 73030
19.87 8.53 169.55 539.30 0.85 73050
19.87 8.53 169.55 539.66 0.85 73070
19.87 8.48 168.52 539.96 0.85 73090
19.87 8.48 168.52 540.82 0.85 73110
19.87 8.48 168.52 541.14 0.85 73130
19.87 8.41 167.23 541.75 0.85 73150
19.87 8.41 167.23 542.23 0.85 73170
19.87 8.41 167.23 542.97 0.85 73190
19.87 8.41 167.23 543.24 0.85 73210
19.87 8.44 167.77 543.70 0.85 73230
19.87 8.44 167.77 544.09 0.85 73250
19.87 8.44 167.77 544.49 0.85 73270
19.87 8.44 167.77 545.03 0.85 73290
19.95 5.87 117.13 545.24 0.85 73310
19.95 5.87 117.13 545.73 0.85 73330
19.95 5.87 117.13 545.81 0.85 73350
19.94 4.85 96.74 546.13 0.85 73370
19.94 4.85 96.74 546.33 0.85 73390
19.94 4.85 96.74 546.75 0.85 73410
19.94 4.85 96.74 547.03 0.85 73430
19.90 6.76 134.59 547.44 0.85 73450
19.90 6.76 134.59 547.82 0.85 73470
19.90 6.76 134.59 548.25 0.85 73490
19.89 7.70 153.08 548.58 0.85 73510
19.89 7.70 153.08 549.22 0.85 73530
19.89 7.70 153.08 549.51 0.85 73550
19.89 7.70 153.08 549.86 0.85 73570
19.88 8.07 160.52 550.40 0.86 73590
19.88 8.07 160.52 550.85 0.86 73610
19.88 8.07 160.52 551.26 0.86 73630
19.88 8.07 160.52 551.74 0.86 73650
19.88 8.28 164.66 552.21 0.86 73670
19.88 8.28 164.66 552.65 0.86 73690
19.88 8.28 164.66 553.29 0.86 73710
19.87 8.42 167.28 553.31 0.86 73730
19.87 8.42 167.28 554.23 0.86 73750
19.87 8.42 167.28 554.71 0.86 73770
19.87 8.42 167.28 555.11 0.86 73790
19.88 8.40 166.95 555.18 0.86 73810
19.88 8.40 166.95 556.11 0.86 73830
19.88 8.40 166.95 556.74 0.86 73850
19.88 8.40 166.95 557.17 0.86 73870
19.87 8.44 167.72 557.48 0.86 73890
19.87 8.44 167.72 557.86 0.86 73910
19.87 8.44 167.72 558.30 0.86 73930
19.87 8.50 168.96 558.71 0.86 73950
19.87 8.50 168.96 559.34 0.86 73970
19.87 8.50 168.96 559.65 0.86 73990
19.87 8.50 168.96 560.21 0.86 74010
19.87 8.50 168.91 560.74 0.86 74030
19.87 8.50 168.91 561.12 0.86 74050
19.87 8.50 168.91 561.67 0.86 74070
19.87 8.42 167.34 562.09 0.86 74090
19.87 8.42 167.34 562.47 0.86 74110
19.87 8.42 167.34 563.34 0.86 74130
19.87 8.42 167.34 563.56 0.86 74150
19.87 8.46 168.22 564.20 0.86 74170
19.87 8.46 168.22 564.50 0.87 74190
19.87 8.46 168.22 565.16 0.87 74210
19.87 8.46 168.22 565.34 0.87 74230
19.87 8.41 167.19 565.95 0.87 74250
19.87 8.41 167.19 566.17 0.87 74270
19.87 8.41 167.19 566.79 0.87 74290
19.87 8.39 166.74 567.24 0.87 74310
19.87 8.39 166.74 567.39 0.87 74330
19.87 8.39 166.74 568.14 0.87 74350
19.87 8.39 166.74 568.54 0.87 74370
19.87 8.45 167.87 569.14 0.87 74390
19.87 8.45 167.87 569.59 0.87 74410
19.87 8.45 167.87 569.89 0.87 74430
19.87 8.45 167.87 570.59 0.87 74450
19.87 8.42 167.38 570.96 0.87 74470
19.87 8.42 167.38 571.03 0.87 74490
19.87 8.42 167.38 571.61 0.87 74510
19.87 8.48 168.62 572.22 0.87 74530
19.87 8.48 168.62 572.75 0.87 74550
19.87 8.48 168.62 573.10 0.87 74570
19.87 8.48 168.62 573.71 0.87 74590
19.87 8.53 169.56 574.36 0.87 74610
19.87 8.53 169.56 574.60 0.87 74630
19.87 8.53 169.56 575.21 0.87 74650
19.87 8.53 169.55 575.61 0.87 74670
19.87 8.53 169.55 576.19 0.87 74690
19.87 8.53 169.55 576.55 0.87 74710
19.87 8.53 169.55 576.91 0.87 74730
19.87 8.52 169.35 577.38 0.87 74750
19.87 8.52 169.35 577.77 0.87 74770
19.87 8.52 169.35 578.45 0.87 74790
19.87 8.52 169.35 578.83 0.88 74810
19.87 8.45 167.97 579.13 0.88 74830
19.87 8.45 167.97 579.89 0.88 74850
19.87 8.45 167.97 580.13 0.88 74870
19.87 8.50 169.02 580.71 0.88 74890
19.87 8.50 169.02 581.05 0.88 74910
19.87 8.50 169.02 581.64 0.88 74930
19.87 8.50 169.02 581.94 0.88 74950
19.87 8.51 169.15 582.73 0.88 74970
19.87 8.51 169.15 583.02 0.88 74990
19.87 8.51 169.15 583.40 0.88 75010
19.87 8.43 167.44 583.94 0.88 75030
19.87 8.43 167.44 584.04 0.88 75050
19.87 8.43 167.44 584.71 0.88 75070
19.87 8.43 167.44 585.18 0.88 75090
19.87 8.48 168.46 585.62 0.88 75110
19.87 8.48 168.46 586.05 0.88 75130
19.87 8.48 168.46 586.64 0.88 75150
19.87 8.48 168.46 587.02 0.88 75170
19.87 8.50 169.00 587.45 0.88 75190
19.87 8.50 169.00 587.85 0.88 75210
19.87 8.50 169.00 588.21 0.88 75230
19.87 8.48 168.57 588.76 0.88 75250
19.87 8.48 168.57 589.37 0.88 75270
19.87 8.48 168.57 589.62 0.88 75290
19.87 8.48 168.57 590.07 0.88 75310
19.87 8.48 168.47 590.51 0.88 75330
19.87 8.48 168.47 591.12 0.88 75350
19.87 8.48 168.47 591.52 0.88 75370
19.87 8.48 168.47 592.07 0.88 75390
19.87 8.50 168.96 592.19 0.88 75410
19.87 8.50 168.96 592.75 0.88 75430
19.87 8.50 168.96 593.30 0.89 75450
19.87 8.41 167.14 593.67 0.89 75470
19.87 8.41 167.14 594.38 0.89 75490
19.87 8.41 167.14 594.73 0.89 75510
19.87 8.41 167.14 595.23 0.89 75530
19.87 8.45 167.92 595.62 0.89 75550
19.87 8.45 167.92 595.75 0.89 75570
19.87 8.45 167.92 596.15 0.89 75590
19.87 8.49 168.72 597.10 0.89 75610
19.87 8.49 168.72 597.21 0.89 75630
19.87 8.49 168.72 597.80 0.89 75650
19.87 8.49 168.72 598.21 0.89 75670
19.88 8.36 166.25 598.95 0.89 75690
19.88 8.36 166.25 598.97 0.89 75710
19.88 8.36 166.25 599.52 0.89 75730
19.88 8.36 166.25 600.08 0.89 75750
19.87 8.51 169.13 600.40 0.89 75770
19.87 8.51 169.13 600.69 0.89 75790
19.87 8.51 169.13 601.41 0.89 75810
19.88 8.43 167.65 601.87 0.89 75830
19.88 8.43 167.65 602.04 0.89 75850
19.88 8.43 167.65 602.79 0.89 75870
19.88 8.43 167.65 603.31 0.89 75890
19.87 8.46 168.21 603.70 0.89 75910
19.87 8.46 168.21 603.75 0.89 75930
19.87 8.46 168.21 604.51 0.89 75950
19.87 8.46 168.21 604.95 0.89 75970
20.00 4.89 97.87 605.20 0.89 75990
20.00 4.89 97.87 604.83 0.89 76010
20.00 4.89 97.87 604.92 0.89 76030
20.05 0.02 0.35 604.75 0.89 76050
20.05 0.02 0.35 604.28 0.89 76070
20.05 0.02 0.35 604.13 0.89 76090
20.05 0.02 0.35 604.10 0.89 76110
20.05 0.02 0.35 604.17 0.89 76130
20.05 0.02 0.35 604.21 0.89 76150
20.05 0.02 0.35 603.94 0.89 76170
20.05 0.02 0.35 604.00 0.89 76190
20.05 0.02 0.35 604.10 0.89 76210
20.05 0.02 0.35 603.88 0.89 76230
20.05 0.02 0.35 603.85 0.89 76250
20.05 0.02 0.35 603.83 0.89 76270
20.05 0.02 0.35 603.68 0.89 76290
20.05 0.02 0.35 603.42 0.89 76310
20.05 0.02 0.35 603.35 0.89 76330
20.05 0.02 0.35 603.60 0.89 76350
20.05 0.02 0.35 603.52 0.89 76370
20.05 0.02 0.35 603.47 0.89 76390
20.05 0.02 0.35 603.26 0.89 76410
20.05 0.02 0.35 603.65 0.89 76430
20.05 0.02 0.35 603.45 0.89 76450
20.05 0.02 0.35 603.29 0.89 76470
20.05 0.02 0.35 603.39 0.89 76490
20.05 0.02 0.35 603.23 0.89 76510
20.05 0.02 0.35 602.83 0.89 76530
20.05 0.02 0.35 603.21 0.89 76550
20.05 0.02 0.35 603.08 0.89 76570
20.05 0.02 0.35 602.91 0.89 76590
20.05 0.02 0.35 603.00 0.89 76610
20.05 0.02 0.35 603.38 0.89 76630
20.05 0.02 0.35 602.94 0.89 76650
20.05 0.02 0.35 602.77 0.89 76670
20.05 0.02 0.35 602.86 0.89 76690
20.05 0.02 0.35 602.69 0.89 76710
20.05 0.02 0.35 602.28 0.89 76730
20.05 0.02 0.35 602.40 0.89 76750
20.05 0.02 0.35 602.51 0.89 76770
20.05 0.02 0.35 602.29 0.89 76790
20.05 0.02 0.35 602.23 0.89 76810
20.05 0.02 0.35 602.10 0.89 76830
20.05 0.02 0.35 602.11 0.89 76850
20.05 0.02 0.35 602.04 0.89 76870
20.05 0.02 0.35 602.05 0.89 76890
20.05 0.02 0.35 602.04 0.89 76910
20.05 0.15 3.06 602.19 0.89 76930
20.05 0.15 3.06 601.94 0.89 76950
20.05 0.15 3.06 601.93 0.89 76970
20.04 0.40 8.06 601.85 0.89 76990
20.04 0.40 8.06 601.77 0.89 77010
20.04 0.40 8.06 601.73 0.89 77030
20.04 0.40 8.06 601.67 0.89 77050
20.00 1.90 38.05 601.92 0.89 77070
20.00 1.90 38.05 602.54 0.89 77090
20.00 1.90 38.05 603.33 0.89 77110
19.93 5.09 101.44 604.12 0.89 77130
19.93 5.09 101.44 604.36 0.89 77150
19.93 5.09 101.44 604.59 0.89 77170
19.93 5.09 101.44 604.38 0.89 77190
19.90 7.06 140.56 603.76 0.89 77210
19.90 7.06 140.56 603.46 0.89 77230
19.90 7.06 140.56 604.17 0.89 77250
19.90 7.06 140.56 604.27 0.89 77270
19.88 7.94 157.81 604.87 0.89 77290
19.88 7.94 157.81 605.18 0.89 77310
19.88 7.94 157.81 605.50 0.89 77330
19.88 8.11 161.32 605.95 0.89 77350
19.88 8.11 161.32 606.64 0.89 77370
19.88 8.11 161.32 606.99 0.89 77390
19.88 8.11 161.32 607.61 0.90 77410
19.88 8.22 163.43 607.87 0.90 77430
19.88 8.22 163.43 608.15 0.90 77450
19.88 8.22 163.43 608.75 0.90 77470
19.88 8.22 163.43 609.04 0.90 77490
19.87 8.40 167.04 609.48 0.90 77510
19.87 8.40 167.04 609.84 0.90 77530
19.87 8.40 167.04 610.33 0.90 77550
19.88 8.34 165.81 611.03 0.90 77570
19.88 8.34 165.81 611.39 0.90 77590
19.88 8.34 165.81 611.60 0.90 77610
19.88 8.34 165.81 611.88 0.90 77630
19.87 8.40 166.89 612.85 0.90 77650
19.87 8.40 166.89 613.09 0.90 77670
19.87 8.40 166.89 613.45 0.90 77690
19.87 8.42 167.33 613.92 0.90 77710
19.87 8.42 167.33 614.27 0.90 77730
19.87 8.42 167.33 614.79 0.90 77750
19.87 8.42 167.33 615.23 0.90 77770
19.87 8.47 168.36 615.68 0.90 77790
19.87 8.47 168.36 616.02 0.90 77810
19.87 8.47 168.36 616.44 0.90 77830
19.87 8.47 168.36 616.83 0.90 77850
19.87 8.49 168.72 617.47 0.90 77870
19.87 8.49 168.72 617.86 0.90 77890
19.87 8.49 168.72 618.11 0.90 77910
19.87 8.47 168.32 618.61 0.90 77930
19.87 8.47 168.32 618.90 0.90 77950
19.87 8.47 168.32 619.45 0.90 77970
19.87 8.47 168.32 620.03 0.90 77990
19.87 8.49 168.66 620.28 0.90 78010
19.87 8.49 168.66 620.76 0.90 78030
19.87 8.49 168.66 621.40 0.90 78050
19.87 8.46 168.08 621.76 0.91 78070
19.87 8.46 168.08 622.02 0.91 78090
19.87 8.46 168.08 622.67 0.91 78110
19.87 8.46 168.08 622.88 0.91 78130
19.87 8.45 167.87 623.36 0.91 78150
19.87 8.45 167.87 623.91 0.91 78170
19.87 8.45 167.87 624.25 0.91 78190
19.87 8.45 167.87 624.51 0.91 78210
19.87 8.42 167.28 624.93 0.91 78230
19.87 8.42 167.28 625.66 0.91 78250
19.87 8.42 167.28 625.96 0.91 78270
19.87 8.51 169.04 626.50 0.91 78290
19.87 8.51 169.04 626.85 0.91 78310
19.87 8.51 169.04 627.16 0.91 78330
19.87 8.51 169.04 627.43 0.91 78350
19.87 8.46 168.11 627.83 0.91 78370
19.87 8.46 168.11 628.58 0.91 78390
19.87 8.46 168.11 628.94 0.91 78410
19.87 8.46 168.11 629.29 0.91 78430
19.87 8.49 168.82 629.84 0.91 78450
19.87 8.49 168.82 630.21 0.91 78470
19.87 8.49 168.82 630.40 0.91 78490
19.87 8.40 166.94 630.89 0.91 78510
19.87 8.40 166.94 631.45 0.91 78530
19.87 8.40 166.94 631.95 0.91 78550
19.87 8.40 166.94 632.68 0.91 78570
19.88 8.33 165.67 632.67 0.91 78590
19.88 8.33 165.67 633.09 0.91 78610
19.88 8.33 165.67 633.75 0.91 78630
19.88 8.31 165.12 634.06 0.91 78650
19.88 8.31 165.12 634.37 0.91 78670
19.88 8.31 165.12 634.80 0.91 78690
19.88 8.31 165.12 635.03 0.91 78710
19.88 8.31 165.21 635.71 0.91 78730
19.88 8.31 165.21 636.04 0.92 78750
19.88 8.31 165.21 636.34 0.92 78770
19.88 8.31 165.21 636.96 0.92 78790
19.87 8.38 166.49 637.17 0.92 78810
19.87 8.38 166.49 637.71 0.92 78830
19.87 8.38 166.49 638.30 0.92 78850
19.87 8.38 166.54 638.33 0.92 78870
19.87 8.38 166.54 638.96 0.92 78890
19.87 8.38 166.54 639.56 0.92 78910
19.87 8.38 166.54 639.72 0.92 78930
19.93 6.85 136.62 640.06 0.92 78950
19.93 6.85 136.62 640.31 0.92 78970
19.93 6.85 136.62 640.89 0.92 78990
19.93 6.85 136.62 640.70 0.92 79010
19.95 4.51 89.96 641.03 0.92 79030
19.95 4.51 89.96 641.34 0.92 79050
19.95 4.51 89.96 641.58 0.92 79070
19.91 6.55 130.34 641.89 0.92 79090
19.91 6.55 130.34 642.30 0.92 79110
19.91 6.55 130.34 642.79 0.92 79130
19.91 6.55 130.34 642.80 0.92 79150
19.89 7.55 150.15 643.39 0.92 79170
19.89 7.55 150.15 643.36 0.92 79190
19.89 7.55 150.15 644.28 0.92 79210
19.88 8.06 160.23 644.48 0.92 79230
19.88 8.06 160.23 644.45 0.92 79250
19.88 8.06 160.23 645.08 0.92 79270
19.88 8.06 160.23 645.61 0.92 79290
19.88 8.22 163.34 646.03 0.92 79310
19.88 8.22 163.34 646.31 0.92 79330
19.88 8.22 163.34 646.65 0.92 79350
19.88 8.22 163.34 646.89 0.92 79370
19.88 8.28 164.61 647.48 0.92 79390
19.88 8.28 164.61 648.08 0.92 79410
19.88 8.28 164.61 648.70 0.92 79430
19.88 8.32 165.46 648.81 0.92 79450
19.88 8.32 165.46 649.27 0.92 79470
19.88 8.32 165.46 649.61 0.92 79490
19.88 8.32 165.46 650.17 0.93 79510
19.87 8.42 167.33 650.63 0.93 79530
19.87 8.42 167.33 650.95 0.93 79550
19.87 8.42 167.33 651.34 0.93 79570
19.88 8.31 165.12 651.51 0.93 79590
19.88 8.31 165.12 651.93 0.93 79610
19.88 8.31 165.12 652.70 0.93 79630
19.88 8.31 165.12 652.50 0.93 79650
19.87 8.36 166.14 653.20 0.93 79670
19.87 8.36 166.14 653.43 0.93 79690
19.87 8.36 166.14 654.11 0.93 79710
19.87 8.36 166.14 654.77 0.93 79730
19.88 8.33 165.66 654.66 0.93 79750
19.88 8.33 165.66 655.31 0.93 79770
19.88 8.33 165.66 655.69 0.93 79790
19.88 8.33 165.52 655.90 0.93 79810
19.88 8.33 165.52 656.74 0.93 79830
19.88 8.33 165.52 656.71 0.93 79850
19.88 8.33 165.52 656.96 0.93 79870
19.88 8.33 165.56 657.66 0.93 79890
19.88 8.33 165.56 657.86 0.93 79910
19.88 8.33 165.56 658.39 0.93 79930
19.88 8.33 165.56 658.94 0.93 79950
19.87 8.35 166.05 659.14 0.93 79970
19.87 8.35 166.05 659.73 0.93 79990
19.87 8.35 166.05 660.05 0.93 80010
19.87 8.37 166.39 660.68 0.93 80030
19.87 8.37 166.39 660.77 0.93 80050
19.87 8.37 166.39 661.57 0.93 80070
19.87 8.37 166.39 661.30 0.93 80090
19.88 8.36 166.15 661.92 0.93 80110
19.88 8.36 166.15 662.54 0.93 80130
19.88 8.36 166.15 663.06 0.93 80150
19.88 8.36 166.25 663.17 0.93 80170
19.88 8.36 166.25 663.50 0.93 80190
19.88 8.36 166.25 663.83 0.93 80210
19.88 8.36 166.25 664.69 0.94 80230
19.88 8.36 166.22 664.73 0.94 80250
19.88 8.36 166.22 665.28 0.94 80270
19.88 8.36 166.22 665.61 0.94 80290
19.88 8.36 166.22 665.90 0.94 80310
19.87 8.39 166.74 666.33 0.94 80330
19.87 8.39 166.74 666.79 0.94 80350
19.87 8.39 166.74 667.17 0.94 80370
19.88 8.35 166.01 667.64 0.94 80390
19.88 8.35 166.01 668.15 0.94 80410
19.88 8.35 166.01 668.46 0.94 80430
19.88 8.35 166.01 669.00 0.94 80450
19.88 8.32 165.36 669.37 0.94 80470
19.88 8.32 165.36 669.46 0.94 80490
19.88 8.32 165.36 670.10 0.94 80510
19.88 8.32 165.36 670.53 0.94 80530
19.88 8.35 166.06 670.70 0.94 80550
19.88 8.35 166.06 671.07 0.94 80570
19.88 8.35 166.06 671.67 0.94 80590
19.87 8.32 165.40 671.76 0.94 80610
19.87 8.32 165.40 672.50 0.94 80630
19.87 8.32 165.40 673.05 0.94 80650
19.87 8.32 165.40 673.10 0.94 80670
19.87 8.31 165.10 673.69 0.94 80690
19.87 8.31 165.10 673.91 0.94 80710
19.87 8.31 165.10 674.48 0.94 80730
19.88 8.33 165.62 674.41 0.94 80750
19.88 8.33 165.62 675.06 0.94 80770
19.88 8.33 165.62 675.39 0.94 80790
19.88 8.33 165.62 675.91 0.94 80810
19.88 8.24 163.88 676.36 0.94 80830
19.88 8.24 163.88 676.41 0.94 80850
19.88 8.24 163.88 676.66 0.94 80870
19.88 8.24 163.88 677.27 0.94 80890
19.88 8.30 164.91 677.72 0.94 80910
19.88 8.30 164.91 677.94 0.94 80930
19.88 8.30 164.91 678.60 0.95 80950
19.88 8.26 164.23 678.82 0.95 80970
19.88 8.26 164.23 679.23 0.95 80990
19.88 8.26 164.23 679.64 0.95 81010
19.88 8.26 164.23 680.20 0.95 81030
19.88 8.26 164.23 680.25 0.95 81050
19.88 8.26 164.23 680.87 0.95 81070
19.88 8.26 164.23 681.29 0.95 81090
19.88 8.25 163.94 681.55 0.95 81110
19.88 8.25 163.94 682.25 0.95 81130
19.88 8.25 163.94 682.47 0.95 81150
19.88 8.25 163.94 682.91 0.95 81170
19.88 8.30 165.01 683.01 0.95 81190
19.88 8.30 165.01 683.38 0.95 81210
19.88 8.30 165.01 684.05 0.95 81230
19.88 8.30 165.01 684.33 0.95 81250
19.90 7.64 152.07 684.45 0.95 81270
19.90 7.64 152.07 684.88 0.95 81290
19.90 7.64 152.07 685.13 0.95 81310
19.97 3.98 79.53 685.28 0.95 81330
19.97 3.98 79.53 685.51 0.95 81350
19.97 3.98 79.53 685.66 0.95 81370
19.97 3.98 79.53 685.77 0.95 81390
19.91 6.24 124.29 686.05 0.95 81410
19.91 6.24 124.29 686.18 0.95 81430
19.91 6.24 124.29 686.74 0.95 81450
19.91 6.24 124.29 686.84 0.95 81470
19.89 7.35 146.15 687.45 0.95 81490
19.89 7.35 146.15 687.73 0.95 81510
19.89 7.35 146.15 688.10 0.95 81530
19.88 7.89 156.87 688.76 0.95 81550
19.88 7.89 156.87 688.80 0.95 81570
19.88 7.89 156.87 689.24 0.95 81590
19.88 7.89 156.87 689.51 0.95 81610
19.88 8.16 162.25 689.92 0.95 81630
19.88 8.16 162.25 690.26 0.95 81650
19.88 8.16 162.25 690.59 0.95 81670
19.88 8.23 163.64 691.00 0.95 81690
19.88 8.23 163.64 691.28 0.95 81710
19.88 8.23 163.64 691.86 0.95 81730
19.88 8.23 163.64 692.34 0.95 81750
19.88 8.33 165.61 692.47 0.95 81770
19.88 8.33 165.61 692.93 0.96 81790
19.88 8.33 165.61 693.18 0.96 81810
19.88 8.33 165.61 693.86 0.96 81830
19.88 8.27 164.34 694.13 0.96 81850
19.88 8.27 164.34 694.65 0.96 81870
19.88 8.27 164.34 695.11 0.96 81890
19.88 8.31 165.21 695.06 0.96 81910
19.88 8.31 165.21 695.59 0.96 81930
19.88 8.31 165.21 695.94 0.96 81950
19.88 8.31 165.21 696.23 0.96 81970
19.88 8.28 164.54 696.52 0.96 81990
19.88 8.28 164.54 697.07 0.96 82010
19.88 8.28 164.54 697.67 0.96 82030
19.88 8.28 164.54 697.97 0.96 82050
19.88 8.30 165.01 698.20 0.96 82070
19.88 8.30 165.01 698.57 0.96 82090
19.88 8.30 165.01 699.28 0.96 82110
19.88 8.30 164.96 699.45 0.96 82130
19.88 8.30 164.96 699.78 0.96 82150
19.88 8.30 164.96 700.16 0.96 82170
19.88 8.30 164.96 700.40 0.96 82190
19.87 8.20 163.00 701.15 0.96 82210
19.87 8.20 163.00 701.32 0.96 82230
19.87 8.20 163.00 701.78 0.96 82250
19.88 8.31 165.23 701.98 0.96 82270
19.88 8.31 165.23 702.21 0.96 82290
19.88 8.31 165.23 702.93 0.96 82310
19.88 8.31 165.23 703.41 0.96 82330
19.88 8.26 164.08 703.52 0.96 82350
19.88 8.26 164.08 703.69 0.96 82370
19.88 8.26 164.08 704.30 0.96 82390
19.88 8.26 164.08 704.53 0.96 82410
19.88 8.24 163.87 704.94 0.96 82430
19.88 8.24 163.87 705.38 0.96 82450
19.88 8.24 163.87 706.14 0.96 82470
19.88 8.24 163.84 705.99 0.96 82490
19.88 8.24 163.84 706.65 0.96 82510
19.88 8.24 163.84 706.85 0.96 82530
19.88 8.24 163.84 707.05 0.96 82550
19.88 8.30 164.92 707.54 0.97 82570
19.88 8.30 164.92 708.28 0.97 82590
19.88 8.30 164.92 708.26 0.97 82610
19.88 8.29 164.82 709.06 0.97 82630
19.88 8.29 164.81 709.35 0.97 82650
19.88 8.29 164.81 709.66 0.97 82670
19.88 8.29 164.81 709.79 0.97 82690
19.88 8.26 164.27 710.41 0.97 82710
19.88 8.26 164.27 710.70 0.97 82730
19.88 8.26 164.27 710.78 0.97 82750
19.88 8.26 164.27 711.16 0.97 82770
19.88 8.28 164.53 711.57 0.97 82790
19.88 8.28 164.53 711.93 0.97 82810
19.88 8.28 164.53 712.55 0.97 82830
19.88 8.22 163.49 712.72 0.97 82850
19.88 8.22 163.49 713.44 0.97 82870
19.88 8.22 163.49 713.29 0.97 82890
19.88 8.22 163.49 713.94 0.97 82910
19.88 8.23 163.64 714.37 0.97 82930
19.88 8.23 163.64 714.70 0.97 82950
19.88 8.23 163.64 715.02 0.97 82970
19.88 8.23 163.64 715.40 0.97 82990
19.88 8.22 163.49 715.79 0.97 83010
19.88 8.22 163.49 716.36 0.97 83030
19.88 8.22 163.49 716.34 0.97 83050
19.88 8.26 164.19 717.18 0.97 83070
19.88 8.26 164.19 717.06 0.97 83090
19.88 8.26 164.19 717.45 0.97 83110
19.88 8.26 164.19 717.93 0.97 83130
19.88 8.28 164.63 718.36 0.97 83150
19.88 8.28 164.63 718.80 0.97 83170
19.88 8.28 164.63 719.03 0.97 83190
19.88 8.29 164.71 719.57 0.97 83210
19.88 8.29 164.71 719.76 0.97 83230
19.88 8.29 164.71 720.18 0.97 83250
19.88 8.29 164.71 720.72 0.97 83270
19.88 8.29 164.72 720.78 0.97 83290
19.88 8.29 164.72 720.95 0.97 83310
19.88 8.29 164.72 721.74 0.98 83330
19.88 8.29 164.72 721.82 0.98 83350
19.88 8.31 165.26 722.30 0.98 83370
19.88 8.31 165.26 722.35 0.98 83390
19.88 8.31 165.26 722.71 0.98 83410
19.88 8.28 164.63 723.34 0.98 83430
19.88 8.28 164.63 724.10 0.98 83450
19.88 8.28 164.63 724.00 0.98 83470
19.88 8.28 164.63 724.61 0.98 83490
19.93 6.97 138.84 724.80 0.98 83510
19.93 6.97 138.84 724.50 0.98 83530
19.93 6.97 138.84 724.95 0.98 83550
19.93 6.97 138.84 725.15 0.98 83570
19.97 3.67 73.29 725.26 0.98 83590
19.97 3.67 73.29 725.74 0.98 83610
19.97 3.67 73.29 725.49 0.98 83630
19.91 6.08 121.13 726.34 0.98 83650
19.91 6.08 121.13 726.25 0.98 83670
19.91 6.08 121.13 726.52 0.98 83690
19.91 6.08 121.13 726.95 0.98 83710
19.89 7.25 144.33 727.13 0.98 83730
19.89 7.25 144.33 727.43 0.98 83750
19.89 7.25 144.33 727.81 0.98 83770
19.89 7.75 154.22 727.94 0.98 83790
19.89 7.75 154.22 728.71 0.98 83810
19.89 7.75 154.22 728.96 0.98 83830
19.89 7.75 154.22 729.27 0.98 83850
19.88 7.98 158.61 729.77 0.98 83870
19.88 7.98 158.61 729.83 0.98 83890
19.88 7.98 158.61 729.94 0.98 83910
19.88 7.98 158.61 730.63 0.98 83930
19.88 8.14 161.76 731.07 0.98 83950
19.88 8.14 161.76 731.20 0.98 83970
19.88 8.14 161.76 731.64 0.98 83990
19.88 8.26 164.08 731.88 0.98 84010
19.88 8.26 164.08 732.42 0.98 84030
19.88 8.26 164.08 732.46 0.98 84050
19.88 8.26 164.08 732.93 0.98 84070
19.88 8.29 164.71 733.54 0.98 84090
19.88 8.29 164.71 734.12 0.98 84110
19.88 8.29 164.71 734.09 0.98 84130
19.88 6.86 136.29 734.35 0.98 84150
19.93 6.86 136.68 734.34 0.98 84170
19.93 6.86 136.68 734.82 0.98 84190
19.93 6.86 136.68 734.87 0.98 84210
20.01 2.15 43.13 734.82 0.98 84230
20.01 2.15 43.13 735.20 0.98 84250
20.01 2.15 43.13 735.06 0.98 84270
20.01 2.15 43.13 735.15 0.98 84290
19.97 3.72 74.27 735.47 0.98 84310
19.97 3.72 74.27 735.89 0.99 84330
19.97 3.72 74.27 735.97 0.99 84350
19.94 5.13 102.23 735.58 0.98 84370
19.94 5.13 102.23 736.21 0.99 84390
19.94 5.13 102.23 736.20 0.99 84410
19.94 5.13 102.23 736.61 0.99 84430
19.93 5.79 115.38 736.88 0.99 84450
19.93 5.79 115.38 737.32 0.99 84470
19.93 5.79 115.38 737.03 0.99 84490
19.93 5.79 115.38 737.56 0.99 84510
19.93 5.72 114.11 737.49 0.99 84530
19.93 5.72 114.11 737.79 0.99 84550
19.93 5.72 114.11 737.97 0.99 84570
19.93 5.65 112.72 738.24 0.99 84590
19.93 5.65 112.72 738.73 0.99 84610
19.93 5.65 112.72 738.53 0.99 84630
19.93 5.65 112.72 739.17 0.99 84650
19.91 6.51 129.66 739.36 0.99 84670
19.91 6.51 129.66 739.54 0.99 84690
19.91 6.51 129.66 739.91 0.99 84710
19.91 6.67 132.79 740.48 0.99 84730
19.91 6.67 132.79 740.47 0.99 84750
19.91 6.67 132.79 740.90 0.99 84770
19.91 6.67 132.79 740.94 0.99 84790
19.91 6.63 132.12 740.97 0.99 84810
19.91 6.63 132.12 741.68 0.99 84830
19.91 6.63 132.12 741.78 0.99 84850
19.91 6.63 132.12 742.04 0.99 84870
19.91 6.58 131.09 742.57 0.99 84890
19.91 6.58 131.09 742.51 0.99 84910
19.91 6.58 131.09 743.00 0.99 84930
19.91 6.45 128.39 743.49 0.99 84950
19.91 6.45 128.39 743.39 0.99 84970
19.91 6.45 128.39 743.75 0.99 84990
19.91 6.45 128.39 743.93 0.99 85010
19.92 6.41 127.77 744.15 0.99 85030
19.92 6.41 127.77 744.59 0.99 85050
19.92 6.41 127.77 744.72 0.99 85070
19.92 6.41 127.77 745.09 0.99 85090
19.92 6.31 125.74 745.33 0.99 85110
19.92 6.31 125.74 745.68 0.99 85130
19.92 6.31 125.74 745.46 0.99 85150
19.92 6.25 124.60 746.12 0.99 85170
19.92 6.25 124.60 746.33 0.99 85190
19.92 6.25 124.60 746.52 0.99 85210
19.92 6.25 124.60 746.99 0.99 85230
19.92 6.17 122.96 746.60 0.99 85250
19.92 6.17 122.96 747.16 0.99 85270
19.92 6.17 122.96 747.52 0.99 85290
19.92 6.13 122.12 747.65 0.99 85310
19.92 6.13 122.12 748.25 0.99 85330
19.92 6.13 122.12 748.46 0.99 85350
19.92 6.13 122.12 748.47 0.99 85370
19.92 6.06 120.74 748.96 0.99 85390
19.92 6.06 120.74 749.27 0.99 85410
19.92 6.06 120.74 749.04 0.99 85430
19.92 6.06 120.74 749.48 0.99 85450
19.92 6.00 119.50 749.63 0.99 85470
19.92 6.00 119.50 749.89 0.99 85490
19.92 6.00 119.50 750.25 1.00 85510
19.93 5.92 117.91 750.43 1.00 85530
19.93 5.92 117.91 750.77 1.00 85550
19.93 5.92 117.91 750.97 1.00 85570
19.93 5.92 117.91 751.32 1.00 85590
19.93 5.89 117.32 751.34 1.00 85610
19.93 5.89 117.32 751.73 1.00 85630
19.93 5.89 117.32 751.81 1.00 85650
19.93 5.80 115.53 752.19 1.00 85670
19.93 5.80 115.54 752.34 1.00 85690
19.93 5.80 115.54 752.29 1.00 85710
19.93 5.80 115.54 752.96 1.00 85730
19.93 5.73 114.30 752.98 1.00 85750
19.93 5.73 114.30 753.27 1.00 85770
19.93 5.73 114.30 753.49 1.00 85790
19.93 5.73 114.30 754.12 1.00 85810
19.93 5.64 112.47 753.67 1.00 85830
19.93 5.64 112.47 754.05 1.00 85850
19.93 5.64 112.47 754.43 1.00 85870
19.93 5.64 112.42 754.31 1.00 85890
19.93 5.64 112.42 754.90 1.00 85910
19.93 5.64 112.42 755.11 1.00 85930
19.93 5.64 112.42 755.18 1.00 85950
19.93 5.59 111.53 755.10 1.00 85970
19.93 5.59 111.53 755.62 1.00 85990
19.93 5.59 111.53 756.00 1.00 86010
19.93 5.59 111.53 756.54 1.00 86030
19.93 5.52 110.09 756.34 1.00 86050
19.93 5.52 110.09 756.64 1.00 86070
19.93 5.52 110.09 757.04 1.00 86090
19.94 5.46 108.95 756.71 1.00 86110
19.94 5.46 108.95 757.02 1.00 86130
19.94 5.46 108.95 757.41 1.00 86150
19.94 5.46 108.95 757.40 1.00 86170
19.94 5.41 107.87 757.75 1.00 86190
19.94 5.41 107.87 757.68 1.00 86210
19.94 5.41 107.87 758.20 1.00 86230
19.94 5.36 106.92 758.53 1.00 86250
19.94 5.36 106.92 758.57 1.00 86270
19.94 5.36 106.92 758.86 1.00 86290
19.94 5.36 106.92 758.75 1.00 86310
19.94 5.30 105.63 758.92 1.00 86330
19.94 5.30 105.63 759.34 1.00 86350
19.94 5.30 105.63 759.68 1.00 86370
19.94 5.30 105.63 759.96 1.00 86390
19.94 5.26 104.83 760.04 1.00 86410
19.94 5.26 104.83 760.36 1.00 86430
19.94 5.26 104.83 760.25 1.00 86450
19.94 5.20 103.70 760.70 1.00 86470
19.94 5.20 103.70 760.80 1.00 86490
19.94 5.20 103.70 760.98 1.00 86510
19.94 5.20 103.70 761.32 1.00 86530
19.94 5.16 103.00 761.38 1.00 86550
19.94 5.16 103.00 761.77 1.00 86570
19.94 5.16 103.00 761.68 1.00 86590
19.94 5.16 103.00 761.46 1.00 86610
19.94 5.07 101.21 762.50 1.00 86630
19.94 5.07 101.21 762.15 1.00 86650
19.94 5.07 101.21 762.91 1.00 86670
19.94 5.07 101.22 762.55 1.00 86690
19.94 5.07 101.22 763.10 1.00 86710
19.94 5.07 101.22 763.22 1.00 86730
19.94 5.07 101.22 763.30 1.00 86750
19.94 4.97 99.18 763.47 1.00 86770
19.94 4.97 99.18 763.92 1.00 86790
19.94 4.97 99.18 764.02 1.00 86810
19.95 4.99 99.54 764.01 1.00 86830
19.95 4.99 99.54 764.35 1.00 86850
19.95 4.99 99.54 764.46 1.00 86870
19.95 4.99 99.54 764.48 1.00 86890
20.08 0.56 11.24 764.28 1.00 86910
20.08 0.56 11.24 764.27 1.00 86930
20.08 0.56 11.24 763.93 1.00 86950
20.08 0.56 11.24 764.12 1.00 86970
20.05 0.02 0.35 763.92 1.00 86990
20.05 0.02 0.35 763.68 1.00 87010
20.05 0.02 0.35 763.78 1.00 87030
20.05 0.02 0.35 763.34 1.00 87050
20.05 0.02 0.35 763.37 1.00 87070
20.05 0.02 0.35 763.41 1.00 87090
20.05 0.02 0.35 763.15 1.00 87110
20.05 0.02 0.35 763.47 1.00 87130
20.05 0.02 0.35 763.14 1.00 87150
20.05 0.02 0.35 763.00 1.00 87170
20.05 0.02 0.35 762.95 1.00 87190
20.05 0.02 0.35 762.77 1.00 87210
20.05 0.02 0.35 762.86 1.00 87230
20.05 0.02 0.35 762.81 1.00 87250
20.05 0.02 0.35 762.66 1.00 87270
20.05 0.02 0.35 762.60 1.00 87290
20.05 0.02 0.35 762.87 1.00 87310
20.05 0.02 0.35 762.47 1.00 87330
20.05 0.02 0.35 762.38 1.00 87350
20.05 0.02 0.35 762.14 1.00 87370
20.05 0.02 0.35 761.96 1.00 87390
20.05 0.02 0.35 762.15 1.00 87410
20.05 0.02 0.35 762.20 1.00 87430
20.05 0.02 0.35 761.96 1.00 87450
20.05 0.02 0.35 761.78 1.00 87470
20.05 0.02 0.35 761.71 1.00 87490
20.05 0.02 0.35 761.61 1.00 87510
20.05 0.02 0.35 761.79 1.00 87530
20.05 0.02 0.35 761.41 1.00 87550
20.05 0.02 0.35 761.40 1.00 87570
20.05 0.02 0.35 761.41 1.00 87590
20.05 0.02 0.35 761.34 1.00 87610
20.05 0.02 0.35 761.39 1.00 87630
20.05 0.02 0.35 761.43 1.00 87650
20.05 0.02 0.35 760.82 1.00 87670
20.05 0.02 0.35 761.24 1.00 87690
20.05 0.02 0.35 761.80 1.00 87710
20.05 0.02 0.35 760.91 1.00 87730
20.05 0.02 0.35 761.00 1.00 87750
20.05 0.02 0.35 761.31 1.00 87770
20.05 0.02 0.35 760.82 1.00 87790
20.05 0.02 0.35 761.17 1.00 87810
20.05 0.02 0.35 760.69 1.00 87830
20.05 0.02 0.35 760.88 1.00 87850
20.05 0.02 0.35 760.55 1.00 87870
20.05 0.02 0.35 760.30 1.00 87890
20.05 0.02 0.35 760.33 1.00 87910
20.05 0.02 0.35 760.44 1.00 87930
20.05 0.02 0.35 760.31 1.00 87950
20.05 0.02 0.35 760.41 1.00 87970
20.05 0.02 0.35 759.71 1.00 87990
20.05 0.02 0.35 759.93 1.00 88010
20.05 0.02 0.35 760.31 1.00 88030
20.05 0.02 0.35 759.98 1.00 88050
20.05 0.02 0.35 759.59 1.00 88070
20.05 0.02 0.35 759.93 1.00 88090
20.05 0.02 0.35 759.59 1.00 88110
20.05 0.02 0.35 759.57 1.00 88130
20.05 0.02 0.35 759.63 1.00 88150
20.05 0.02 0.35 759.70 1.00 88170
20.05 0.02 0.35 759.31 1.00 88190
20.05 0.02 0.35 759.12 1.00 88210
20.05 0.02 0.35 759.41 1.00 88230
20.05 0.02 0.35 759.08 1.00 88250
20.05 0.02 0.35 758.98 1.00 88270
20.05 0.02 0.35 759.09 1.00 88290
20.05 0.02 0.35 758.93 1.00 88310
20.05 0.02 0.35 758.94 1.00 88330
20.05 0.02 0.35 758.54 1.00 88350
20.05 0.02 0.35 758.77 1.00 88370
20.05 0.02 0.35 758.66 1.00 88390
20.05 0.02 0.35 758.71 1.00 88410
20.05 0.02 0.35 758.73 1.00 88430
20.05 0.02 0.35 758.42 1.00 88450
20.05 0.02 0.35 758.32 1.00 88470
20.05 0.02 0.35 758.12 1.00 88490
20.05 0.02 0.35 758.17 1.00 88510
20.05 0.02 0.35 758.07 1.00 88530
20.05 0.02 0.35 758.17 1.00 88550
20.05 0.02 0.35 757.85 1.00 88570
20.05 0.02 0.35 758.01 1.00 88590
20.05 0.02 0.35 757.77 1.00 88610
20.05 0.02 0.35 757.65 1.00 88630
20.05 0.02 0.35 757.75 1.00 88650
20.05 0.02 0.35 757.65 1.00 88670
20.05 0.02 0.35 757.61 1.00 88690
20.05 0.02 0.35 757.37 1.00 88710
20.05 0.02 0.35 757.39 1.00 88730
20.05 0.02 0.35 757.31 1.00 88750
20.05 0.02 0.35 757.10 1.00 88770
20.05 0.02 0.35 757.25 1.00 88790
20.05 0.02 0.35 756.96 1.00 88810
20.05 0.02 0.35 757.03 1.00 88830
20.05 0.02 0.35 756.86 1.00 88850
20.05 0.02 0.35 756.91 1.00 88870
20.05 0.02 0.35 756.58 1.00 88890
20.05 0.02 0.35 756.67 1.00 88910
20.05 0.02 0.35 756.53 1.00 88930
20.05 0.02 0.35 756.48 1.00 88950
20.05 0.02 0.35 756.31 1.00 88970
20.05 0.02 0.35 756.55 1.00 88990
20.05 0.02 0.35 756.19 1.00 89010
20.05 0.02 0.35 756.23 1.00 89030
20.05 0.02 0.35 755.97 1.00 89050
20.05 0.02 0.35 756.24 1.00 89070
20.05 0.02 0.35 756.05 1.00 89090
20.05 0.02 0.35 755.90 1.00 89110
20.05 0.02 0.35 755.97 1.00 89130
20.05 0.02 0.35 755.60 1.00 89150
20.05 0.02 0.35 755.66 1.00 89170
20.05 0.02 0.35 755.70 1.00 89190
20.05 0.02 0.35 755.57 1.00 89210
20.05 0.02 0.35 755.27 1.00 89230
20.05 0.02 0.35 755.71 1.00 89250
20.05 0.02 0.35 755.20 1.00 89270
20.05 0.02 0.35 755.22 1.00 89290
20.05 0.02 0.35 755.07 1.00 89310
20.05 0.02 0.35 755.06 1.00 89330
20.05 0.02 0.35 755.13 1.00 89350
20.05 0.02 0.35 754.78 1.00 89370
20.05 0.02 0.35 754.89 1.00 89390
20.05 0.02 0.35 754.90 1.00 89410
20.05 0.02 0.35 754.34 1.00 89430
20.05 0.02 0.35 755.07 1.00 89450
20.05 0.02 0.35 754.61 1.00 89470
20.05 0.02 0.35 754.50 1.00 89490
20.05 0.02 0.35 754.83 1.00 89510
20.05 0.02 0.35 754.43 1.00 89530
20.05 0.02 0.35 754.32 1.00 89550
20.05 0.02 0.35 754.26 1.00 89570
20.05 0.02 0.35 754.20 1.00 89590
20.05 0.02 0.35 753.84 1.00 89610
20.05 0.02 0.35 753.99 1.00 89630
20.05 0.02 0.35 753.73 1.00 89650
20.05 0.02 0.35 753.78 1.00 89670
20.05 0.02 0.35 753.78 1.00 89690
20.05 0.02 0.35 753.93 1.00 89710
20.05 0.02 0.35 753.89 1.00 89730
20.05 0.02 0.35 753.45 1.00 89750
20.05 0.02 0.35 753.59 1.00 89770
20.05 0.02 0.35 753.28 1.00 89790
20.05 0.02 0.35 752.95 1.00 89810
20.05 0.02 0.35 753.14 1.00 89830
20.05 0.02 0.35 753.14 1.00 89850
20.05 0.02 0.35 752.89 1.00 89870
20.05 0.02 0.35 753.29 1.00 89890
20.05 0.02 0.35 753.06 1.00 89910
20.05 0.02 0.35 752.83 1.00 89930
20.05 0.02 0.35 752.91 1.00 89950
20.05 0.02 0.35 752.37 1.00 89970
20.05 0.02 0.35 752.64 1.00 89990
20.05 0.02 0.35 752.42 1.00 90010
20.05 0.02 0.35 752.61 1.00 90030
20.05 0.02 0.35 752.41 1.00 90050
20.05 0.02 0.35 752.21 1.00 90070
20.05 0.02 0.35 752.30 1.00 90090
20.05 0.02 0.35 752.12 1.00 90110
20.05 0.02 0.35 752.13 1.00 90130
20.05 0.02 0.35 751.96 1.00 90150
20.05 0.02 0.35 751.89 1.00 90170
20.05 0.02 0.35 751.94 1.00 90190
20.05 0.02 0.35 751.45 1.00 90210
20.05 0.02 0.35 751.68 1.00 90230
20.05 0.02 0.35 751.58 1.00 90250
20.05 0.02 0.35 751.36 1.00 90270
20.05 0.02 0.35 751.65 1.00 90290
20.05 0.02 0.35 751.24 1.00 90310
20.05 0.02 0.35 751.31 1.00 90330
20.05 0.02 0.35 751.20 1.00 90350
20.05 0.02 0.35 751.09 1.00 90370
20.05 0.02 0.35 751.07 1.00 90390
20.05 0.02 0.35 751.12 1.00 90410
20.05 0.02 0.35 750.78 1.00 90430
20.05 0.02 0.35 750.90 1.00 90450
20.05 0.02 0.35 750.93 1.00 90470
20.05 0.02 0.35 750.59 1.00 90490
20.05 0.02 0.35 750.79 1.00 90510
20.05 0.02 0.35 750.28 1.00 90530
20.05 0.02 0.35 750.08 1.00 90550
20.05 0.02 0.35 750.58 1.00 90570
20.05 0.02 0.35 750.00 1.00 90590
20.05 0.02 0.35 750.08 1.00 90610
20.05 0.02 0.35 750.32 1.00 90630
20.05 0.02 0.35 750.09 1.00 90650
20.05 0.02 0.35 750.16 1.00 90670
20.05 0.02 0.35 750.18 1.00 90690
20.05 0.02 0.35 749.89 1.00 90710
20.05 0.02 0.35 749.84 1.00 90730
20.05 0.02 0.35 749.95 1.00 90750
20.05 0.02 0.35 749.51 1.00 90770
20.05 0.02 0.35 749.82 1.00 90790
20.05 0.02 0.35 749.51 1.00 90810
20.05 0.02 0.35 749.43 1.00 90830
20.05 0.02 0.35 749.43 1.00 90850
20.05 0.02 0.35 749.04 1.00 90870
20.05 0.02 0.35 749.20 1.00 90890
20.05 0.02 0.35 749.47 1.00 90910
20.05 0.02 0.35 749.16 1.00 90930
20.05 0.02 0.35 749.07 1.00 90950
20.05 0.02 0.35 748.92 1.00 90970
20.05 0.02 0.35 748.58 1.00 90990
20.05 0.02 0.35 748.86 1.00 91010
20.05 0.02 0.35 749.09 1.00 91030
20.05 0.02 0.35 748.51 1.00 91050
20.05 0.02 0.35 748.35 1.00 91070
