30.08 0.01 0.38 11.12 12.00 774420
30.08 0.01 0.38 11.12 12.00 774440
30.08 0.01 0.38 11.12 12.00 774460
30.08 0.01 0.38 11.12 12.00 774480
30.08 0.01 0.38 11.12 12.00 774500
30.08 0.01 0.38 11.12 12.00 774520
30.08 0.01 0.38 11.12 12.00 774540
30.08 0.01 0.38 11.12 12.00 774560
30.08 0.01 0.38 11.12 12.00 774580
30.08 0.01 0.38 11.12 12.00 774600
30.08 0.01 0.38 11.12 12.00 774620
30.08 0.01 0.38 11.12 12.00 774640
30.08 0.01 0.38 11.12 12.00 774660
30.08 0.01 0.45 11.12 12.00 774680
30.08 0.01 0.45 11.12 12.00 774700
30.08 0.01 0.45 11.12 12.00 774720
30.08 0.01 0.38 11.12 12.00 774740
30.08 0.01 0.38 11.12 12.00 774760
30.08 0.01 0.38 11.12 12.00 774780
30.08 0.01 0.38 11.12 12.00 774800
30.08 0.01 0.38 11.12 12.00 774820
30.08 0.01 0.38 11.12 12.00 774840
30.08 0.01 0.38 11.12 12.00 774860
30.08 0.01 0.38 11.12 12.00 774880
30.08 0.01 0.45 11.12 12.00 774900
30.08 0.01 0.45 11.12 12.00 774920
30.08 0.01 0.45 11.12 12.00 774940
30.08 0.01 0.38 11.12 12.00 774960
30.08 0.01 0.38 11.12 12.00 774980
30.08 0.01 0.38 11.12 12.00 775000
30.08 0.01 0.38 11.12 12.00 775020
30.08 0.01 0.38 11.12 12.00 775040
30.08 0.01 0.38 11.12 12.00 775060
30.08 0.01 0.38 11.12 12.00 775080
30.08 0.01 0.45 11.12 12.00 775100
30.08 0.01 0.45 11.12 12.00 775120
30.08 0.01 0.45 11.12 12.00 775140
30.08 0.01 0.45 11.12 12.00 775160
30.08 0.01 0.38 11.12 12.00 775180
30.08 0.01 0.38 11.12 12.00 775200
30.08 0.01 0.38 11.12 12.00 775220
30.08 0.01 0.38 11.12 12.00 775240
30.08 0.01 0.38 11.12 12.00 775260
30.08 0.01 0.38 11.12 12.00 775280
30.08 0.01 0.38 11.12 12.00 775300
30.08 0.01 0.38 11.12 12.00 775320
30.08 0.01 0.38 11.12 12.00 775340
30.08 0.01 0.38 11.12 12.00 775360
30.08 0.01 0.38 11.12 12.00 775380
30.08 0.01 0.45 11.12 12.00 775400
30.08 0.01 0.45 11.12 12.00 775420
30.08 0.01 0.45 11.12 12.00 775440
30.08 0.01 0.45 11.12 12.00 775460
30.08 0.01 0.38 11.12 12.00 775480
30.08 0.01 0.38 11.12 12.00 775500
30.08 0.01 0.38 11.12 12.00 775520
30.08 0.01 0.38 11.12 12.00 775540
30.08 0.01 0.38 11.12 12.00 775560
30.08 0.01 0.38 11.12 12.00 775580
30.08 0.01 0.38 11.12 12.00 775600
30.08 0.01 0.45 11.12 12.00 775620
30.08 0.01 0.45 11.12 12.00 775640
30.08 0.01 0.45 11.12 12.00 775660
30.08 0.01 0.38 11.12 12.00 775680
30.08 0.01 0.38 11.12 12.00 775700
30.08 0.01 0.38 11.12 12.00 775720
30.08 0.01 0.38 0.00 12.00 775740
30.08 0.01 0.45 0.00 12.00 775760
30.08 0.01 0.45 0.00 12.00 775780
30.08 0.01 0.45 0.00 12.00 775800
30.08 0.01 0.45 0.00 12.00 775820
30.08 0.01 0.38 0.00 12.00 775840
30.08 0.01 0.38 0.00 12.00 775860
30.08 0.01 0.38 0.00 12.00 775880
30.08 0.01 0.38 0.00 12.00 775900
30.08 0.01 0.38 0.00 12.00 775920
30.08 0.01 0.38 0.00 12.00 775940
30.08 0.01 0.38 0.00 12.00 775960
30.08 0.01 0.38 0.00 12.00 775980
30.08 0.01 0.38 0.00 12.00 776000
30.08 0.01 0.38 0.00 12.00 776020
30.08 0.01 0.38 0.00 12.00 776040
30.08 0.01 0.38 0.00 12.00 776060
30.08 0.01 0.38 0.00 12.00 776080
30.08 0.01 0.38 0.00 12.00 776100
30.08 0.01 0.38 0.00 12.00 776120
30.08 0.01 0.38 0.00 12.00 776140
30.08 0.01 0.38 0.00 12.00 776160
30.08 0.01 0.38 0.00 12.00 776180
30.08 0.01 0.38 0.00 12.00 776200
30.08 0.01 0.38 0.00 12.00 776220
30.08 0.01 0.38 0.00 12.00 776240
30.08 0.01 0.38 0.00 12.00 776260
30.08 0.01 0.38 0.00 12.00 776280
30.08 0.01 0.38 0.00 12.00 776300
30.08 0.01 0.38 0.00 12.00 776320
30.08 0.01 0.45 0.00 12.00 776340
30.08 0.01 0.45 0.00 12.00 776360
30.08 0.01 0.45 0.00 12.00 776380
30.08 0.01 0.45 0.00 12.00 776400
30.08 0.01 0.38 0.00 12.00 776420
30.08 0.01 0.38 0.00 12.00 776440
30.08 0.01 0.38 0.00 12.00 776460
30.08 0.01 0.38 0.00 12.00 776480
30.08 0.01 0.38 0.00 12.00 776500
30.08 0.01 0.38 0.00 12.00 776520
30.08 0.01 0.38 0.00 12.00 776540
30.08 0.01 0.38 0.00 12.00 776560
30.08 0.01 0.38 0.00 12.00 776580
30.08 0.01 0.38 0.00 12.00 776600
30.08 0.01 0.38 0.00 12.00 776620
30.08 0.01 0.38 0.00 12.00 776640
30.08 0.01 0.38 0.00 12.00 776660
30.08 0.01 0.38 0.00 12.00 776680
30.08 0.01 0.45 0.00 12.00 776700
30.08 0.01 0.45 0.00 12.00 776720
30.08 0.01 0.45 0.00 12.00 776740
30.08 0.01 0.45 0.00 12.00 776760
30.08 0.01 0.45 0.00 12.00 776780
30.08 0.01 0.45 0.00 12.00 776800
30.08 0.01 0.45 0.00 12.00 776820
30.08 0.01 0.38 0.00 12.00 776840
30.08 0.01 0.38 0.00 12.00 776860
30.08 0.01 0.38 0.00 12.00 776880
30.08 0.01 0.38 0.00 12.00 776900
30.08 0.01 0.38 0.00 12.00 776920
30.08 0.01 0.38 0.00 12.00 776940
30.08 0.01 0.38 0.00 12.00 776960
30.08 0.01 0.38 0.00 12.00 776980
30.08 0.01 0.38 0.00 12.00 777000
30.08 0.01 0.38 0.00 12.00 777020
30.08 0.01 0.38 0.00 12.00 777040
30.08 0.01 0.38 0.00 12.00 777060
30.08 0.01 0.38 0.00 12.00 777080
30.08 0.01 0.38 0.00 12.00 777100
30.08 0.01 0.38 0.00 12.00 777120
30.08 0.01 0.38 0.00 12.00 777140
30.08 0.01 0.38 0.00 12.00 777160
30.08 0.01 0.38 0.00 12.00 777180
30.08 0.01 0.45 0.00 12.00 777200
30.08 0.01 0.45 0.00 12.00 777220
30.08 0.01 0.45 0.00 12.00 777240
30.08 0.01 0.45 0.00 12.00 777260
30.08 0.01 0.45 0.00 12.00 777280
30.08 0.01 0.45 0.00 12.00 777300
30.08 0.01 0.45 0.00 12.00 777320
30.08 0.01 0.45 0.00 12.00 777340
30.08 0.01 0.38 0.00 12.00 777360
30.08 0.01 0.38 0.00 12.00 777380
30.08 0.01 0.38 0.00 12.00 777400
30.08 0.01 0.45 0.00 12.00 777420
30.08 0.01 0.45 0.00 12.00 777440
30.08 0.01 0.45 0.00 12.00 777460
30.08 0.01 0.45 0.00 12.00 777480
30.08 0.01 0.38 0.00 12.00 777500
30.08 0.01 0.38 0.00 12.00 777520
30.08 0.01 0.38 0.00 12.00 777540
30.08 0.01 0.38 0.00 12.00 777560
30.08 0.01 0.38 0.00 12.00 777580
30.08 0.01 0.38 0.00 12.00 777600
30.08 0.01 0.38 0.00 12.00 777620
30.08 0.01 0.45 0.00 12.00 777640
30.08 0.01 0.45 0.00 12.00 777660
30.08 0.01 0.45 0.00 12.00 777680
30.08 0.01 0.45 0.00 12.00 777700
30.08 0.01 0.38 0.00 12.00 777720
30.08 0.01 0.38 0.00 12.00 777740
30.08 0.01 0.38 0.00 12.00 777760
30.08 0.01 0.45 0.00 12.00 777780
30.08 0.01 0.45 0.00 12.00 777800
30.08 0.01 0.45 0.00 12.00 777820
30.08 0.01 0.45 0.00 12.00 777840
30.08 0.01 0.38 0.00 12.00 777860
30.08 0.01 0.38 0.00 12.00 777880
30.08 0.01 0.38 0.00 12.00 777900
30.08 0.01 0.38 0.00 12.00 777920
30.08 0.01 0.45 0.00 12.00 777940
30.08 0.01 0.45 0.00 12.00 777960
30.08 0.01 0.45 0.00 12.00 777980
30.07 0.05 1.50 0.00 12.00 778000
30.07 0.05 1.50 0.00 12.00 778020
30.07 0.05 1.50 0.00 12.00 778040
30.07 0.05 1.50 0.00 12.00 778060
30.03 1.09 32.73 0.00 12.00 778080
30.03 1.09 32.73 0.00 12.00 778100
30.03 1.09 32.73 0.00 12.00 778120
29.99 3.54 106.09 0.00 12.00 778140
29.99 3.54 106.09 0.00 12.00 778160
29.99 3.54 106.09 0.00 12.00 778180
29.99 3.54 106.09 0.00 12.00 778200
29.95 5.61 168.11 6.08 12.00 778220
29.95 5.61 168.11 6.08 12.00 778240
29.95 5.61 168.11 6.08 12.00 778260
29.95 5.61 168.11 6.08 12.00 778280
29.93 6.78 203.08 6.08 12.00 778300
29.93 6.78 203.08 6.04 12.00 778320
29.93 6.78 203.08 6.04 12.00 778340
29.92 7.14 213.59 6.04 12.00 778360
29.92 7.14 213.59 6.02 12.00 778380
29.92 7.14 213.59 6.02 12.00 778400
29.92 7.14 213.59 6.01 12.00 778420
29.93 7.19 215.18 6.01 12.00 778440
29.93 7.19 215.18 6.00 12.00 778460
29.93 7.19 215.18 6.00 12.00 778480
29.93 7.19 215.18 5.99 12.00 778500
29.93 7.14 213.83 5.99 12.00 778520
29.93 7.14 213.83 5.98 12.00 778540
29.93 7.14 213.83 5.98 12.00 778560
29.93 6.96 208.26 5.98 12.00 778580
29.93 6.96 208.26 5.98 12.00 778600
29.93 6.96 208.26 5.98 12.00 778620
29.93 6.96 208.26 5.97 12.00 778640
29.94 6.79 203.42 5.97 12.00 778660
29.94 6.79 203.42 5.97 12.00 778680
29.94 6.79 203.42 5.97 12.00 778700
29.93 6.80 203.63 5.97 12.00 778720
29.93 6.80 203.63 5.98 12.00 778740
29.93 6.80 203.63 5.98 12.00 778760
29.93 6.80 203.63 5.98 12.00 778780
29.94 6.60 197.54 5.98 12.00 778800
29.94 6.60 197.54 5.99 12.00 778820
29.94 6.60 197.54 5.99 12.00 778840
29.94 6.60 197.54 5.99 12.00 778860
29.94 6.52 195.14 6.00 12.00 778880
29.94 6.52 195.14 6.00 12.00 778900
29.94 6.52 195.14 6.01 12.00 778920
29.94 6.46 193.59 6.01 12.00 778940
29.94 6.46 193.59 6.02 12.00 778960
29.94 6.46 193.59 6.03 12.00 778980
29.94 6.46 193.59 6.03 12.00 779000
29.94 6.30 188.80 6.04 12.00 779020
29.94 6.30 188.80 6.05 12.00 779040
29.94 6.30 188.80 6.06 12.00 779060
29.95 6.22 186.35 6.07 12.00 779080
29.95 6.22 186.35 6.08 12.00 779100
29.95 6.22 186.35 6.09 12.00 779120
29.95 6.22 186.35 6.11 12.00 779140
29.95 6.04 181.06 6.12 12.00 779160
29.95 6.04 181.06 6.14 12.00 779180
29.95 6.04 181.06 6.17 12.00 779200
29.95 6.04 181.06 6.19 12.00 779220
29.95 5.90 176.88 6.21 12.00 779240
29.95 5.90 176.88 6.26 12.00 779260
29.95 5.90 176.88 6.29 12.00 779280
29.95 5.83 174.64 6.39 12.00 779300
29.95 5.83 174.64 6.55 12.00 779320
29.95 5.83 174.64 7.30 12.00 779340
29.95 5.83 174.64 7.88 12.00 779360
29.96 5.80 173.90 10.61 12.00 779380
29.96 5.80 173.90 51.22 12.00 779400
29.96 5.80 173.90 56.86 12.00 779420
29.96 5.80 173.90 58.89 12.00 779440
29.96 5.63 168.67 62.47 12.00 779460
29.96 5.63 168.67 65.36 12.00 779480
29.96 5.63 168.67 66.69 12.00 779500
29.97 5.44 163.08 69.26 12.00 779520
29.97 5.44 163.08 71.59 12.00 779540
29.97 5.44 163.08 72.72 12.00 779560
29.97 5.44 163.08 74.82 12.00 779580
29.97 5.37 160.99 76.82 12.00 779600
29.97 5.37 160.99 78.77 12.00 779620
29.97 5.37 160.99 79.72 12.00 779640
29.97 5.27 158.09 81.50 12.00 779660
29.97 5.27 158.09 83.18 12.00 779680
29.97 5.27 158.09 84.90 12.00 779700
29.97 5.27 158.09 86.45 12.00 779720
29.97 5.15 154.41 87.23 12.00 779740
29.97 5.15 154.41 88.81 12.00 779760
29.97 5.15 154.41 90.20 12.00 779780
29.97 5.15 154.41 91.72 12.00 779800
29.97 5.09 152.48 93.14 12.00 779820
29.97 5.09 152.48 94.52 12.00 779840
29.97 5.09 152.48 95.88 12.00 779860
29.97 4.97 148.97 97.15 12.00 779880
29.97 4.97 148.97 98.42 12.00 779900
29.97 4.97 148.97 99.76 12.00 779920
29.97 4.97 148.97 100.80 12.00 779940
29.97 4.88 146.13 102.06 12.00 779960
29.97 4.88 146.13 103.26 12.00 779980
29.97 4.88 146.13 104.40 12.00 780000
29.97 4.88 146.13 106.11 12.00 780020
29.97 5.07 151.94 107.21 12.00 780040
29.97 5.07 151.94 108.28 12.00 780060
29.97 5.07 151.94 109.37 12.00 780080
29.94 6.04 180.79 110.45 12.00 780100
29.94 6.04 180.79 111.49 12.00 780120
29.94 6.04 180.79 113.05 12.00 780140
29.94 6.04 180.79 114.09 12.00 780160
29.91 7.53 225.23 115.16 12.00 780180
29.91 7.53 225.23 116.24 12.00 780200
29.91 7.53 225.23 117.82 12.00 780220
29.88 9.21 275.16 118.84 12.00 780240
29.88 9.21 275.16 119.82 12.00 780260
29.88 9.21 275.16 121.38 12.00 780280
29.88 9.21 275.16 122.33 12.00 780300
29.84 10.83 323.18 123.97 12.00 780320
29.84 10.83 323.18 125.10 12.00 780340
29.84 10.83 323.18 126.80 12.00 780360
29.84 10.83 323.18 127.88 12.00 780380
29.82 11.99 357.54 129.63 12.00 780400
29.82 11.99 357.54 131.35 12.00 780420
29.82 11.99 357.54 132.51 12.00 780440
29.80 12.88 383.99 134.22 12.00 780460
29.80 12.88 383.99 136.10 12.00 780480
29.80 12.88 383.99 137.33 12.00 780500
29.80 12.88 383.99 139.20 12.00 780520
29.80 13.17 392.45 140.98 12.00 780540
29.80 13.17 392.45 142.86 12.00 780560
29.80 13.17 392.45 144.18 12.00 780580
29.81 12.97 386.69 146.07 12.00 780600
29.81 12.97 386.69 148.01 12.00 780620
29.81 12.97 386.69 149.83 12.00 780640
29.81 12.97 386.69 151.71 12.00 780660
29.82 12.45 371.14 153.57 12.00 780680
29.82 12.45 371.14 155.50 12.00 780700
29.82 12.45 371.14 157.14 12.00 780720
29.82 12.45 371.14 158.96 12.00 780740
29.83 11.85 353.44 160.68 12.00 780760
29.83 11.85 353.44 162.54 12.00 780780
29.83 11.85 353.44 164.95 12.00 780800
29.84 11.43 341.15 166.52 12.00 780820
29.84 11.43 341.15 168.08 12.00 780840
29.84 11.43 341.15 169.74 12.00 780860
29.84 11.43 341.15 171.85 12.00 780880
29.85 11.10 331.44 173.39 12.00 780900
29.85 11.10 331.44 174.88 12.00 780920
29.85 11.10 331.44 176.49 12.00 780940
29.85 11.10 331.44 178.54 12.00 780960
29.85 10.76 321.12 179.73 12.00 780980
29.85 10.76 321.12 181.50 12.00 781000
29.85 10.76 321.12 182.99 12.00 781020
29.85 10.95 326.97 185.12 12.00 781040
29.85 10.95 326.97 186.26 12.00 781060
29.85 10.95 326.97 187.65 12.00 781080
29.85 10.95 326.97 189.26 12.00 781100
29.84 11.11 331.48 191.06 12.00 781120
29.84 11.11 331.48 192.23 12.00 781140
29.84 11.11 331.48 194.17 12.00 781160
29.84 11.39 339.77 195.22 12.00 781180
29.84 11.39 339.77 196.85 12.00 781200
29.84 11.39 339.77 198.49 12.00 781220
29.84 11.39 339.77 200.10 12.00 781240
29.83 11.48 342.43 201.35 12.00 781260
29.83 11.48 342.43 203.04 12.00 781280
29.83 11.48 342.43 204.71 12.00 781300
29.83 11.48 342.43 206.12 12.00 781320
29.84 11.53 344.09 207.19 12.00 781340
29.84 11.53 344.09 208.93 12.00 781360
29.84 11.53 344.09 210.67 12.00 781380
29.83 11.52 343.62 211.95 12.00 781400
29.83 11.52 343.62 213.51 12.00 781420
29.83 11.52 343.62 214.96 12.00 781440
29.83 11.52 343.62 216.60 12.00 781460
29.83 11.47 342.13 218.05 12.00 781480
29.83 11.47 342.13 219.47 12.00 781500
29.83 11.47 342.13 220.98 12.00 781520
29.83 11.47 342.13 222.54 12.00 781540
29.83 11.66 347.89 224.01 12.00 781560
29.83 11.66 347.89 225.49 12.00 781580
29.83 11.66 347.89 227.19 12.00 781600
29.83 11.71 349.40 228.44 12.00 781620
29.83 11.71 349.40 229.92 12.00 781640
29.83 11.71 349.40 231.39 12.00 781660
29.83 11.71 349.40 233.05 12.00 781680
29.83 11.49 342.72 234.43 12.00 781700
29.83 11.49 342.72 235.80 12.00 781720
29.83 11.49 342.72 237.32 12.00 781740
29.84 11.32 337.85 238.72 12.00 781760
29.84 11.32 337.85 240.14 12.00 781780
29.84 11.32 337.85 241.74 12.00 781800
29.84 11.32 337.85 243.04 12.00 781820
29.84 11.30 337.13 244.56 12.00 781840
29.84 11.30 337.13 246.08 12.00 781860
29.84 11.30 337.13 247.44 12.00 781880
29.84 11.30 337.13 248.66 12.00 781900
29.84 11.37 339.18 250.23 12.00 781920
29.84 11.37 339.18 251.48 12.00 781940
29.84 11.37 339.18 252.91 12.00 781960
29.84 11.45 341.70 254.17 12.00 781980
29.84 11.45 341.70 255.52 12.00 782000
29.84 11.45 341.70 257.21 12.00 782020
29.84 11.45 341.70 258.18 12.00 782040
29.84 11.32 337.86 259.80 12.00 782060
29.84 11.32 337.86 261.24 12.00 782080
29.84 11.32 337.86 262.64 12.00 782100
29.84 11.32 337.82 263.69 12.00 782120
29.84 11.32 337.82 265.25 12.00 782140
29.84 11.32 337.82 266.51 12.00 782160
29.84 11.32 337.82 267.98 12.00 782180
29.84 11.40 340.22 269.40 12.00 782200
29.84 11.40 340.22 270.84 12.00 782220
29.84 11.40 340.22 272.15 12.00 782240
29.84 11.40 340.22 273.22 12.00 782260
29.84 11.39 339.83 274.74 12.00 782280
29.84 11.39 339.83 276.17 12.00 782300
29.84 11.39 339.83 277.75 12.00 782320
29.83 11.48 342.40 279.04 12.00 782340
29.83 11.48 342.40 280.10 12.00 782360
29.83 11.48 342.40 281.62 12.00 782380
29.83 11.48 342.40 282.88 12.00 782400
29.83 11.56 344.88 284.14 12.00 782420
29.83 11.56 344.88 285.26 12.00 782440
29.83 11.56 344.88 286.78 12.00 782460
29.83 11.56 344.88 288.30 12.00 782480
29.83 11.67 348.25 289.53 12.00 782500
29.83 11.67 348.25 290.44 12.00 782520
29.83 11.67 348.25 291.80 12.00 782540
29.83 11.64 347.40 293.62 12.00 782560
29.83 11.64 347.40 294.79 12.00 782580
29.83 11.64 347.40 296.02 12.00 782600
29.83 11.64 347.40 297.57 12.00 782620
29.83 11.67 348.04 298.90 12.00 782640
29.83 11.67 348.04 300.00 12.00 782660
29.83 11.67 348.04 301.54 12.00 782680
29.83 11.66 347.76 302.72 12.00 782700
29.83 11.66 347.76 304.34 12.00 782720
29.83 11.66 347.76 305.31 12.00 782740
29.83 11.66 347.76 306.61 12.00 782760
29.83 11.51 343.39 307.69 12.00 782780
29.83 11.51 343.39 309.28 12.00 782800
29.83 11.51 343.39 310.29 12.00 782820
29.83 11.51 343.39 311.76 12.00 782840
29.84 11.43 341.07 313.26 12.00 782860
29.84 11.43 341.07 314.35 12.00 782880
29.84 11.43 341.07 315.63 12.00 782900
29.84 11.32 337.70 317.27 12.00 782920
29.84 11.32 337.70 318.43 12.00 782940
29.84 11.32 337.70 319.19 12.00 782960
29.84 11.32 337.70 320.61 12.00 782980
29.84 11.33 338.01 322.03 12.00 783000
29.84 11.33 338.01 322.95 12.00 783020
29.84 11.33 338.01 324.14 12.00 783040
29.84 11.35 338.76 325.35 12.00 783060
29.84 11.35 338.76 326.91 12.00 783080
29.84 11.35 338.76 327.98 12.00 783100
29.84 11.35 338.76 329.27 12.00 783120
29.84 11.25 335.79 330.66 12.00 783140
29.84 11.25 335.79 331.98 12.00 783160
29.84 11.25 335.79 333.06 12.00 783180
29.84 11.25 335.79 334.37 12.00 783200
29.84 11.23 335.01 335.61 12.00 783220
29.84 11.23 335.01 336.76 12.00 783240
29.84 11.23 335.01 337.92 12.00 783260
29.84 11.37 339.31 338.84 12.00 783280
29.84 11.37 339.31 339.94 12.00 783300
29.84 11.37 339.31 341.48 12.00 783320
29.84 11.37 339.31 342.58 12.00 783340
29.83 11.51 343.48 343.85 12.00 783360
29.83 11.51 343.48 345.01 12.00 783380
29.83 11.51 343.48 346.54 12.00 783400
29.83 11.51 343.48 347.58 12.00 783420
29.83 11.64 347.37 348.71 12.00 783440
29.83 11.64 347.37 350.05 12.00 783460
29.83 11.64 347.37 351.24 12.00 783480
29.84 11.43 340.95 352.59 12.00 783500
29.84 11.43 340.95 353.57 12.00 783520
29.84 11.43 340.95 355.13 12.00 783540
29.84 11.43 340.95 355.91 12.00 783560
29.84 11.41 340.53 357.34 12.00 783580
29.84 11.41 340.53 358.25 12.00 783600
29.84 11.41 340.53 359.79 12.00 783620
29.84 11.46 341.92 360.71 12.00 783640
29.84 11.46 341.92 362.06 12.00 783660
29.84 11.46 341.92 362.89 12.00 783680
29.84 11.46 341.92 364.29 12.00 783700
29.83 11.60 345.97 365.64 12.00 783720
29.83 11.60 345.97 366.60 12.00 783740
29.83 11.60 345.97 367.91 12.00 783760
29.83 11.60 345.97 369.29 12.00 783780
29.83 11.68 348.58 370.80 12.00 783800
29.83 11.68 348.58 371.67 12.00 783820
29.83 11.68 348.58 372.38 12.00 783840
29.83 11.77 351.16 373.89 12.00 783860
29.83 11.77 351.16 374.94 12.00 783880
29.83 11.77 351.16 376.20 12.00 783900
29.83 11.77 351.16 377.47 12.00 783920
29.83 11.69 348.74 378.63 12.00 783940
29.83 11.69 348.74 379.88 12.00 783960
29.83 11.69 348.74 380.99 12.00 783980
29.83 11.69 348.74 382.01 12.00 784000
29.83 11.51 343.55 383.27 12.00 784020
29.83 11.51 343.55 384.43 12.00 784040
29.83 11.51 343.55 385.58 12.00 784060
29.84 11.52 343.79 386.97 12.00 784080
29.84 11.52 343.79 388.03 12.00 784100
29.84 11.52 343.79 388.93 12.00 784120
29.84 11.52 343.79 390.34 12.00 784140
29.83 11.48 342.51 391.58 12.00 784160
29.83 11.48 342.51 392.51 12.00 784180
29.83 11.48 342.51 393.54 12.00 784200
29.83 11.52 343.76 395.02 12.00 784220
29.83 11.52 343.76 395.83 12.00 784240
29.83 11.52 343.76 397.29 12.00 784260
29.83 11.52 343.76 398.46 12.00 784280
29.84 11.40 340.28 399.18 12.00 784300
29.84 11.40 340.28 400.73 12.00 784320
29.84 11.40 340.28 401.39 12.00 784340
29.84 11.40 340.28 402.97 12.00 784360
29.83 11.51 343.46 404.38 12.00 784380
29.83 11.51 343.46 404.89 12.00 784400
29.83 11.51 343.46 405.98 12.00 784420
29.83 11.56 344.97 407.14 12.00 784440
29.83 11.56 344.97 408.33 12.00 784460
29.83 11.56 344.97 409.44 12.00 784480
29.83 11.56 344.97 410.39 12.00 784500
29.84 11.51 343.49 411.90 12.00 784520
29.84 11.51 343.49 412.68 12.00 784540
29.84 11.51 343.49 414.06 12.00 784560
29.84 11.45 341.63 415.07 12.00 784580
29.84 11.45 341.63 416.11 12.00 784600
29.84 11.45 341.63 417.24 12.00 784620
29.84 11.45 341.63 418.15 12.00 784640
29.83 11.54 344.36 419.34 12.00 784660
29.83 11.54 344.36 420.63 12.00 784680
29.83 11.54 344.36 421.65 12.00 784700
29.83 11.54 344.36 422.38 12.00 784720
29.83 11.58 345.47 423.79 12.00 784740
29.83 11.58 345.47 424.95 12.00 784760
29.83 11.58 345.47 426.12 12.00 784780
29.83 11.56 344.94 427.16 12.00 784800
29.83 11.56 344.94 428.23 12.00 784820
29.83 11.56 344.94 429.24 12.00 784840
29.83 11.56 344.94 430.35 12.00 784860
29.83 11.52 343.68 431.44 12.00 784880
29.83 11.52 343.68 432.58 12.00 784900
29.83 11.52 343.68 433.67 12.00 784920
29.83 11.52 343.68 434.76 12.00 784940
29.83 11.65 347.46 435.54 12.00 784960
29.83 11.65 347.46 436.93 12.00 784980
29.83 11.65 347.46 438.45 12.00 785000
29.83 11.72 349.70 439.16 12.00 785020
29.83 11.72 349.70 440.14 12.00 785040
29.83 11.72 349.70 441.30 12.00 785060
29.83 11.72 349.70 442.39 12.00 785080
29.83 11.60 346.15 443.68 12.00 785100
29.83 11.60 346.15 444.60 12.00 785120
29.83 11.60 346.15 445.48 12.00 785140
29.84 11.20 334.30 446.74 12.00 785160
29.84 11.20 334.30 447.58 12.00 785180
29.84 11.20 334.30 448.71 12.00 785200
29.84 11.20 334.30 449.95 12.00 785220
29.84 11.09 330.89 450.93 12.00 785240
29.84 11.09 330.89 452.23 12.00 785260
29.84 11.09 330.89 453.08 12.00 785280
29.84 11.09 330.89 453.86 12.00 785300
29.84 11.34 338.49 455.05 12.00 785320
29.84 11.34 338.49 455.99 12.00 785340
29.84 11.34 338.49 457.24 12.00 785360
29.83 11.63 346.86 458.00 12.00 785380
29.83 11.63 346.86 458.66 12.00 785400
29.83 11.63 346.86 460.38 12.00 785420
29.83 11.63 346.86 461.34 12.00 785440
29.83 11.70 348.95 462.46 12.00 785460
29.83 11.70 348.95 463.32 12.00 785480
29.83 11.70 348.95 464.43 12.00 785500
29.83 11.70 348.95 465.76 12.00 785520
29.83 11.72 349.58 466.99 12.00 785540
29.83 11.72 349.58 467.29 12.00 785560
29.83 11.72 349.58 468.61 12.00 785580
29.83 11.80 352.14 469.74 12.00 785600
29.83 11.80 352.14 470.82 12.00 785620
29.83 11.80 352.14 471.86 12.00 785640
29.83 11.80 352.14 473.41 12.00 785660
29.83 11.56 345.04 473.96 12.00 785680
29.83 11.56 345.04 474.71 12.00 785700
29.83 11.56 345.04 475.67 12.00 785720
29.83 11.54 344.27 476.79 12.00 785740
29.83 11.54 344.27 478.00 12.00 785760
29.83 11.54 344.27 478.68 12.00 785780
29.83 11.54 344.27 479.60 12.00 785800
29.83 11.57 345.18 480.89 12.00 785820
29.83 11.57 345.18 481.75 12.00 785840
29.83 11.57 345.18 482.92 12.00 785860
29.83 11.57 345.18 483.90 12.00 785880
29.84 11.49 342.74 485.28 12.00 785900
29.84 11.49 342.74 486.52 12.00 785920
29.84 11.49 342.74 487.52 12.00 785940
29.83 11.48 342.51 488.27 12.00 785960
29.83 11.48 342.51 489.38 12.00 785980
29.83 11.48 342.51 489.95 12.00 786000
29.83 11.48 342.51 490.96 12.00 786020
29.83 11.48 342.43 492.67 12.00 786040
29.83 11.48 342.43 493.07 12.00 786060
29.83 11.48 342.43 494.42 12.00 786080
29.83 11.58 345.47 495.26 12.00 786100
29.83 11.58 345.47 495.88 12.00 786120
29.83 11.58 345.47 497.07 12.00 786140
29.83 11.58 345.47 497.95 12.00 786160
29.83 11.61 346.52 499.53 12.00 786180
29.83 11.61 346.52 500.00 12.00 786200
29.83 11.61 346.52 501.18 12.00 786220
29.83 11.61 346.52 502.11 12.00 786240
29.83 11.49 342.73 503.20 12.00 786260
29.83 11.49 342.73 503.85 12.00 786280
29.83 11.49 342.73 504.82 12.00 786300
29.83 11.50 343.18 505.91 12.00 786320
29.83 11.50 343.18 506.83 12.00 786340
29.83 11.50 343.18 508.15 12.00 786360
29.83 11.50 343.18 508.51 12.00 786380
29.83 11.45 341.52 509.95 12.00 786400
29.83 11.45 341.52 511.09 12.00 786420
29.83 11.45 341.52 512.11 12.00 786440
29.83 11.45 341.52 512.56 12.00 786460
29.84 11.46 342.00 513.87 12.00 786480
29.84 11.46 342.00 515.26 12.00 786500
29.84 11.46 342.00 516.03 12.00 786520
29.83 11.58 345.39 516.68 12.00 786540
29.83 11.58 345.39 517.88 12.00 786560
29.83 11.58 345.39 518.83 12.00 786580
29.83 11.58 345.39 519.98 12.00 786600
29.83 11.58 345.39 520.91 12.00 786620
29.83 11.58 345.39 521.73 12.00 786640
29.83 11.58 345.39 522.32 12.00 786660
29.83 11.57 345.21 523.69 12.00 786680
29.83 11.57 345.21 524.54 12.00 786700
29.83 11.57 345.21 525.31 12.00 786720
29.83 11.57 345.21 527.19 12.00 786740
29.83 11.62 346.61 527.80 12.00 786760
29.83 11.62 346.61 528.68 12.00 786780
29.83 11.62 346.61 529.45 12.00 786800
29.83 11.62 346.61 530.81 12.00 786820
29.83 11.59 345.89 531.35 12.00 786840
29.83 11.59 345.89 532.19 12.00 786860
29.83 11.59 345.89 533.39 12.00 786880
29.83 11.62 346.67 534.15 12.00 786900
29.83 11.62 346.67 534.95 12.00 786920
29.83 11.62 346.67 535.97 12.00 786940
29.83 11.62 346.67 537.55 12.00 786960
29.83 11.62 346.56 537.79 12.00 786980
29.83 11.62 346.56 539.08 12.00 787000
29.83 11.62 346.56 540.17 12.00 787020
29.83 11.62 346.56 540.82 12.00 787040
29.83 11.72 349.58 541.96 12.00 787060
29.83 11.72 349.58 542.77 12.00 787080
29.83 11.72 349.58 544.14 12.00 787100
29.83 11.66 347.94 545.01 12.00 787120
29.83 11.66 347.94 545.77 12.00 787140
29.83 11.66 347.94 546.80 12.00 787160
29.83 11.66 347.94 547.96 12.00 787180
29.83 11.65 347.47 548.90 12.00 787200
29.83 11.65 347.47 549.41 12.00 787220
29.83 11.65 347.47 551.15 12.00 787240
29.83 11.58 345.60 551.47 12.00 787260
29.83 11.58 345.60 552.64 12.00 787280
29.83 11.58 345.60 553.74 12.00 787300
29.83 11.58 345.60 554.69 12.00 787320
29.83 11.63 347.10 555.64 12.00 787340
29.83 11.63 347.10 556.38 12.00 787360
29.83 11.63 347.10 557.08 12.00 787380
29.83 11.63 347.10 558.56 12.00 787400
29.83 11.51 343.33 559.19 12.00 787420
29.83 11.51 343.33 560.05 12.00 787440
29.83 11.51 343.33 560.76 12.00 787460
29.84 11.39 340.00 561.58 12.00 787480
29.84 11.39 340.00 562.87 12.00 787500
29.84 11.39 340.00 563.90 12.00 787520
29.84 11.39 340.00 565.07 12.00 787540
29.84 11.42 340.82 565.79 12.00 787560
29.84 11.42 340.82 566.47 12.00 787580
29.84 11.42 340.82 567.25 12.00 787600
29.84 11.41 340.36 568.19 12.00 787620
29.84 11.41 340.36 568.87 12.00 787640
29.84 11.41 340.36 569.97 12.00 787660
29.84 11.41 340.36 570.56 12.00 787680
29.83 11.68 348.37 572.24 12.00 787700
29.83 11.68 348.37 573.04 12.00 787720
29.83 11.68 348.37 573.96 12.00 787740
29.83 11.68 348.37 574.55 12.00 787760
29.83 11.73 350.06 575.25 12.00 787780
29.83 11.73 350.06 576.41 12.00 787800
29.83 11.73 350.06 577.47 12.00 787820
29.83 11.62 346.74 578.50 12.00 787840
29.83 11.62 346.74 578.61 12.00 787860
29.83 11.62 346.74 580.16 12.00 787880
29.83 11.62 346.74 581.32 12.00 787900
29.83 11.61 346.36 582.29 12.00 787920
29.83 11.61 346.36 583.06 12.00 787940
29.83 11.61 346.36 583.96 12.00 787960
29.83 11.61 346.36 584.78 12.00 787980
29.83 11.56 344.80 585.79 12.00 788000
29.83 11.56 344.80 586.46 12.00 788020
29.83 11.56 344.80 587.56 12.00 788040
29.83 11.51 343.48 588.09 12.00 788060
29.83 11.51 343.48 589.04 12.00 788080
29.83 11.51 343.48 589.68 12.00 788100
29.83 11.51 343.48 590.88 12.00 788120
29.83 11.50 343.03 591.89 12.00 788140
29.83 11.50 343.03 592.31 12.00 788160
29.83 11.50 343.03 593.37 12.00 788180
29.83 11.56 344.77 594.56 12.00 788200
29.83 11.56 344.77 595.29 12.00 788220
29.83 11.56 344.77 596.07 12.00 788240
29.83 11.56 344.77 597.88 12.00 788260
29.83 11.57 345.30 598.40 12.00 788280
29.83 11.57 345.30 598.95 12.00 788300
29.83 11.57 345.30 599.85 12.00 788320
29.83 11.57 345.30 600.90 12.00 788340
29.83 11.52 343.67 601.53 12.00 788360
29.83 11.52 343.67 602.25 12.00 788380
29.83 11.52 343.67 603.76 12.00 788400
29.83 11.58 345.49 604.27 12.00 788420
29.83 11.58 345.49 605.57 12.00 788440
29.83 11.58 345.49 606.18 12.00 788460
29.83 11.58 345.49 607.08 12.00 788480
29.83 11.62 346.65 607.68 12.00 788500
29.83 11.62 346.65 609.09 12.00 788520
29.83 11.62 346.65 609.73 12.00 788540
29.83 11.62 346.65 610.70 12.00 788560
29.83 11.71 349.40 611.08 12.00 788580
29.83 11.71 349.40 612.31 12.00 788600
29.83 11.71 349.40 613.55 12.00 788620
29.83 11.58 345.47 613.94 12.00 788640
29.83 11.58 345.47 614.93 12.00 788660
29.83 11.58 345.47 615.97 12.00 788680
29.83 11.58 345.47 616.61 12.00 788700
29.83 11.64 347.40 617.96 12.00 788720
29.83 11.64 347.40 618.49 12.00 788740
29.83 11.64 347.40 619.68 12.00 788760
29.83 11.68 348.56 620.10 12.00 788780
29.83 11.68 348.56 620.87 12.00 788800
29.83 11.68 348.56 621.86 12.00 788820
29.83 11.68 348.56 622.55 12.00 788840
29.83 11.80 352.14 624.07 12.00 788860
29.83 11.80 352.14 624.51 12.00 788880
29.83 11.80 352.14 625.55 12.00 788900
29.83 11.80 352.14 625.80 12.00 788920
29.83 11.79 351.76 627.45 12.00 788940
29.83 11.79 351.76 627.81 12.00 788960
29.83 11.79 351.76 629.04 12.00 788980
29.83 11.49 342.94 629.60 12.00 789000
29.83 11.49 342.94 630.42 12.00 789020
29.83 11.49 342.94 631.35 12.00 789040
29.83 11.49 342.94 631.89 12.00 789060
29.83 11.58 345.61 633.22 12.00 789080
29.83 11.58 345.61 634.04 12.00 789100
29.83 11.58 345.61 634.83 12.00 789120
29.83 11.47 342.28 636.27 12.00 789140
29.83 11.47 342.28 637.20 12.00 789160
29.83 11.47 342.28 637.67 12.00 789180
29.83 11.47 342.28 638.73 12.00 789200
29.83 11.52 343.83 639.44 12.00 789220
29.83 11.52 343.83 640.05 12.00 789240
29.83 11.52 343.83 641.08 12.00 789260
29.83 11.52 343.83 642.19 12.00 789280
29.83 11.59 345.70 642.45 12.00 789300
29.83 11.59 345.70 642.67 12.00 789320
29.83 11.59 345.70 644.08 12.00 789340
29.83 11.64 347.18 644.88 12.00 789360
29.83 11.64 347.18 645.96 12.00 789380
29.83 11.64 347.18 646.97 12.00 789400
29.83 11.64 347.18 647.61 12.00 789420
29.83 11.57 345.09 648.86 12.00 789440
29.83 11.57 345.09 649.57 12.00 789460
29.83 11.57 345.09 649.96 12.00 789480
29.83 11.57 345.09 650.80 12.00 789500
29.84 11.46 341.85 651.87 12.00 789520
29.84 11.46 341.85 652.50 12.00 789540
29.84 11.46 341.85 653.44 12.00 789560
29.84 11.43 341.03 654.24 12.00 789580
29.84 11.43 341.03 655.40 12.00 789600
29.84 11.43 341.03 655.72 12.00 789620
29.84 11.43 341.03 656.44 12.00 789640
29.84 11.38 339.61 657.66 12.00 789660
29.84 11.38 339.61 658.50 12.00 789680
29.84 11.38 339.61 659.51 12.00 789700
29.83 11.67 348.18 660.44 12.00 789720
29.83 11.67 348.18 660.82 12.00 789740
29.83 11.67 348.18 661.84 12.00 789760
29.83 11.67 348.18 663.02 12.00 789780
29.83 11.83 352.96 662.86 12.00 789800
29.83 11.83 352.96 664.11 12.00 789820
29.83 11.83 352.96 664.39 12.00 789840
29.83 11.83 352.96 666.07 12.00 789860
29.83 11.78 351.53 666.77 12.00 789880
29.83 11.78 351.53 668.18 12.00 789900
29.83 11.78 351.53 668.62 12.00 789920
29.83 11.75 350.50 669.06 12.00 789940
29.83 11.75 350.50 670.52 12.00 789960
29.83 11.75 350.50 671.10 12.00 789980
29.83 11.75 350.50 671.42 12.00 790000
29.83 11.79 351.74 672.88 12.00 790020
29.83 11.79 351.74 673.73 12.00 790040
29.83 11.79 351.74 674.63 12.00 790060
29.83 11.79 351.74 675.69 12.00 790080
29.83 11.73 349.83 675.81 12.00 790100
29.83 11.73 349.83 677.20 12.00 790120
29.83 11.73 349.83 677.30 12.00 790140
29.83 11.56 344.88 678.86 12.00 790160
29.83 11.56 344.88 679.94 12.00 790180
29.83 11.56 344.88 680.55 12.00 790200
29.83 11.56 344.88 680.70 12.00 790220
29.83 11.55 344.51 681.93 12.00 790240
29.83 11.55 344.51 682.63 12.00 790260
29.83 11.55 344.51 683.15 12.00 790280
29.83 11.53 344.06 684.00 12.00 790300
29.83 11.53 344.06 685.11 12.00 790320
29.83 11.53 344.06 686.19 12.00 790340
29.83 11.53 344.06 686.11 12.00 790360
29.83 11.49 342.80 687.31 12.00 790380
29.83 11.49 342.80 687.96 12.00 790400
29.83 11.49 342.80 689.30 12.00 790420
29.83 11.49 342.80 689.37 12.00 790440
29.83 11.53 344.00 689.88 12.00 790460
29.83 11.53 344.00 691.12 12.00 790480
29.83 11.53 344.00 692.14 12.00 790500
29.83 11.56 344.88 692.43 12.00 790520
29.83 11.56 344.88 693.95 12.00 790540
29.83 11.56 344.88 694.35 12.00 790560
29.83 11.56 344.88 695.32 12.00 790580
29.83 11.56 344.95 696.53 12.00 790600
29.83 11.56 344.95 697.26 12.00 790620
29.83 11.56 344.95 697.64 12.00 790640
29.83 11.62 346.76 698.27 12.00 790660
29.83 11.62 346.76 698.77 12.00 790680
29.83 11.62 346.76 699.94 12.00 790700
29.83 11.62 346.76 700.97 12.00 790720
29.83 11.62 346.56 701.66 12.00 790740
29.83 11.62 346.56 702.35 12.00 790760
29.83 11.62 346.56 703.49 12.00 790780
29.83 11.62 346.56 704.27 12.00 790800
29.83 11.74 350.35 704.63 12.00 790820
29.83 11.74 350.35 705.67 12.00 790840
29.83 11.74 350.35 707.11 12.00 790860
29.83 11.72 349.76 707.09 12.00 790880
29.83 11.72 349.76 707.80 12.00 790900
29.83 11.72 349.76 708.89 12.00 790920
29.83 11.72 349.76 710.56 12.00 790940
29.83 11.81 352.37 709.80 12.00 790960
29.83 11.81 352.37 711.08 12.00 790980
29.83 11.81 352.37 712.15 12.00 791000
29.83 11.81 352.37 712.78 12.00 791020
29.83 11.70 349.17 713.61 12.00 791040
29.83 11.70 349.17 714.64 12.00 791060
29.83 11.70 349.17 715.21 12.00 791080
29.83 11.59 345.92 716.31 12.00 791100
29.83 11.59 345.92 716.48 12.00 791120
29.83 11.59 345.92 717.54 12.00 791140
29.83 11.59 345.92 718.18 12.00 791160
29.83 11.53 344.07 719.18 12.00 791180
29.83 11.53 344.07 720.23 12.00 791200
29.83 11.53 344.07 720.60 12.00 791220
29.84 11.48 342.45 721.92 12.00 791240
29.84 11.48 342.45 722.25 12.00 791260
29.84 11.48 342.45 722.60 12.00 791280
29.84 11.48 342.45 723.48 12.00 791300
29.83 11.53 343.97 724.78 12.00 791320
29.83 11.53 343.97 725.26 12.00 791340
29.83 11.53 343.97 726.45 12.00 791360
29.83 11.53 343.97 726.19 12.00 791380
29.83 11.54 344.36 727.75 12.00 791400
29.83 11.54 344.36 728.49 12.00 791420
29.83 11.54 344.36 729.11 12.00 791440
29.83 11.69 348.73 730.07 12.00 791460
29.83 11.69 348.73 730.83 12.00 791480
29.83 11.69 348.73 731.55 12.00 791500
29.83 11.69 348.73 732.38 12.00 791520
29.83 11.77 351.25 733.48 12.00 791540
29.83 11.77 351.25 733.78 12.00 791560
29.83 11.77 351.25 733.97 12.00 791580
29.83 11.77 351.25 735.52 12.00 791600
29.83 11.65 347.44 736.84 12.00 791620
29.83 11.65 347.44 738.13 12.00 791640
29.83 11.65 347.44 737.61 12.00 791660
29.83 11.64 347.31 738.90 12.00 791680
29.83 11.64 347.31 739.61 12.00 791700
29.83 11.64 347.31 739.56 12.00 791720
29.83 11.64 347.31 741.03 12.00 791740
29.83 11.77 351.04 741.60 12.00 791760
29.83 11.77 351.04 742.21 12.00 791780
29.83 11.77 351.04 743.37 12.00 791800
29.83 11.74 350.22 743.99 12.00 791820
29.83 11.74 350.22 745.15 12.00 791840
29.83 11.74 350.22 745.77 12.00 791860
29.83 11.74 350.22 745.79 12.00 791880
29.83 11.65 347.70 746.88 12.00 791900
29.83 11.65 347.70 747.00 12.00 791920
29.83 11.65 347.70 748.80 12.00 791940
29.83 11.65 347.70 750.19 12.00 791960
29.83 11.63 346.95 750.27 12.00 791980
29.83 11.63 346.95 751.00 12.00 792000
29.83 11.63 346.95 751.39 12.00 792020
29.83 11.50 343.18 751.45 12.00 792040
29.83 11.50 343.18 753.19 12.00 792060
29.83 11.50 343.18 753.75 12.00 792080
29.83 11.50 343.18 754.79 12.00 792100
29.84 11.45 341.70 755.72 12.00 792120
29.84 11.45 341.70 756.33 12.00 792140
29.84 11.45 341.70 756.80 12.00 792160
29.84 11.41 340.58 757.67 12.00 792180
29.84 11.41 340.58 757.83 12.00 792200
29.84 11.41 340.58 759.00 12.00 792220
29.84 11.41 340.58 759.82 12.00 792240
29.83 11.55 344.71 760.54 12.00 792260
29.83 11.55 344.71 761.33 12.00 792280
29.83 11.55 344.71 761.97 12.00 792300
29.83 11.55 344.71 762.39 12.00 792320
29.83 11.60 346.19 763.48 12.00 792340
29.83 11.60 346.19 764.63 12.00 792360
29.83 11.60 346.19 765.18 12.00 792380
29.83 11.81 352.25 766.10 12.00 792400
29.83 11.81 352.25 766.79 12.00 792420
29.83 11.81 352.25 767.38 12.00 792440
29.83 11.81 352.25 768.19 12.00 792460
29.83 11.81 352.43 768.87 12.00 792480
29.83 11.81 352.43 769.36 12.00 792500
29.83 11.81 352.43 769.63 12.00 792520
29.83 11.81 352.43 770.99 12.00 792540
29.83 11.74 350.35 771.82 12.00 792560
29.83 11.74 350.35 772.53 12.00 792580
29.83 11.74 350.35 773.04 12.00 792600
29.83 11.72 349.53 774.55 12.00 792620
29.83 11.72 349.53 775.18 12.00 792640
29.83 11.72 349.53 775.65 12.00 792660
29.83 11.72 349.53 776.65 12.00 792680
29.83 11.70 349.00 776.94 12.00 792700
29.83 11.70 349.00 777.86 12.00 792720
29.83 11.70 349.00 778.79 12.00 792740
29.83 11.74 350.11 779.60 12.00 792760
29.83 11.74 350.11 779.89 12.00 792780
29.83 11.74 350.11 781.20 12.00 792800
29.83 11.74 350.11 781.59 12.00 792820
29.83 11.66 347.77 782.35 12.00 792840
29.83 11.66 347.77 783.01 12.00 792860
29.83 11.66 347.77 783.78 12.00 792880
29.83 11.66 347.77 783.97 12.00 792900
29.83 11.63 347.03 784.97 12.00 792920
29.83 11.63 347.03 785.85 12.00 792940
29.83 11.63 347.03 786.42 12.00 792960
29.83 11.56 344.92 787.43 12.00 792980
29.83 11.56 344.92 788.29 12.00 793000
29.83 11.56 344.92 789.16 12.00 793020
29.83 11.56 344.92 789.78 12.00 793040
29.83 11.54 344.37 790.05 12.00 793060
29.83 11.54 344.37 790.97 12.00 793080
29.83 11.54 344.37 791.69 12.00 793100
29.83 11.51 343.40 792.05 12.00 793120
29.83 11.51 343.39 793.26 12.00 793140
29.83 11.51 343.39 793.52 12.00 793160
29.83 11.51 343.39 794.68 12.00 793180
29.83 11.61 346.27 795.52 12.00 793200
29.83 11.61 346.27 795.70 12.00 793220
29.83 11.61 346.27 797.25 12.00 793240
29.83 11.61 346.27 797.44 12.00 793260
29.83 11.62 346.80 798.23 12.00 793280
29.83 11.62 346.80 799.03 12.00 793300
29.83 11.62 346.80 799.25 12.00 793320
29.83 11.56 344.80 800.44 12.00 793340
29.83 11.56 344.80 801.08 12.00 793360
29.83 11.56 344.80 801.83 12.00 793380
29.83 11.56 344.80 802.42 12.00 793400
29.83 11.66 347.88 803.16 12.00 793420
29.83 11.66 347.88 804.24 12.00 793440
29.83 11.66 347.88 804.61 12.00 793460
29.83 11.66 347.88 805.83 12.00 793480
29.83 11.79 351.76 806.34 12.00 793500
29.83 11.79 351.76 806.89 12.00 793520
29.83 11.79 351.76 807.16 12.00 793540
29.83 11.72 349.68 808.40 12.00 793560
29.83 11.72 349.68 809.25 12.00 793580
29.83 11.72 349.68 810.09 12.00 793600
29.83 11.72 349.68 810.32 12.00 793620
29.83 11.76 350.71 811.38 12.00 793640
29.83 11.76 350.71 811.83 12.00 793660
29.83 11.76 350.71 812.83 12.00 793680
29.83 11.79 351.77 813.05 12.00 793700
29.83 11.79 351.77 814.20 12.00 793720
29.83 11.79 351.77 815.07 12.00 793740
29.83 11.79 351.77 815.76 12.00 793760
29.83 11.65 347.70 816.53 12.00 793780
29.83 11.65 347.70 816.77 12.00 793800
29.83 11.65 347.70 817.18 12.00 793820
29.83 11.65 347.70 818.12 12.00 793840
29.83 11.59 345.83 819.29 12.00 793860
29.83 11.59 345.83 819.86 12.00 793880
29.83 11.59 345.83 821.00 12.00 793900
29.83 11.51 343.40 820.84 12.00 793920
29.83 11.51 343.40 821.88 12.00 793940
29.83 11.51 343.40 822.32 12.00 793960
29.83 11.51 343.40 823.32 12.00 793980
29.83 11.53 343.91 824.58 12.00 794000
29.83 11.53 343.91 824.45 12.00 794020
29.83 11.53 343.91 826.24 12.00 794040
29.83 11.53 343.91 826.26 12.00 794060
29.83 11.67 348.19 826.89 12.00 794080
29.83 11.67 348.19 827.46 12.00 794100
29.83 11.67 348.19 828.26 12.00 794120
29.83 11.83 352.80 829.47 12.00 794140
29.83 11.83 352.80 829.68 12.00 794160
29.83 11.83 352.80 831.00 12.00 794180
29.83 11.83 352.80 830.16 12.00 794200
29.83 11.78 351.46 831.90 12.00 794220
29.83 11.78 351.46 832.13 12.00 794240
29.83 11.78 351.46 833.02 12.00 794260
29.83 11.61 346.49 833.43 12.00 794280
29.83 11.61 346.49 834.71 12.00 794300
29.83 11.61 346.49 835.64 12.00 794320
29.83 11.61 346.49 835.69 12.00 794340
29.83 11.65 347.53 837.38 12.00 794360
29.83 11.65 347.53 836.62 12.00 794380
29.83 11.65 347.53 837.39 12.00 794400
29.83 11.65 347.53 838.70 12.00 794420
29.83 11.64 347.15 839.71 12.00 794440
29.83 11.64 347.15 840.56 12.00 794460
29.83 11.64 347.15 840.54 12.00 794480
29.83 11.40 340.09 841.48 12.00 794500
29.83 11.40 340.09 841.96 12.00 794520
29.83 11.40 340.09 843.27 12.00 794540
29.83 11.40 340.09 843.31 12.00 794560
29.83 11.76 350.82 843.95 12.00 794580
29.83 11.76 350.82 845.27 12.00 794600
29.83 11.76 350.82 845.64 12.00 794620
29.83 11.87 354.02 846.12 12.00 794640
29.83 11.87 353.96 847.07 12.00 794660
29.83 11.87 353.96 847.24 12.00 794680
29.83 11.87 353.96 848.63 12.00 794700
29.83 11.83 353.01 849.32 12.00 794720
29.83 11.83 353.01 849.62 12.00 794740
29.83 11.83 353.01 850.80 12.00 794760
29.83 11.83 353.01 850.53 12.00 794780
29.83 11.76 350.96 852.47 12.00 794800
29.83 11.76 350.96 852.18 12.00 794820
29.83 11.76 350.96 853.64 12.00 794840
29.83 11.64 347.32 854.21 12.00 794860
29.83 11.64 347.32 854.00 12.00 794880
29.83 11.64 347.32 855.04 12.00 794900
29.83 11.64 347.32 856.10 12.00 794920
29.83 11.62 346.64 856.15 12.00 794940
29.83 11.62 346.64 857.71 12.00 794960
29.83 11.62 346.64 857.71 12.00 794980
29.83 11.62 346.64 858.97 12.00 795000
29.83 11.52 343.85 859.23 12.00 795020
29.83 11.52 343.85 860.39 12.00 795040
29.83 11.52 343.85 860.87 12.00 795060
29.83 11.61 346.43 860.94 12.00 795080
29.83 11.61 346.43 861.54 12.00 795100
29.83 11.61 346.43 863.43 12.00 795120
29.83 11.61 346.43 864.29 12.00 795140
29.83 11.70 349.16 864.85 12.00 795160
29.83 11.70 349.16 864.42 12.00 795180
29.83 11.70 349.16 865.71 12.00 795200
29.83 11.84 353.22 865.95 12.00 795220
29.83 11.84 353.22 866.81 12.00 795240
29.83 11.84 353.22 866.71 12.00 795260
29.83 11.84 353.22 867.09 12.00 795280
29.83 11.78 351.53 868.71 12.00 795300
29.83 11.78 351.53 869.49 12.00 795320
29.83 11.78 351.53 871.13 12.00 795340
29.83 11.78 351.53 870.83 12.00 795360
29.83 11.81 352.19 871.54 12.00 795380
29.83 11.81 352.19 872.30 12.00 795400
29.83 11.81 352.19 873.40 12.00 795420
29.83 11.66 347.85 873.25 12.00 795440
29.83 11.66 347.85 874.33 12.00 795460
29.83 11.66 347.85 874.76 12.00 795480
29.83 11.66 347.85 876.24 12.00 795500
29.83 11.48 342.65 876.36 12.00 795520
29.83 11.48 342.65 877.03 12.00 795540
29.83 11.48 342.65 876.86 12.00 795560
29.83 11.48 342.65 877.86 12.00 795580
29.83 11.61 346.25 879.16 12.00 795600
29.83 11.61 346.25 879.49 12.00 795620
29.83 11.61 346.25 880.76 12.00 795640
29.83 11.65 347.68 880.90 12.00 795660
29.83 11.65 347.68 881.51 12.00 795680
29.83 11.65 347.68 882.50 12.00 795700
29.83 11.65 347.68 883.52 12.00 795720
29.83 11.70 348.94 883.61 12.00 795740
29.83 11.70 348.94 884.30 12.00 795760
29.83 11.70 348.94 885.47 12.00 795780
29.83 11.68 348.59 885.79 12.00 795800
29.83 11.68 348.59 886.37 12.00 795820
29.83 11.68 348.59 887.21 12.00 795840
29.83 11.68 348.59 887.46 12.00 795860
29.83 11.68 348.34 888.10 12.00 795880
29.83 11.68 348.34 889.02 12.00 795900
29.83 11.68 348.34 889.61 12.00 795920
29.83 11.68 348.34 890.54 12.00 795940
29.83 11.69 348.65 890.39 12.00 795960
29.83 11.69 348.65 891.41 12.00 795980
29.83 11.69 348.65 892.78 12.00 796000
29.83 11.65 347.46 893.08 12.00 796020
29.83 11.65 347.46 893.47 12.00 796040
29.83 11.65 347.46 894.60 12.00 796060
29.83 11.65 347.46 895.00 12.00 796080
29.83 11.65 347.46 895.74 12.00 796100
29.83 11.65 347.46 896.34 12.00 796120
29.83 11.65 347.46 896.39 12.00 796140
29.83 11.62 346.71 897.50 12.00 796160
29.83 11.62 346.71 898.22 12.00 796180
29.83 11.62 346.71 898.35 12.00 796200
29.83 11.62 346.71 899.66 12.00 796220
29.83 11.62 346.76 899.93 12.00 796240
29.83 11.62 346.76 900.77 12.00 796260
29.83 11.62 346.76 901.17 12.00 796280
29.83 11.62 346.76 902.68 12.00 796300
29.83 11.65 347.64 903.87 12.00 796320
29.83 11.65 347.64 903.78 12.00 796340
29.83 11.65 347.64 904.25 12.00 796360
29.83 11.63 346.86 904.65 12.00 796380
29.83 11.63 346.86 905.13 12.00 796400
29.83 11.63 346.86 905.47 12.00 796420
29.83 11.63 346.86 906.82 12.00 796440
29.83 11.66 347.97 907.03 12.00 796460
29.83 11.66 347.97 908.20 12.00 796480
29.83 11.66 347.97 908.27 12.00 796500
29.83 11.66 347.97 909.74 12.00 796520
29.83 11.68 348.43 909.88 12.00 796540
29.83 11.68 348.43 910.33 12.00 796560
29.83 11.68 348.43 911.55 12.00 796580
29.83 11.76 350.71 911.88 12.00 796600
29.83 11.76 350.71 911.87 12.00 796620
29.83 11.76 350.71 913.30 12.00 796640
29.83 11.76 350.71 914.30 12.00 796660
29.83 11.81 352.32 914.59 12.00 796680
29.83 11.81 352.32 914.73 12.00 796700
29.83 11.81 352.32 915.01 12.00 796720
29.83 11.71 349.40 916.58 12.00 796740
29.83 11.71 349.40 916.74 12.00 796760
29.83 11.71 349.40 917.57 12.00 796780
29.83 11.71 349.40 918.08 12.00 796800
29.83 11.73 349.82 918.55 12.00 796820
29.83 11.73 349.82 919.22 12.00 796840
29.83 11.73 349.82 920.03 12.00 796860
29.83 11.73 349.82 920.67 12.00 796880
29.83 11.68 348.49 921.66 12.00 796900
29.83 11.68 348.49 923.05 12.00 796920
29.83 11.68 348.49 922.74 12.00 796940
29.83 11.62 346.79 922.96 12.00 796960
29.83 11.62 346.79 924.03 12.00 796980
29.83 11.62 346.79 924.44 12.00 797000
29.83 11.62 346.79 925.37 12.00 797020
29.83 11.65 347.46 926.50 12.00 797040
29.83 11.65 347.46 925.67 12.00 797060
29.83 11.65 347.46 927.50 12.00 797080
29.83 11.65 347.46 927.03 12.00 797100
29.83 11.63 347.01 928.38 12.00 797120
29.83 11.63 347.01 928.85 12.00 797140
29.83 11.63 347.01 929.53 12.00 797160
29.83 11.71 349.37 931.56 12.00 797180
29.83 11.71 349.37 930.80 12.00 797200
29.83 11.71 349.37 932.42 12.00 797220
29.83 11.71 349.37 932.88 12.00 797240
29.83 11.76 350.86 932.86 12.00 797260
29.83 11.76 350.86 933.79 12.00 797280
29.83 11.76 350.86 934.01 12.00 797300
29.83 11.82 352.50 935.44 12.00 797320
29.83 11.82 352.50 935.63 12.00 797340
29.83 11.82 352.50 935.91 12.00 797360
29.83 11.82 352.50 936.42 12.00 797380
29.83 11.72 349.74 937.38 12.00 797400
29.83 11.72 349.74 938.57 12.00 797420
29.83 11.72 349.74 938.41 12.00 797440
29.83 11.72 349.74 939.08 12.00 797460
29.83 11.65 347.61 940.45 12.00 797480
29.83 11.65 347.61 940.34 12.00 797500
29.83 11.65 347.61 941.49 12.00 797520
29.83 11.66 347.91 941.86 12.00 797540
29.83 11.66 347.91 942.17 12.00 797560
29.83 11.66 347.91 943.86 12.00 797580
29.83 11.66 347.91 944.11 12.00 797600
29.83 11.62 346.71 944.26 12.00 797620
29.83 11.62 346.71 945.21 12.00 797640
29.83 11.62 346.71 945.46 12.00 797660
29.83 11.67 348.13 946.13 12.00 797680
29.83 11.67 348.12 947.51 12.00 797700
29.83 11.67 348.12 947.79 12.00 797720
29.83 11.67 348.12 948.72 12.00 797740
29.83 11.69 348.79 948.65 12.00 797760
29.83 11.69 348.79 949.70 12.00 797780
29.83 11.69 348.79 950.27 12.00 797800
29.83 11.69 348.79 950.65 12.00 797820
29.83 11.75 350.41 951.78 12.00 797840
29.83 11.75 350.41 951.75 12.00 797860
29.83 11.75 350.41 952.56 12.00 797880
29.83 11.71 349.40 952.53 12.00 797900
29.83 11.71 349.40 954.38 12.00 797920
29.83 11.71 349.40 954.50 12.00 797940
29.83 11.71 349.40 954.88 12.00 797960
29.83 11.71 349.31 955.03 12.00 797980
29.83 11.71 349.31 956.50 12.00 798000
29.83 11.71 349.31 956.65 12.00 798020
29.83 11.71 349.31 958.18 12.00 798040
29.83 11.69 348.71 958.47 12.00 798060
29.83 11.69 348.71 958.91 12.00 798080
29.83 11.69 348.71 959.16 12.00 798100
29.83 11.62 346.80 960.17 12.00 798120
29.83 11.62 346.80 960.95 12.00 798140
29.83 11.62 346.80 961.28 12.00 798160
29.83 11.62 346.80 961.75 12.00 798180
29.83 11.68 348.35 962.93 12.00 798200
29.83 11.68 348.35 962.68 12.00 798220
29.83 11.68 348.35 963.70 12.00 798240
29.83 11.68 348.49 964.85 12.00 798260
29.83 11.68 348.49 965.08 12.00 798280
29.83 11.68 348.49 965.22 12.00 798300
29.83 11.68 348.49 966.37 12.00 798320
29.83 11.70 348.94 966.62 12.00 798340
29.83 11.70 348.94 968.63 12.00 798360
29.83 11.70 348.94 967.98 12.00 798380
29.83 11.70 348.94 968.10 12.00 798400
29.83 11.66 347.92 968.74 12.00 798420
29.83 11.66 347.92 969.99 12.00 798440
29.83 11.66 347.92 970.31 12.00 798460
29.83 11.65 347.47 970.64 12.00 798480
29.83 11.65 347.47 971.46 12.00 798500
29.83 11.65 347.47 972.65 12.00 798520
29.83 11.65 347.47 972.90 12.00 798540
29.83 11.71 349.38 973.47 12.00 798560
29.83 11.71 349.38 974.01 12.00 798580
29.83 11.71 349.38 974.47 12.00 798600
29.83 11.71 349.38 975.42 12.00 798620
29.83 11.75 350.55 975.77 12.00 798640
29.83 11.75 350.55 976.75 12.00 798660
29.83 11.75 350.55 976.20 12.00 798680
29.83 11.77 351.23 977.23 12.00 798700
29.83 11.77 351.23 978.57 12.00 798720
29.83 11.77 351.23 978.59 12.00 798740
29.83 11.77 351.23 979.88 12.00 798760
29.83 11.78 351.32 980.44 12.00 798780
29.83 11.78 351.32 980.20 12.00 798800
29.83 11.78 351.32 981.15 12.00 798820
29.83 11.71 349.38 982.21 12.00 798840
29.83 11.71 349.38 982.59 12.00 798860
29.83 11.71 349.38 983.17 12.00 798880
29.83 11.71 349.38 983.62 12.00 798900
29.83 11.71 349.23 983.96 12.00 798920
29.83 11.71 349.23 985.35 12.00 798940
29.83 11.71 349.23 985.51 12.00 798960
29.83 11.71 349.23 986.27 12.00 798980
29.83 11.73 349.98 987.15 12.00 799000
29.83 11.73 349.98 987.51 12.00 799020
29.83 11.73 349.98 987.56 12.00 799040
29.83 11.66 347.73 988.76 12.00 799060
29.83 11.66 347.73 989.43 12.00 799080
29.83 11.66 347.73 989.66 12.00 799100
29.83 11.66 347.73 990.74 12.00 799120
29.83 11.61 346.46 990.08 12.00 799140
29.83 11.61 346.46 991.67 12.00 799160
29.83 11.61 346.46 992.41 12.00 799180
29.83 11.60 345.98 993.95 12.00 799200
29.83 11.60 345.98 993.59 12.00 799220
29.83 11.60 345.98 993.85 12.00 799240
29.83 11.60 345.98 994.38 12.00 799260
29.83 11.68 348.41 995.16 12.00 799280
29.83 11.68 348.41 995.88 12.00 799300
29.83 11.68 348.41 996.63 12.00 799320
29.83 11.68 348.41 997.32 12.00 799340
29.83 11.74 350.11 997.13 12.00 799360
29.83 11.74 350.11 997.89 12.00 799380
29.83 11.74 350.11 999.17 12.00 799400
29.83 11.82 352.56 1000.08 12.00 799420
29.83 11.82 352.56 1000.28 12.00 799440
29.83 11.82 352.56 1000.47 12.00 799460
29.83 11.82 352.56 1000.78 12.00 799480
29.83 11.79 351.83 1001.25 12.00 799500
29.83 11.79 351.83 1002.44 12.00 799520
29.83 11.79 351.83 1003.09 12.00 799540
29.83 11.79 351.83 1003.93 12.00 799560
29.83 11.79 351.68 1003.68 12.00 799580
29.83 11.79 351.68 1004.96 12.00 799600
29.83 11.79 351.68 1005.78 12.00 799620
29.83 11.76 350.86 1006.20 12.00 799640
29.83 11.76 350.86 1006.37 12.00 799660
29.83 11.76 350.86 1007.15 12.00 799680
29.83 11.76 350.86 1007.24 12.00 799700
29.83 11.72 349.68 1009.06 12.00 799720
29.83 11.72 349.68 1008.20 12.00 799740
29.83 11.72 349.68 1009.12 12.00 799760
29.83 11.69 348.64 1010.78 12.00 799780
29.83 11.69 348.64 1011.00 12.00 799800
29.83 11.69 348.64 1011.98 12.00 799820
29.83 11.69 348.64 1011.77 12.00 799840
29.83 11.65 347.46 1012.97 12.00 799860
29.83 11.65 347.46 1012.73 12.00 799880
29.83 11.65 347.46 1013.19 12.00 799900
29.83 11.65 347.46 1014.22 12.00 799920
29.83 11.74 350.26 1014.90 12.00 799940
29.83 11.74 350.26 1015.93 12.00 799960
29.83 11.74 350.26 1016.24 12.00 799980
29.83 11.69 348.73 1016.74 12.00 800000
29.83 11.69 348.73 1018.02 12.00 800020
29.83 11.69 348.73 1018.05 12.00 800040
29.83 11.69 348.73 1019.16 12.00 800060
29.83 11.72 349.52 1019.59 12.00 800080
29.83 11.72 349.52 1019.71 12.00 800100
29.83 11.72 349.52 1020.69 12.00 800120
29.83 11.72 349.52 1020.44 12.00 800140
29.83 11.69 348.88 1021.33 12.00 800160
29.83 11.69 348.88 1021.94 12.00 800180
29.83 11.69 348.88 1022.02 12.00 800200
29.83 11.63 347.00 1023.31 12.00 800220
29.83 11.63 347.00 1024.68 12.00 800240
29.83 11.63 347.00 1024.10 12.00 800260
29.83 11.63 347.00 1024.89 12.00 800280
29.83 11.75 350.65 1025.50 12.00 800300
29.83 11.75 350.65 1025.78 12.00 800320
29.83 11.75 350.65 1026.01 12.00 800340
29.83 11.76 350.94 1027.43 12.00 800360
29.83 11.76 350.94 1027.15 12.00 800380
29.83 11.76 350.94 1028.31 12.00 800400
29.83 11.76 350.94 1029.00 12.00 800420
29.83 11.75 350.64 1028.91 12.00 800440
29.83 11.75 350.64 1030.41 12.00 800460
29.83 11.75 350.64 1030.77 12.00 800480
29.83 11.75 350.64 1031.41 12.00 800500
29.83 11.75 350.41 1031.16 12.00 800520
29.83 11.75 350.41 1032.56 12.00 800540
29.83 11.75 350.41 1032.29 12.00 800560
29.83 11.77 351.07 1033.20 12.00 800580
29.83 11.77 351.07 1033.86 12.00 800600
29.83 11.77 351.07 1034.68 12.00 800620
29.83 11.77 351.07 1035.05 12.00 800640
29.83 11.74 350.13 1035.86 12.00 800660
29.83 11.74 350.13 1036.47 12.00 800680
29.83 11.74 350.13 1037.94 12.00 800700
29.83 11.69 348.73 1037.54 12.00 800720
29.83 11.69 348.73 1037.95 12.00 800740
29.83 11.69 348.73 1038.04 12.00 800760
29.83 11.69 348.73 1040.40 12.00 800780
29.83 11.66 347.97 1039.56 12.00 800800
29.83 11.66 347.97 1041.02 12.00 800820
29.83 11.66 347.97 1040.19 12.00 800840
29.83 11.66 347.97 1041.58 12.00 800860
29.83 11.75 350.58 1041.83 12.00 800880
29.83 11.75 350.58 1042.61 12.00 800900
29.83 11.75 350.58 1042.68 12.00 800920
29.83 11.79 351.82 1045.00 12.00 800940
29.83 11.79 351.82 1045.02 12.00 800960
29.83 11.79 351.82 1045.26 12.00 800980
29.83 11.79 351.82 1044.82 12.00 801000
29.83 11.74 350.09 1045.99 12.00 801020
29.83 11.74 350.09 1046.03 12.00 801040
29.83 11.74 350.09 1047.89 12.00 801060
29.83 11.74 350.09 1047.36 12.00 801080
29.83 11.73 350.00 1048.58 12.00 801100
29.83 11.73 350.00 1048.62 12.00 801120
29.83 11.73 350.00 1048.99 12.00 801140
29.83 11.42 340.79 1049.65 12.00 801160
29.83 11.42 340.79 1049.72 12.00 801180
29.83 11.42 340.79 1050.38 12.00 801200
29.83 11.42 340.79 1051.82 12.00 801220
29.83 11.39 339.76 1052.19 12.00 801240
29.83 11.39 339.76 1053.93 12.00 801260
29.83 11.39 339.76 1053.87 12.00 801280
29.83 11.65 347.50 1054.24 12.00 801300
29.83 11.65 347.50 1054.06 12.00 801320
29.83 11.65 347.50 1055.48 12.00 801340
29.83 11.65 347.50 1054.54 12.00 801360
29.83 11.72 349.59 1056.00 12.00 801380
29.83 11.72 349.59 1057.47 12.00 801400
29.83 11.72 349.59 1056.91 12.00 801420
29.83 11.72 349.59 1058.13 12.00 801440
29.82 11.81 352.14 1058.48 12.00 801460
29.82 11.81 352.14 1059.12 12.00 801480
29.82 11.81 352.14 1059.10 12.00 801500
29.82 11.96 356.63 1060.37 12.00 801520
29.82 11.96 356.63 1060.88 12.00 801540
29.82 11.96 356.63 1061.59 12.00 801560
29.82 11.96 356.63 1062.02 12.00 801580
29.82 11.98 357.36 1063.25 12.00 801600
29.82 11.98 357.36 1063.13 12.00 801620
29.82 11.98 357.36 1063.17 12.00 801640
29.82 11.98 357.36 1063.68 12.00 801660
29.83 11.90 354.86 1064.72 12.00 801680
29.83 11.90 354.86 1065.23 12.00 801700
29.83 11.90 354.86 1065.61 12.00 801720
29.83 11.79 351.76 1066.91 12.00 801740
29.83 11.79 351.76 1067.18 12.00 801760
29.83 11.79 351.76 1067.07 12.00 801780
29.83 11.79 351.76 1067.79 12.00 801800
29.83 11.72 349.76 1068.89 12.00 801820
29.83 11.72 349.76 1069.08 12.00 801840
29.83 11.72 349.76 1068.47 12.00 801860
29.83 11.64 347.25 1071.08 12.00 801880
29.83 11.64 347.25 1070.80 12.00 801900
29.83 11.64 347.25 1071.51 12.00 801920
29.83 11.64 347.25 1072.42 12.00 801940
29.83 11.63 347.00 1072.19 12.00 801960
29.83 11.63 347.00 1073.13 12.00 801980
29.83 11.63 347.00 1073.73 12.00 802000
29.83 11.63 347.00 1074.36 12.00 802020
29.83 11.69 348.79 1074.79 12.00 802040
29.83 11.69 348.79 1075.17 12.00 802060
29.83 11.69 348.79 1076.33 12.00 802080
29.83 11.72 349.74 1076.02 12.00 802100
29.83 11.72 349.74 1077.68 12.00 802120
29.83 11.72 349.74 1077.10 12.00 802140
29.83 11.72 349.74 1078.09 12.00 802160
29.83 11.74 350.11 1078.26 12.00 802180
29.83 11.74 350.11 1079.95 12.00 802200
29.83 11.74 350.11 1079.86 12.00 802220
29.83 11.78 351.44 1080.36 12.00 802240
29.83 11.78 351.44 1080.46 12.00 802260
29.83 11.78 351.44 1081.80 12.00 802280
29.83 11.78 351.44 1081.98 12.00 802300
29.83 11.80 351.89 1082.93 12.00 802320
29.83 11.80 351.89 1083.76 12.00 802340
29.83 11.80 351.89 1084.68 12.00 802360
29.83 11.80 351.89 1085.40 12.00 802380
29.83 11.83 352.93 1085.80 12.00 802400
29.83 11.83 352.93 1085.25 12.00 802420
29.83 11.83 352.93 1085.85 12.00 802440
29.83 11.80 352.11 1086.35 12.00 802460
29.83 11.80 352.11 1087.35 12.00 802480
29.83 11.80 352.11 1087.63 12.00 802500
29.83 11.80 352.11 1088.67 12.00 802520
29.83 11.74 350.19 1089.44 12.00 802540
29.83 11.74 350.19 1088.46 12.00 802560
29.83 11.74 350.19 1090.16 12.00 802580
29.83 11.74 350.19 1089.64 12.00 802600
29.94 8.80 263.54 1091.11 12.00 802620
29.94 8.80 263.54 1091.03 12.00 802640
29.94 8.80 263.54 1091.84 12.00 802660
30.01 2.88 86.59 1090.79 12.00 802680
30.01 2.88 86.59 1091.09 12.00 802700
30.01 2.88 86.59 1090.75 12.00 802720
30.01 2.88 86.59 1091.42 12.00 802740
29.95 5.13 153.81 1092.00 12.00 802760
29.95 5.13 153.81 1090.77 12.00 802780
29.95 5.13 153.81 1092.28 12.00 802800
29.91 7.53 225.21 1091.68 12.00 802820
29.91 7.53 225.21 1091.94 12.00 802840
29.91 7.53 225.21 1094.11 12.00 802860
29.91 7.53 225.21 1093.45 12.00 802880
29.90 8.28 247.67 1094.59 12.00 802900
29.90 8.28 247.67 1094.15 12.00 802920
29.90 8.28 247.67 1094.97 12.00 802940
29.90 8.28 247.67 1095.01 12.00 802960
29.91 8.15 243.67 1095.49 12.00 802980
29.91 8.15 243.67 1094.85 12.00 803000
29.91 8.15 243.67 1096.39 12.00 803020
29.91 8.03 240.16 1097.47 12.00 803040
29.91 8.03 240.16 1097.17 12.00 803060
29.91 8.03 240.16 1096.93 12.00 803080
29.91 8.03 240.16 1098.76 12.00 803100
29.89 8.67 259.17 1098.00 12.00 803120
29.89 8.67 259.17 1099.06 12.00 803140
29.89 8.67 259.17 1099.57 12.00 803160
29.89 8.67 259.17 1098.80 12.00 803180
29.89 8.80 263.16 1099.32 12.00 803200
29.89 8.80 263.16 1100.11 12.00 803220
29.89 8.80 263.16 1100.55 12.00 803240
29.91 8.05 240.72 1101.36 12.00 803260
29.91 8.05 240.72 1100.07 12.00 803280
29.91 8.05 240.72 1102.13 12.00 803300
29.91 8.05 240.72 1102.19 12.00 803320
29.88 9.02 269.69 1103.12 12.00 803340
29.88 9.02 269.69 1102.64 12.00 803360
29.88 9.02 269.69 1102.88 12.00 803380
29.90 8.49 253.81 1103.53 12.00 803400
29.90 8.49 253.81 1103.51 12.00 803420
29.90 8.49 253.81 1103.85 12.00 803440
29.90 8.49 253.81 1104.79 12.00 803460
29.91 7.97 238.39 1105.46 12.00 803480
29.91 7.97 238.39 1105.79 12.00 803500
29.91 7.97 238.39 1105.81 12.00 803520
29.91 7.97 238.39 1106.38 12.00 803540
29.89 8.57 256.31 1106.44 12.00 803560
29.89 8.57 256.31 1107.58 12.00 803580
29.89 8.57 256.31 1108.30 12.00 803600
29.89 8.94 267.29 1107.93 12.00 803620
29.89 8.94 267.29 1108.01 12.00 803640
29.89 8.94 267.29 1108.34 12.00 803660
29.89 8.94 267.29 1109.47 12.00 803680
29.91 8.37 250.39 1110.06 12.00 803700
29.91 8.37 250.39 1109.39 12.00 803720
29.91 8.37 250.39 1110.00 12.00 803740
29.92 7.76 232.15 1110.97 12.00 803760
29.92 7.76 232.15 1109.71 12.00 803780
29.92 7.76 232.15 1110.60 12.00 803800
29.92 7.76 232.15 1110.72 12.00 803820
29.89 8.70 260.21 1112.70 12.00 803840
29.89 8.70 260.21 1111.52 12.00 803860
29.89 8.70 260.21 1113.34 12.00 803880
29.89 8.70 260.21 1111.83 12.00 803900
29.87 9.23 275.87 1114.74 12.00 803920
29.87 9.23 275.87 1114.52 12.00 803940
29.87 9.23 275.87 1114.23 12.00 803960
29.90 8.61 257.62 1114.45 12.00 803980
29.90 8.61 257.62 1113.98 12.00 804000
29.90 8.61 257.62 1116.36 12.00 804020
29.90 8.61 257.62 1115.78 12.00 804040
29.89 8.40 251.09 1116.67 12.00 804060
29.89 8.40 251.09 1116.67 12.00 804080
29.89 8.40 251.09 1116.88 12.00 804100
29.89 8.40 251.09 1117.59 12.00 804120
29.92 7.81 233.77 1116.84 12.00 804140
29.92 7.81 233.77 1118.01 12.00 804160
29.92 7.81 233.77 1118.09 12.00 804180
29.89 8.38 250.57 1118.34 12.00 804200
29.89 8.38 250.57 1118.40 12.00 804220
29.89 8.38 250.57 1119.53 12.00 804240
29.89 8.38 250.57 1119.72 12.00 804260
29.93 7.68 229.98 1119.76 12.00 804280
29.93 7.68 229.98 1120.36 12.00 804300
29.93 7.68 229.98 1120.97 12.00 804320
29.88 8.96 267.81 1120.22 12.00 804340
29.88 8.96 267.81 1122.84 12.00 804360
29.88 8.96 267.81 1122.06 12.00 804380
29.88 8.96 267.81 1122.19 12.00 804400
29.89 8.95 267.59 1123.74 12.00 804420
29.89 8.95 267.59 1121.75 12.00 804440
29.89 8.95 267.59 1123.03 12.00 804460
29.89 8.95 267.59 1124.69 12.00 804480
29.90 8.44 252.44 1124.54 12.00 804500
29.90 8.44 252.44 1124.78 12.00 804520
29.90 8.44 252.44 1125.01 12.00 804540
29.89 8.72 260.67 1125.03 12.00 804560
29.89 8.72 260.67 1125.58 12.00 804580
29.89 8.72 260.67 1125.83 12.00 804600
29.89 8.72 260.67 1126.46 12.00 804620
29.90 8.54 255.32 1127.18 12.00 804640
29.90 8.54 255.32 1126.51 12.00 804660
29.90 8.54 255.32 1128.48 12.00 804680
29.90 8.54 255.32 1128.56 12.00 804700
29.89 8.63 257.99 1128.10 12.00 804720
29.89 8.63 257.99 1128.80 12.00 804740
29.89 8.63 257.99 1129.82 12.00 804760
29.89 8.66 258.89 1129.69 12.00 804780
29.89 8.66 258.89 1130.67 12.00 804800
29.89 8.66 258.89 1131.14 12.00 804820
29.89 8.66 258.89 1130.16 12.00 804840
29.90 8.41 251.47 1131.82 12.00 804860
29.90 8.41 251.47 1131.44 12.00 804880
29.90 8.41 251.47 1131.84 12.00 804900
29.90 8.35 249.76 1133.25 12.00 804920
29.90 8.35 249.76 1131.97 12.00 804940
29.90 8.35 249.76 1132.35 12.00 804960
29.90 8.35 249.76 1132.74 12.00 804980
29.90 8.28 247.69 1132.91 12.00 805000
29.90 8.28 247.69 1133.94 12.00 805020
29.90 8.28 247.69 1133.70 12.00 805040
29.90 8.28 247.69 1134.75 12.00 805060
29.90 8.31 248.39 1134.84 12.00 805080
29.90 8.31 248.39 1135.37 12.00 805100
29.90 8.31 248.39 1135.80 12.00 805120
29.91 8.12 242.85 1135.16 12.00 805140
29.91 8.12 242.85 1136.82 12.00 805160
29.91 8.12 242.85 1136.92 12.00 805180
29.91 8.12 242.85 1137.27 12.00 805200
29.91 8.05 240.90 1137.29 12.00 805220
29.91 8.05 240.90 1137.57 12.00 805240
29.91 8.05 240.90 1137.85 12.00 805260
29.91 7.99 239.04 1137.29 12.00 805280
29.91 7.99 239.04 1139.43 12.00 805300
29.91 7.99 239.04 1139.47 12.00 805320
29.91 7.99 239.04 1139.34 12.00 805340
29.91 8.02 240.03 1140.16 12.00 805360
29.91 8.02 240.03 1140.77 12.00 805380
29.91 8.02 240.03 1141.40 12.00 805400
29.91 8.02 240.03 1140.62 12.00 805420
29.91 7.81 233.63 1141.83 12.00 805440
29.91 7.81 233.63 1141.90 12.00 805460
29.91 7.81 233.63 1141.70 12.00 805480
29.91 7.90 236.21 1143.40 12.00 805500
29.91 7.90 236.21 1143.47 12.00 805520
29.91 7.90 236.21 1142.31 12.00 805540
29.91 7.90 236.21 1144.19 12.00 805560
29.91 7.82 234.08 1143.29 12.00 805580
29.91 7.82 234.08 1143.82 12.00 805600
29.91 7.82 234.08 1144.54 12.00 805620
29.91 7.82 234.08 1144.47 12.00 805640
29.91 7.73 231.30 1145.23 12.00 805660
29.91 7.73 231.30 1145.63 12.00 805680
29.91 7.73 231.30 1145.37 12.00 805700
29.92 7.62 228.05 1145.76 12.00 805720
29.92 7.62 228.05 1146.13 12.00 805740
29.92 7.62 228.05 1147.51 12.00 805760
29.92 7.62 228.05 1146.31 12.00 805780
29.92 7.67 229.61 1147.40 12.00 805800
29.92 7.67 229.61 1146.37 12.00 805820
29.92 7.67 229.61 1148.59 12.00 805840
29.92 7.56 226.18 1148.61 12.00 805860
29.92 7.56 226.18 1148.28 12.00 805880
29.92 7.56 226.18 1150.40 12.00 805900
29.92 7.56 226.18 1149.65 12.00 805920
29.92 7.56 226.11 1148.85 12.00 805940
29.92 7.56 226.11 1150.28 12.00 805960
29.92 7.56 226.11 1150.13 12.00 805980
29.92 7.56 226.11 1151.19 12.00 806000
29.92 7.44 222.54 1150.81 12.00 806020
29.92 7.44 222.54 1151.03 12.00 806040
29.92 7.44 222.54 1151.81 12.00 806060
29.92 7.33 219.49 1152.14 12.00 806080
29.92 7.33 219.49 1152.72 12.00 806100
29.92 7.33 219.49 1152.63 12.00 806120
29.92 7.33 219.49 1152.21 12.00 806140
29.92 7.34 219.71 1153.20 12.00 806160
29.92 7.34 219.71 1152.87 12.00 806180
29.92 7.34 219.71 1154.29 12.00 806200
29.92 7.34 219.71 1153.11 12.00 806220
29.92 7.37 220.46 1152.80 12.00 806240
29.92 7.37 220.46 1154.56 12.00 806260
29.92 7.37 220.46 1154.58 12.00 806280
29.92 7.19 215.24 1154.45 12.00 806300
29.92 7.19 215.24 1156.02 12.00 806320
29.92 7.19 215.24 1155.07 12.00 806340
29.92 7.19 215.24 1154.69 12.00 806360
29.92 7.22 215.98 1157.59 12.00 806380
29.92 7.22 215.98 1156.31 12.00 806400
29.92 7.22 215.98 1156.78 12.00 806420
29.93 7.16 214.28 1157.90 12.00 806440
29.93 7.16 214.28 1157.56 12.00 806460
29.93 7.16 214.28 1157.23 12.00 806480
29.93 7.16 214.28 1157.99 12.00 806500
29.92 7.17 214.56 1157.74 12.00 806520
29.92 7.17 214.56 1158.82 12.00 806540
29.92 7.17 214.56 1159.04 12.00 806560
29.92 7.17 214.56 1159.06 12.00 806580
29.93 7.02 210.04 1160.34 12.00 806600
29.93 7.02 210.04 1160.38 12.00 806620
29.93 7.02 210.04 1160.83 12.00 806640
29.93 6.99 209.14 1160.41 12.00 806660
29.93 6.99 209.14 1160.74 12.00 806680
29.93 6.99 209.14 1161.31 12.00 806700
29.93 6.99 209.14 1160.77 12.00 806720
29.93 7.00 209.43 1161.87 12.00 806740
29.93 7.00 209.43 1162.39 12.00 806760
29.93 7.00 209.43 1162.16 12.00 806780
29.93 6.90 206.61 1161.19 12.00 806800
29.93 6.90 206.61 1162.95 12.00 806820
29.93 6.90 206.61 1163.35 12.00 806840
29.93 6.90 206.61 1163.99 12.00 806860
29.94 6.76 202.37 1163.87 12.00 806880
29.94 6.76 202.37 1163.99 12.00 806900
29.94 6.76 202.37 1164.17 12.00 806920
29.94 6.76 202.37 1164.75 12.00 806940
29.93 6.84 204.67 1164.39 12.00 806960
29.93 6.84 204.67 1165.43 12.00 806980
29.93 6.84 204.67 1165.50 12.00 807000
29.94 6.69 200.29 1165.70 12.00 807020
29.94 6.69 200.29 1166.79 12.00 807040
29.94 6.69 200.29 1165.82 12.00 807060
29.94 6.69 200.29 1166.63 12.00 807080
29.93 6.75 202.21 1165.82 12.00 807100
29.93 6.75 202.21 1166.79 12.00 807120
29.93 6.75 202.21 1167.36 12.00 807140
29.93 6.75 202.21 1167.07 12.00 807160
29.94 6.71 200.87 1167.84 12.00 807180
29.94 6.71 200.87 1168.09 12.00 807200
29.94 6.71 200.87 1167.63 12.00 807220
29.94 6.57 196.71 1169.86 12.00 807240
29.94 6.57 196.71 1167.70 12.00 807260
29.94 6.57 196.71 1169.77 12.00 807280
29.94 6.57 196.71 1168.84 12.00 807300
29.94 6.62 198.27 1169.64 12.00 807320
29.94 6.62 198.27 1169.82 12.00 807340
29.94 6.62 198.27 1169.96 12.00 807360
29.94 6.55 196.11 1169.93 12.00 807380
29.94 6.55 196.11 1170.34 12.00 807400
29.94 6.55 196.11 1171.44 12.00 807420
29.94 6.55 196.11 1171.65 12.00 807440
29.94 6.49 194.24 1172.10 12.00 807460
29.94 6.49 194.24 1171.30 12.00 807480
29.94 6.49 194.24 1172.45 12.00 807500
29.94 6.49 194.24 1172.75 12.00 807520
29.94 6.43 192.46 1171.92 12.00 807540
29.94 6.43 192.46 1172.58 12.00 807560
29.94 6.43 192.46 1173.48 12.00 807580
29.94 6.37 190.89 1172.63 12.00 807600
29.94 6.37 190.89 1174.63 12.00 807620
29.94 6.37 190.89 1173.85 12.00 807640
29.94 6.37 190.89 1173.87 12.00 807660
29.94 6.29 188.27 1173.30 12.00 807680
29.94 6.29 188.27 1174.81 12.00 807700
29.94 6.29 188.27 1174.72 12.00 807720
29.94 6.29 188.27 1175.20 12.00 807740
29.95 6.29 188.36 1175.43 12.00 807760
29.95 6.29 188.36 1175.23 12.00 807780
29.95 6.29 188.36 1175.36 12.00 807800
29.95 6.22 186.35 1177.12 12.00 807820
29.95 6.22 186.35 1176.36 12.00 807840
29.95 6.22 186.35 1176.66 12.00 807860
29.95 6.22 186.35 1176.61 12.00 807880
29.95 6.15 184.33 1177.58 12.00 807900
29.95 6.15 184.33 1177.74 12.00 807920
29.95 6.15 184.33 1177.35 12.00 807940
29.95 6.05 181.27 1178.23 12.00 807960
29.95 6.05 181.27 1177.21 12.00 807980
29.95 6.05 181.27 1178.50 12.00 808000
29.95 6.05 181.27 1177.90 12.00 808020
29.95 6.08 182.17 1178.64 12.00 808040
29.95 6.08 182.17 1178.39 12.00 808060
29.95 6.08 182.17 1179.20 12.00 808080
29.95 6.08 182.17 1178.74 12.00 808100
29.95 6.00 179.71 1179.57 12.00 808120
29.95 6.00 179.71 1179.92 12.00 808140
29.95 6.00 179.71 1180.36 12.00 808160
29.95 5.92 177.47 1179.66 12.00 808180
29.95 5.92 177.47 1180.22 12.00 808200
29.95 5.92 177.47 1180.06 12.00 808220
29.95 5.92 177.47 1181.82 12.00 808240
29.95 5.93 177.62 1179.96 12.00 808260
29.95 5.93 177.62 1181.57 12.00 808280
29.95 5.93 177.62 1181.22 12.00 808300
29.99 4.99 149.81 1182.08 12.00 808320
29.99 4.99 149.81 1182.73 12.00 808340
29.99 4.99 149.81 1183.06 12.00 808360
29.99 4.99 149.81 1181.96 12.00 808380
30.11 0.02 0.68 1181.43 12.00 808400
30.11 0.02 0.68 1181.94 12.00 808420
30.11 0.02 0.68 1182.31 12.00 808440
30.11 0.02 0.68 1180.87 12.00 808460
30.08 0.01 0.23 1181.80 12.00 808480
30.08 0.01 0.23 1181.52 12.00 808500
30.08 0.01 0.23 1181.06 12.00 808520
30.08 0.01 0.23 1180.80 12.00 808540
30.08 0.01 0.23 1181.64 12.00 808560
30.08 0.01 0.23 1180.78 12.00 808580
30.08 0.01 0.23 1181.64 12.00 808600
30.08 0.00 0.15 1181.66 12.00 808620
30.08 0.00 0.15 1180.87 12.00 808640
30.08 0.00 0.15 1180.50 12.00 808660
30.08 0.00 0.15 1180.85 12.00 808680
30.08 0.00 0.15 1180.17 12.00 808700
30.08 0.00 0.15 1179.76 12.00 808720
30.08 0.00 0.15 1180.87 12.00 808740
30.08 0.00 0.15 1180.38 12.00 808760
30.08 0.00 0.15 1180.64 12.00 808780
30.08 0.00 0.15 1179.62 12.00 808800
30.08 0.00 0.15 1180.68 12.00 808820
30.08 0.00 0.15 1180.54 12.00 808840
30.08 0.00 0.15 1179.99 12.00 808860
30.08 0.00 0.15 1179.18 12.00 808880
30.08 0.00 0.15 1180.22 12.00 808900
30.08 0.00 0.15 1179.15 12.00 808920
30.08 0.00 0.15 1179.96 12.00 808940
30.08 0.00 0.15 1178.90 12.00 808960
30.08 0.00 0.15 1178.53 12.00 808980
30.08 0.00 0.15 1180.15 12.00 809000
30.08 0.00 0.15 1179.55 12.00 809020
30.08 0.00 0.15 1178.85 12.00 809040
30.08 0.00 0.15 1179.57 12.00 809060
30.08 0.00 0.15 1179.55 12.00 809080
30.08 0.00 0.15 1178.16 12.00 809100
30.08 0.00 0.15 1178.76 12.00 809120
30.08 0.00 0.15 1179.25 12.00 809140
30.08 0.00 0.15 1178.67 12.00 809160
30.08 0.00 0.15 1178.78 12.00 809180
30.08 0.01 0.30 1178.76 12.00 809200
30.08 0.01 0.30 1178.46 12.00 809220
30.08 0.01 0.30 1177.63 12.00 809240
30.08 0.01 0.30 1177.76 12.00 809260
30.08 0.01 0.38 1178.25 12.00 809280
30.08 0.01 0.38 1178.16 12.00 809300
30.08 0.01 0.38 1179.06 12.00 809320
30.08 0.01 0.38 1178.06 12.00 809340
30.08 0.01 0.38 1178.25 12.00 809360
30.08 0.01 0.38 1177.83 12.00 809380
30.08 0.01 0.38 1177.14 12.00 809400
30.08 0.01 0.38 1177.81 12.00 809420
30.08 0.01 0.38 1176.70 12.00 809440
30.08 0.01 0.38 1177.86 12.00 809460
30.08 0.01 0.38 1178.57 12.00 809480
30.08 0.01 0.38 1177.58 12.00 809500
30.08 0.01 0.38 1177.88 12.00 809520
30.08 0.01 0.38 1177.05 12.00 809540
30.08 0.01 0.38 1176.68 12.00 809560
30.08 0.01 0.38 1176.82 12.00 809580
30.08 0.01 0.38 1177.09 12.00 809600
30.08 0.01 0.38 1177.37 12.00 809620
30.08 0.01 0.38 1175.76 12.00 809640
30.08 0.01 0.38 1176.42 12.00 809660
30.08 0.01 0.38 1176.79 12.00 809680
30.08 0.01 0.38 1175.73 12.00 809700
30.08 0.01 0.38 1177.16 12.00 809720
30.08 0.01 0.38 1176.52 12.00 809740
30.08 0.01 0.38 1176.17 12.00 809760
30.08 0.01 0.38 1175.62 12.00 809780
30.08 0.01 0.38 1175.39 12.00 809800
30.08 0.01 0.38 1175.85 12.00 809820
30.08 0.01 0.38 1175.66 12.00 809840
30.08 0.01 0.38 1175.36 12.00 809860
30.08 0.01 0.38 1175.99 12.00 809880
30.08 0.01 0.38 1177.05 12.00 809900
30.08 0.01 0.38 1175.94 12.00 809920
30.08 0.01 0.38 1176.15 12.00 809940
30.08 0.01 0.38 1174.79 12.00 809960
30.08 0.01 0.38 1175.71 12.00 809980
30.08 0.01 0.38 1175.32 12.00 810000
30.08 0.01 0.38 1175.41 12.00 810020
30.08 0.01 0.38 1175.02 12.00 810040
30.08 0.01 0.38 1174.60 12.00 810060
30.08 0.01 0.38 1174.70 12.00 810080
30.08 0.01 0.38 1174.44 12.00 810100
30.08 0.01 0.38 1175.02 12.00 810120
30.08 0.01 0.38 1174.60 12.00 810140
30.08 0.01 0.38 1174.08 12.00 810160
