30.08 0.01 0.38 0.00 8.00 367100
30.08 0.01 0.38 0.00 8.00 367120
30.08 0.01 0.38 0.00 8.00 367140
30.08 0.01 0.38 0.00 8.00 367160
30.08 0.01 0.38 0.00 8.00 367180
30.08 0.01 0.38 0.00 8.00 367200
30.08 0.01 0.38 0.00 8.00 367220
30.08 0.01 0.38 0.00 8.00 367240
30.08 0.01 0.38 0.00 8.00 367260
30.08 0.01 0.38 0.00 8.00 367280
30.08 0.01 0.38 0.00 8.00 367300
30.08 0.01 0.38 0.00 8.00 367320
30.08 0.01 0.38 0.00 8.00 367340
30.08 0.01 0.38 0.00 8.00 367360
30.08 0.01 0.38 0.00 8.00 367380
30.08 0.01 0.38 0.00 8.00 367400
30.08 0.01 0.38 0.00 8.00 367420
30.08 0.01 0.38 0.00 8.00 367440
30.08 0.01 0.38 0.00 8.00 367460
30.08 0.01 0.38 0.00 8.00 367480
30.08 0.01 0.38 0.00 8.00 367500
30.08 0.01 0.38 0.00 8.00 367520
30.08 0.01 0.38 0.00 8.00 367540
30.08 0.01 0.38 0.00 8.00 367560
30.08 0.01 0.38 0.00 8.00 367580
30.08 0.01 0.38 0.00 8.00 367600
30.08 0.01 0.38 0.00 8.00 367620
30.08 0.01 0.38 0.00 8.00 367640
30.08 0.01 0.38 0.00 8.00 367660
30.08 0.01 0.38 0.00 8.00 367680
30.08 0.01 0.38 0.00 8.00 367700
30.08 0.01 0.38 0.00 8.00 367720
30.08 0.01 0.38 0.00 8.00 367740
30.08 0.01 0.38 0.00 8.00 367760
30.08 0.01 0.45 0.00 8.00 367780
30.08 0.01 0.45 0.00 8.00 367800
30.08 0.01 0.45 0.00 8.00 367820
30.08 0.01 0.45 0.00 8.00 367840
30.08 0.01 0.38 0.00 8.00 367860
30.08 0.01 0.38 0.00 8.00 367880
30.08 0.01 0.38 0.00 8.00 367900
30.08 0.01 0.38 0.00 8.00 367920
30.08 0.01 0.38 0.00 8.00 367940
30.08 0.01 0.38 0.00 8.00 367960
30.08 0.01 0.38 0.00 8.00 367980
30.08 0.01 0.38 0.00 8.00 368000
30.08 0.01 0.38 0.00 8.00 368020
30.08 0.01 0.38 0.00 8.00 368040
30.08 0.01 0.38 0.00 8.00 368060
30.08 0.01 0.38 0.00 8.00 368080
30.08 0.01 0.38 0.00 8.00 368100
30.08 0.01 0.38 0.00 8.00 368120
30.08 0.01 0.38 0.00 8.00 368140
30.08 0.01 0.38 0.00 8.00 368160
30.08 0.01 0.38 0.00 8.00 368180
30.08 0.01 0.38 0.00 8.00 368200
30.08 0.01 0.38 0.00 8.00 368220
30.08 0.01 0.38 0.00 8.00 368240
30.08 0.01 0.38 0.00 8.00 368260
30.08 0.01 0.38 0.00 8.00 368280
30.08 0.01 0.38 0.00 8.00 368300
30.08 0.01 0.38 0.00 8.00 368320
30.08 0.01 0.38 0.00 8.00 368340
30.08 0.01 0.38 0.00 8.00 368360
30.08 0.01 0.38 0.00 8.00 368380
30.08 0.01 0.38 0.00 8.00 368400
30.08 0.01 0.38 0.00 8.00 368420
30.08 0.01 0.38 0.00 8.00 368440
30.08 0.01 0.38 0.00 8.00 368460
30.08 0.01 0.38 0.00 8.00 368480
30.08 0.01 0.45 0.00 8.00 368500
30.08 0.01 0.45 0.00 8.00 368520
30.08 0.01 0.45 0.00 8.00 368540
30.08 0.01 0.45 0.00 8.00 368560
30.08 0.01 0.38 0.00 8.00 368580
30.08 0.01 0.38 0.00 8.00 368600
30.08 0.01 0.38 0.00 8.00 368620
30.08 0.01 0.38 0.00 8.00 368640
30.08 0.01 0.38 0.00 8.00 368660
30.08 0.01 0.38 0.00 8.00 368680
30.08 0.01 0.38 0.00 8.00 368700
30.08 0.01 0.38 0.00 8.00 368720
30.08 0.01 0.38 0.00 8.00 368740
30.08 0.01 0.38 0.00 8.00 368760
30.08 0.01 0.38 0.00 8.00 368780
30.08 0.01 0.38 0.00 8.00 368800
30.08 0.01 0.38 0.00 8.00 368820
30.08 0.01 0.38 0.00 8.00 368840
30.08 0.01 0.38 0.00 8.00 368860
30.08 0.01 0.38 0.00 8.00 368880
30.08 0.01 0.38 0.00 8.00 368900
30.08 0.01 0.38 0.00 8.00 368920
30.08 0.01 0.45 0.00 8.00 368940
30.08 0.01 0.45 0.00 8.00 368960
30.08 0.01 0.45 0.00 8.00 368980
30.08 0.01 0.45 0.00 8.00 369000
30.08 0.01 0.38 0.00 8.00 369020
30.08 0.01 0.38 0.00 8.00 369040
30.08 0.01 0.38 0.00 8.00 369060
30.08 0.01 0.38 0.00 8.00 369080
30.08 0.01 0.38 0.00 8.00 369100
30.08 0.01 0.38 0.00 8.00 369120
30.08 0.01 0.38 0.00 8.00 369140
30.08 0.01 0.38 0.00 8.00 369160
30.08 0.01 0.38 0.00 8.00 369180
30.08 0.01 0.38 0.00 8.00 369200
30.08 0.01 0.38 0.00 8.00 369220
30.08 0.01 0.38 0.00 8.00 369240
30.08 0.01 0.38 0.00 8.00 369260
30.08 0.01 0.38 0.00 8.00 369280
30.08 0.01 0.38 0.00 8.00 369300
30.08 0.01 0.38 0.00 8.00 369320
30.08 0.01 0.38 0.00 8.00 369340
30.08 0.01 0.38 0.00 8.00 369360
30.08 0.01 0.38 0.00 8.00 369380
30.08 0.01 0.38 0.00 8.00 369400
30.08 0.01 0.38 0.00 8.00 369420
30.08 0.01 0.38 0.00 8.00 369440
30.08 0.01 0.38 0.00 8.00 369460
30.08 0.01 0.38 0.00 8.00 369480
30.08 0.01 0.38 0.00 8.00 369500
30.08 0.01 0.38 0.00 8.00 369520
30.08 0.01 0.38 0.00 8.00 369540
30.08 0.01 0.38 0.00 8.00 369560
30.08 0.01 0.38 0.00 8.00 369580
30.08 0.01 0.38 0.00 8.00 369600
30.08 0.01 0.38 0.00 8.00 369620
30.08 0.01 0.38 0.00 8.00 369640
30.08 0.01 0.38 0.00 8.00 369660
30.08 0.01 0.38 0.00 8.00 369680
30.08 0.01 0.38 0.00 8.00 369700
30.08 0.01 0.38 0.00 8.00 369720
30.08 0.01 0.38 0.00 8.00 369740
30.08 0.01 0.38 0.00 8.00 369760
30.08 0.01 0.38 0.00 8.00 369780
30.08 0.01 0.38 0.00 8.00 369800
30.08 0.01 0.38 0.00 8.00 369820
30.08 0.01 0.38 0.00 8.00 369840
30.08 0.01 0.38 0.00 8.00 369860
30.08 0.01 0.38 0.00 8.00 369880
30.08 0.01 0.38 0.00 8.00 369900
30.08 0.01 0.38 0.00 8.00 369920
30.08 0.01 0.38 0.00 8.00 369940
30.08 0.01 0.38 0.00 8.00 369960
30.08 0.01 0.38 0.00 8.00 369980
30.08 0.01 0.38 0.00 8.00 370000
30.08 0.01 0.45 0.00 8.00 370020
30.08 0.01 0.45 0.00 8.00 370040
30.08 0.01 0.45 0.00 8.00 370060
30.08 0.01 0.45 0.00 8.00 370080
30.08 0.01 0.38 0.00 8.00 370100
30.08 0.01 0.38 0.00 8.00 370120
30.08 0.01 0.38 0.00 8.00 370140
30.08 0.01 0.38 0.00 8.00 370160
30.08 0.01 0.38 0.00 8.00 370180
30.08 0.01 0.38 0.00 8.00 370200
30.08 0.01 0.38 0.00 8.00 370220
30.08 0.01 0.38 0.00 8.00 370240
30.08 0.01 0.38 0.00 8.00 370260
30.08 0.01 0.38 0.00 8.00 370280
30.08 0.01 0.38 0.00 8.00 370300
30.08 0.01 0.38 0.00 8.00 370320
30.08 0.01 0.38 0.00 8.00 370340
30.08 0.01 0.38 0.00 8.00 370360
30.08 0.01 0.38 0.00 8.00 370380
30.08 0.01 0.38 0.00 8.00 370400
30.08 0.01 0.38 0.00 8.00 370420
30.08 0.01 0.38 0.00 8.00 370440
30.08 0.01 0.38 0.00 8.00 370460
30.08 0.01 0.38 0.00 8.00 370480
30.08 0.01 0.38 0.00 8.00 370500
30.08 0.01 0.38 0.00 8.00 370520
30.08 0.01 0.45 0.00 8.00 370540
30.08 0.01 0.45 0.00 8.00 370560
30.08 0.01 0.45 0.00 8.00 370580
30.08 0.01 0.38 0.00 8.00 370600
30.08 0.01 0.38 0.00 8.00 370620
30.08 0.01 0.38 0.00 8.00 370640
30.08 0.01 0.38 0.00 8.00 370660
30.08 0.01 0.38 0.00 8.00 370680
30.08 0.01 0.38 0.00 8.00 370700
30.08 0.01 0.38 0.00 8.00 370720
30.08 0.01 0.38 0.00 8.00 370740
30.08 0.01 0.38 0.00 8.00 370760
30.08 0.01 0.38 0.00 8.00 370780
30.08 0.01 0.38 0.00 8.00 370800
30.08 0.01 0.38 0.00 8.00 370820
30.08 0.01 0.38 0.00 8.00 370840
30.08 0.01 0.38 0.00 8.00 370860
30.08 0.01 0.38 0.00 8.00 370880
30.08 0.01 0.38 0.00 8.00 370900
30.08 0.01 0.38 0.00 8.00 370920
30.08 0.01 0.38 0.00 8.00 370940
30.08 0.01 0.38 0.00 8.00 370960
30.08 0.01 0.38 0.00 8.00 370980
30.08 0.01 0.38 0.00 8.00 371000
30.08 0.01 0.38 0.00 8.00 371020
30.08 0.01 0.38 0.00 8.00 371040
30.08 0.01 0.38 0.00 8.00 371060
30.08 0.01 0.38 0.00 8.00 371080
30.08 0.01 0.38 0.00 8.00 371100
30.08 0.01 0.38 0.00 8.00 371120
30.08 0.01 0.38 0.00 8.00 371140
30.08 0.01 0.38 0.00 8.00 371160
30.08 0.01 0.38 0.00 8.00 371180
30.08 0.01 0.38 0.00 8.00 371200
30.08 0.01 0.38 0.00 8.00 371220
30.08 0.01 0.38 0.00 8.00 371240
30.08 0.01 0.38 0.00 8.00 371260
30.08 0.01 0.38 0.00 8.00 371280
30.08 0.01 0.38 0.00 8.00 371300
30.08 0.01 0.38 0.00 8.00 371320
30.08 0.01 0.38 0.00 8.00 371340
30.08 0.01 0.38 0.00 8.00 371360
30.08 0.01 0.38 0.00 8.00 371380
30.08 0.01 0.38 0.00 8.00 371400
30.08 0.01 0.38 0.00 8.00 371420
30.08 0.01 0.38 0.00 8.00 371440
30.08 0.01 0.38 0.00 8.00 371460
30.08 0.01 0.45 0.00 8.00 371480
30.08 0.01 0.45 0.00 8.00 371500
30.08 0.01 0.45 0.00 8.00 371520
30.05 0.38 11.49 0.00 8.00 371540
30.05 0.38 11.49 0.00 8.00 371560
30.05 0.38 11.49 0.00 8.00 371580
30.05 0.38 11.49 0.00 8.00 371600
30.00 2.68 80.48 0.00 8.00 371620
30.00 2.68 80.48 0.00 8.00 371640
30.00 2.68 80.48 0.00 8.00 371660
30.00 2.68 80.48 0.00 8.00 371680
29.96 5.10 152.86 0.00 8.00 371700
29.96 5.10 152.86 0.00 8.00 371720
29.96 5.10 152.86 4.30 8.00 371740
29.93 6.44 192.86 4.30 8.00 371760
29.93 6.44 192.86 4.30 8.00 371780
29.93 6.44 192.86 4.30 8.00 371800
29.93 6.44 192.86 4.28 8.00 371820
29.93 7.05 210.91 4.28 8.00 371840
29.93 7.05 210.91 4.28 8.00 371860
29.93 7.05 210.91 4.26 8.00 371880
29.92 7.25 217.02 4.26 8.00 371900
29.92 7.25 217.02 4.25 8.00 371920
29.92 7.25 217.02 4.25 8.00 371940
29.92 7.25 217.02 4.25 8.00 371960
29.92 7.30 218.43 4.25 8.00 371980
29.92 7.30 218.43 4.24 8.00 372000
29.92 7.30 218.43 4.24 8.00 372020
29.92 7.30 218.43 4.23 8.00 372040
29.93 7.18 214.95 4.23 8.00 372060
29.93 7.18 214.95 4.23 8.00 372080
29.93 7.18 214.95 4.22 8.00 372100
29.93 7.09 212.19 4.22 8.00 372120
29.93 7.09 212.19 4.22 8.00 372140
29.93 7.09 212.19 4.21 8.00 372160
29.93 7.09 212.19 4.21 8.00 372180
29.93 6.87 205.72 4.21 8.00 372200
29.93 6.87 205.72 4.21 8.00 372220
29.93 6.87 205.72 4.21 8.00 372240
29.93 6.78 203.03 4.20 8.00 372260
29.93 6.78 203.03 4.20 8.00 372280
29.93 6.78 203.03 4.20 8.00 372300
29.93 6.78 203.03 4.20 8.00 372320
29.93 6.75 202.21 4.20 8.00 372340
29.93 6.75 202.21 4.20 8.00 372360
29.93 6.75 202.21 4.20 8.00 372380
29.93 6.75 202.21 4.20 8.00 372400
29.94 6.59 197.30 4.19 8.00 372420
29.94 6.59 197.30 4.19 8.00 372440
29.94 6.59 197.30 4.19 8.00 372460
29.95 6.29 188.36 4.20 8.00 372480
29.95 6.29 188.36 4.20 8.00 372500
29.95 6.29 188.36 4.20 8.00 372520
29.95 6.29 188.36 4.20 8.00 372540
29.95 6.18 185.15 4.20 8.00 372560
29.95 6.18 185.15 4.20 8.00 372580
29.95 6.18 185.15 4.20 8.00 372600
29.95 6.18 185.15 4.21 8.00 372620
29.95 6.06 181.65 4.21 8.00 372640
29.95 6.06 181.65 4.22 8.00 372660
29.95 6.06 181.65 4.22 8.00 372680
29.95 6.01 179.93 4.23 8.00 372700
29.95 6.01 179.93 4.23 8.00 372720
29.95 6.01 179.93 4.25 8.00 372740
29.95 6.01 179.93 4.25 8.00 372760
29.95 5.87 175.84 4.26 8.00 372780
29.95 5.87 175.84 4.28 8.00 372800
29.95 5.87 175.84 4.30 8.00 372820
29.96 5.73 171.80 4.37 8.00 372840
29.96 5.73 171.80 4.46 8.00 372860
29.96 5.73 171.80 4.78 8.00 372880
29.96 5.73 171.80 54.84 8.00 372900
29.96 5.62 168.37 57.37 8.00 372920
29.96 5.62 168.37 61.16 8.00 372940
29.96 5.62 168.37 62.78 8.00 372960
29.96 5.62 168.37 65.73 8.00 372980
29.96 5.50 164.94 68.44 8.00 373000
29.96 5.50 164.94 69.64 8.00 373020
29.96 5.50 164.94 71.99 8.00 373040
29.96 5.42 162.55 74.18 8.00 373060
29.96 5.42 162.55 75.24 8.00 373080
29.96 5.42 162.55 77.23 8.00 373100
29.96 5.42 162.55 79.18 8.00 373120
29.97 5.33 159.79 80.96 8.00 373140
29.97 5.33 159.79 82.74 8.00 373160
29.97 5.33 159.79 83.50 8.00 373180
29.97 5.33 159.79 85.21 8.00 373200
29.97 5.23 156.73 86.85 8.00 373220
29.97 5.23 156.73 88.43 8.00 373240
29.97 5.23 156.73 89.91 8.00 373260
29.97 5.12 153.59 91.34 8.00 373280
29.97 5.12 153.59 92.77 8.00 373300
29.97 5.12 153.59 94.18 8.00 373320
29.97 5.12 153.59 95.48 8.00 373340
29.97 5.02 150.53 96.83 8.00 373360
29.97 5.02 150.53 98.10 8.00 373380
29.97 5.02 150.53 99.40 8.00 373400
29.98 4.84 145.09 100.58 8.00 373420
29.98 4.84 145.09 101.78 8.00 373440
29.98 4.84 145.09 102.98 8.00 373460
29.98 4.84 145.09 104.24 8.00 373480
29.97 4.80 143.95 105.30 8.00 373500
29.97 4.80 143.95 106.37 8.00 373520
29.97 4.80 143.95 107.49 8.00 373540
29.97 4.80 143.95 109.14 8.00 373560
29.97 5.07 151.87 110.19 8.00 373580
29.97 5.07 151.87 111.18 8.00 373600
29.97 5.07 151.87 112.27 8.00 373620
29.95 5.66 169.69 113.33 8.00 373640
29.95 5.66 169.69 114.75 8.00 373660
29.95 5.66 169.69 115.83 8.00 373680
29.95 5.66 169.69 116.87 8.00 373700
29.94 6.33 189.66 117.76 8.00 373720
29.94 6.33 189.66 119.25 8.00 373740
29.94 6.33 189.66 120.08 8.00 373760
29.93 7.04 210.76 121.11 8.00 373780
29.93 7.04 210.76 122.61 8.00 373800
29.93 7.04 210.76 123.61 8.00 373820
29.93 7.04 210.76 125.05 8.00 373840
29.91 7.57 226.46 126.13 8.00 373860
29.91 7.57 226.46 127.44 8.00 373880
29.91 7.57 226.46 128.46 8.00 373900
29.91 7.57 226.46 129.86 8.00 373920
29.91 7.95 237.77 130.83 8.00 373940
29.91 7.95 237.77 132.30 8.00 373960
29.91 7.95 237.77 133.32 8.00 373980
29.91 8.06 241.05 134.71 8.00 374000
29.91 8.06 241.05 136.24 8.00 374020
29.91 8.06 241.05 137.30 8.00 374040
29.91 8.06 241.05 138.76 8.00 374060
29.90 8.14 243.43 140.30 8.00 374080
29.90 8.14 243.43 141.36 8.00 374100
29.90 8.14 243.43 142.76 8.00 374120
29.90 8.14 243.43 144.24 8.00 374140
29.91 7.98 238.67 145.76 8.00 374160
29.91 7.98 238.67 147.17 8.00 374180
29.91 7.98 238.67 148.23 8.00 374200
29.91 7.91 236.52 149.60 8.00 374220
29.91 7.91 236.52 151.04 8.00 374240
29.91 7.91 236.52 152.43 8.00 374260
29.91 7.91 236.52 153.81 8.00 374280
29.92 7.72 231.10 155.28 8.00 374300
29.92 7.72 231.10 156.49 8.00 374320
29.92 7.72 231.10 157.91 8.00 374340
29.92 7.63 228.27 159.11 8.00 374360
29.92 7.63 228.27 160.44 8.00 374380
29.92 7.63 228.27 161.77 8.00 374400
29.92 7.63 228.27 163.01 8.00 374420
29.92 7.57 226.55 164.36 8.00 374440
29.92 7.57 226.55 165.52 8.00 374460
29.92 7.57 226.55 166.66 8.00 374480
29.92 7.57 226.55 167.92 8.00 374500
29.92 7.52 225.00 169.51 8.00 374520
29.92 7.52 225.00 170.78 8.00 374540
29.92 7.52 225.00 171.90 8.00 374560
29.92 7.43 222.31 172.98 8.00 374580
29.92 7.43 222.31 174.07 8.00 374600
29.92 7.43 222.31 175.59 8.00 374620
29.92 7.43 222.31 176.67 8.00 374640
29.92 7.43 222.22 177.80 8.00 374660
29.92 7.43 222.22 179.27 8.00 374680
29.92 7.43 222.22 180.42 8.00 374700
29.92 7.43 222.22 181.51 8.00 374720
29.92 7.34 219.63 182.72 8.00 374740
29.92 7.34 219.63 183.90 8.00 374760
29.92 7.34 219.63 185.35 8.00 374780
29.92 7.46 223.19 186.43 8.00 374800
29.92 7.46 223.19 187.72 8.00 374820
29.92 7.46 223.19 188.62 8.00 374840
29.92 7.46 223.19 189.59 8.00 374860
29.92 7.45 222.97 190.97 8.00 374880
29.92 7.45 222.97 192.25 8.00 374900
29.92 7.45 222.97 193.30 8.00 374920
29.92 7.44 222.52 194.56 8.00 374940
29.92 7.44 222.52 195.44 8.00 374960
29.92 7.44 222.52 196.76 8.00 374980
29.92 7.44 222.52 198.02 8.00 375000
29.92 7.48 223.72 198.98 8.00 375020
29.92 7.48 223.72 200.28 8.00 375040
29.92 7.48 223.72 201.31 8.00 375060
29.92 7.48 223.72 202.28 8.00 375080
29.92 7.51 224.69 203.51 8.00 375100
29.92 7.51 224.69 204.81 8.00 375120
29.92 7.51 224.69 206.11 8.00 375140
29.92 7.61 227.81 206.95 8.00 375160
29.92 7.61 227.81 208.00 8.00 375180
29.92 7.61 227.81 209.32 8.00 375200
29.92 7.61 227.81 210.43 8.00 375220
29.91 7.73 231.15 211.76 8.00 375240
29.91 7.73 231.15 212.78 8.00 375260
29.91 7.73 231.15 213.61 8.00 375280
29.91 7.76 232.21 214.77 8.00 375300
29.91 7.76 232.21 216.01 8.00 375320
29.91 7.76 232.21 217.20 8.00 375340
29.91 7.76 232.21 218.23 8.00 375360
29.91 7.71 230.56 219.38 8.00 375380
29.91 7.71 230.56 220.48 8.00 375400
29.91 7.71 230.56 221.71 8.00 375420
29.91 7.71 230.56 222.77 8.00 375440
29.92 7.61 227.66 223.84 8.00 375460
29.92 7.61 227.66 225.05 8.00 375480
29.92 7.61 227.66 226.22 8.00 375500
29.92 7.47 223.59 227.20 8.00 375520
29.92 7.47 223.59 228.28 8.00 375540
29.92 7.47 223.59 229.28 8.00 375560
29.92 7.47 223.59 230.35 8.00 375580
29.92 7.46 223.34 231.63 8.00 375600
29.92 7.46 223.34 232.71 8.00 375620
29.92 7.46 223.34 233.85 8.00 375640
29.92 7.46 223.34 234.78 8.00 375660
29.92 7.59 227.15 235.67 8.00 375680
29.92 7.59 227.15 236.76 8.00 375700
29.92 7.59 227.15 238.19 8.00 375720
29.92 7.59 227.06 238.97 8.00 375740
29.92 7.59 227.06 240.19 8.00 375760
29.92 7.59 227.06 240.99 8.00 375780
29.92 7.59 227.06 242.31 8.00 375800
29.91 7.67 229.37 243.19 8.00 375820
29.91 7.67 229.37 244.09 8.00 375840
29.91 7.67 229.37 245.55 8.00 375860
29.92 7.63 228.27 246.36 8.00 375880
29.92 7.63 228.27 247.58 8.00 375900
29.92 7.63 228.27 248.64 8.00 375920
29.92 7.63 228.27 249.71 8.00 375940
29.92 7.46 223.20 250.48 8.00 375960
29.92 7.46 223.20 251.75 8.00 375980
29.92 7.46 223.20 252.68 8.00 376000
29.92 7.46 223.20 253.94 8.00 376020
29.91 7.62 227.88 254.84 8.00 376040
29.91 7.62 227.88 255.72 8.00 376060
29.91 7.62 227.88 257.00 8.00 376080
29.91 7.77 232.50 257.72 8.00 376100
29.91 7.77 232.50 259.12 8.00 376120
29.91 7.77 232.50 260.00 8.00 376140
29.91 7.77 232.50 260.85 8.00 376160
29.92 7.59 227.00 262.00 8.00 376180
29.92 7.59 227.00 263.13 8.00 376200
29.92 7.59 227.00 263.99 8.00 376220
29.92 7.59 227.00 265.21 8.00 376240
29.92 7.56 226.24 266.25 8.00 376260
29.92 7.56 226.24 267.04 8.00 376280
29.92 7.56 226.24 268.08 8.00 376300
29.92 7.56 226.11 269.13 8.00 376320
29.92 7.56 226.11 270.12 8.00 376340
29.92 7.56 226.11 271.36 8.00 376360
29.92 7.56 226.11 272.16 8.00 376380
29.92 7.50 224.32 272.92 8.00 376400
29.92 7.50 224.32 273.93 8.00 376420
29.92 7.50 224.32 275.24 8.00 376440
29.92 7.52 225.05 276.12 8.00 376460
29.92 7.52 225.05 277.05 8.00 376480
29.92 7.52 225.05 278.00 8.00 376500
29.92 7.52 225.05 279.12 8.00 376520
29.92 7.47 223.43 280.10 8.00 376540
29.92 7.47 223.43 280.95 8.00 376560
29.92 7.47 223.43 281.98 8.00 376580
29.92 7.47 223.43 283.00 8.00 376600
29.92 7.55 225.95 283.86 8.00 376620
29.92 7.55 225.95 285.04 8.00 376640
29.92 7.55 225.95 285.94 8.00 376660
29.92 7.57 226.48 286.89 8.00 376680
29.92 7.57 226.48 287.85 8.00 376700
29.92 7.57 226.48 288.72 8.00 376720
29.92 7.57 226.48 289.70 8.00 376740
29.92 7.55 225.95 290.93 8.00 376760
29.92 7.55 225.95 291.73 8.00 376780
29.92 7.55 225.95 292.63 8.00 376800
29.92 7.63 228.34 293.61 8.00 376820
29.92 7.63 228.34 294.35 8.00 376840
29.92 7.63 228.34 295.62 8.00 376860
29.92 7.63 228.34 296.49 8.00 376880
29.91 7.70 230.42 297.53 8.00 376900
29.91 7.70 230.42 298.31 8.00 376920
29.91 7.70 230.42 299.42 8.00 376940
29.91 7.70 230.42 300.26 8.00 376960
29.92 7.66 229.09 301.34 8.00 376980
29.92 7.66 229.09 302.36 8.00 377000
29.92 7.66 229.09 303.31 8.00 377020
29.92 7.62 227.89 304.07 8.00 377040
29.92 7.62 227.89 305.02 8.00 377060
29.92 7.62 227.89 306.11 8.00 377080
29.92 7.62 227.89 307.04 8.00 377100
29.92 7.65 228.93 307.96 8.00 377120
29.92 7.65 228.93 308.81 8.00 377140
29.92 7.65 228.93 309.79 8.00 377160
29.92 7.65 228.93 310.94 8.00 377180
29.92 7.64 228.63 311.90 8.00 377200
29.92 7.64 228.63 312.50 8.00 377220
29.92 7.64 228.63 313.73 8.00 377240
29.92 7.63 228.26 314.49 8.00 377260
29.92 7.63 228.26 315.45 8.00 377280
29.92 7.63 228.26 316.36 8.00 377300
29.92 7.63 228.26 317.43 8.00 377320
29.92 7.53 225.20 318.24 8.00 377340
29.92 7.53 225.20 319.23 8.00 377360
29.92 7.53 225.20 320.34 8.00 377380
29.91 7.55 225.78 320.96 8.00 377400
29.91 7.55 225.78 322.16 8.00 377420
29.91 7.55 225.78 322.90 8.00 377440
29.91 7.55 225.78 323.86 8.00 377460
29.92 7.56 226.32 324.91 8.00 377480
29.92 7.56 226.32 325.64 8.00 377500
29.92 7.56 226.32 326.52 8.00 377520
29.92 7.56 226.32 327.48 8.00 377540
29.91 7.59 227.20 328.39 8.00 377560
29.91 7.59 227.20 329.29 8.00 377580
29.91 7.59 227.20 330.06 8.00 377600
29.91 7.67 229.59 331.18 8.00 377620
29.91 7.67 229.59 332.00 8.00 377640
29.91 7.67 229.59 332.50 8.00 377660
29.91 7.67 229.59 333.77 8.00 377680
29.91 7.70 230.50 334.56 8.00 377700
29.91 7.70 230.50 335.44 8.00 377720
29.91 7.70 230.50 336.21 8.00 377740
29.91 7.67 229.37 337.51 8.00 377760
29.91 7.67 229.36 338.24 8.00 377780
29.91 7.67 229.36 339.12 8.00 377800
29.91 7.67 229.36 340.27 8.00 377820
29.91 7.74 231.68 341.07 8.00 377840
29.91 7.74 231.68 342.09 8.00 377860
29.91 7.74 231.68 342.91 8.00 377880
29.91 7.74 231.68 343.67 8.00 377900
29.92 7.61 227.81 344.61 8.00 377920
29.92 7.61 227.81 345.50 8.00 377940
29.92 7.61 227.81 346.19 8.00 377960
29.92 7.47 223.42 347.24 8.00 377980
29.92 7.47 223.42 348.13 8.00 378000
29.92 7.47 223.42 348.98 8.00 378020
29.92 7.47 223.42 349.90 8.00 378040
29.92 7.55 225.80 350.78 8.00 378060
29.92 7.55 225.80 351.96 8.00 378080
29.92 7.55 225.80 352.55 8.00 378100
29.92 7.55 225.80 353.27 8.00 378120
29.91 7.66 229.22 354.29 8.00 378140
29.91 7.66 229.22 355.11 8.00 378160
29.91 7.66 229.22 355.79 8.00 378180
29.91 7.80 233.24 356.95 8.00 378200
29.91 7.80 233.24 357.79 8.00 378220
29.91 7.80 233.24 358.64 8.00 378240
29.91 7.80 233.24 359.44 8.00 378260
29.91 7.74 231.53 360.19 8.00 378280
29.91 7.74 231.53 361.49 8.00 378300
29.91 7.74 231.53 362.26 8.00 378320
29.91 7.82 234.05 363.25 8.00 378340
29.91 7.82 234.05 363.84 8.00 378360
29.91 7.82 234.05 364.93 8.00 378380
29.91 7.82 234.05 365.72 8.00 378400
29.91 7.76 232.06 366.72 8.00 378420
29.91 7.76 232.06 367.29 8.00 378440
29.91 7.76 232.06 368.27 8.00 378460
29.91 7.76 232.06 369.40 8.00 378480
29.92 7.51 224.83 369.93 8.00 378500
29.92 7.51 224.83 370.86 8.00 378520
29.92 7.51 224.83 371.62 8.00 378540
29.92 7.48 223.94 372.78 8.00 378560
29.92 7.48 223.94 373.44 8.00 378580
29.92 7.48 223.94 374.22 8.00 378600
29.92 7.48 223.94 375.29 8.00 378620
29.92 7.54 225.50 376.20 8.00 378640
29.92 7.54 225.50 376.70 8.00 378660
29.92 7.54 225.50 377.61 8.00 378680
29.92 7.54 225.50 378.50 8.00 378700
29.92 7.56 226.32 379.37 8.00 378720
29.92 7.56 226.32 380.16 8.00 378740
29.92 7.56 226.32 380.99 8.00 378760
29.92 7.51 224.67 381.91 8.00 378780
29.92 7.51 224.67 382.51 8.00 378800
29.92 7.51 224.67 383.31 8.00 378820
29.92 7.51 224.67 384.18 8.00 378840
29.92 7.60 227.44 385.04 8.00 378860
29.92 7.60 227.44 385.96 8.00 378880
29.92 7.60 227.44 386.77 8.00 378900
29.92 7.64 228.49 387.44 8.00 378920
29.92 7.64 228.49 388.47 8.00 378940
29.92 7.64 228.49 389.36 8.00 378960
29.92 7.64 228.49 389.98 8.00 378980
29.91 7.65 229.00 390.80 8.00 379000
29.91 7.65 229.00 391.70 8.00 379020
29.91 7.65 229.00 392.71 8.00 379040
29.91 7.65 229.00 393.10 8.00 379060
29.91 7.64 228.70 394.34 8.00 379080
29.91 7.64 228.70 395.28 8.00 379100
29.91 7.64 228.70 395.81 8.00 379120
29.91 7.66 229.15 396.82 8.00 379140
29.91 7.66 229.15 397.49 8.00 379160
29.91 7.66 229.15 398.35 8.00 379180
29.91 7.66 229.15 399.28 8.00 379200
29.91 7.64 228.48 399.86 8.00 379220
29.91 7.64 228.48 400.91 8.00 379240
29.91 7.64 228.48 401.44 8.00 379260
29.91 7.73 231.32 402.43 8.00 379280
29.91 7.73 231.30 403.19 8.00 379300
29.91 7.73 231.30 403.81 8.00 379320
29.91 7.73 231.30 404.88 8.00 379340
29.92 7.67 229.54 405.68 8.00 379360
29.92 7.67 229.54 406.15 8.00 379380
29.92 7.67 229.54 406.89 8.00 379400
29.92 7.67 229.54 408.07 8.00 379420
29.91 7.65 228.92 409.08 8.00 379440
29.91 7.65 228.92 409.79 8.00 379460
29.91 7.65 228.92 410.46 8.00 379480
29.92 7.59 227.14 411.10 8.00 379500
29.92 7.59 227.14 412.57 8.00 379520
29.92 7.59 227.14 412.96 8.00 379540
29.92 7.59 227.14 414.09 8.00 379560
29.92 7.56 226.32 414.39 8.00 379580
29.92 7.56 226.32 415.31 8.00 379600
29.92 7.56 226.32 415.99 8.00 379620
29.92 7.56 226.32 416.92 8.00 379640
29.91 7.72 230.86 417.59 8.00 379660
29.91 7.72 230.86 418.59 8.00 379680
29.91 7.72 230.86 419.18 8.00 379700
29.92 7.73 231.25 420.04 8.00 379720
29.92 7.73 231.25 421.14 8.00 379740
29.92 7.73 231.25 421.64 8.00 379760
29.92 7.73 231.25 422.32 8.00 379780
29.92 7.64 228.64 423.28 8.00 379800
29.92 7.64 228.64 424.36 8.00 379820
29.92 7.64 228.64 424.82 8.00 379840
29.92 7.62 227.97 425.53 8.00 379860
29.92 7.62 227.97 426.21 8.00 379880
29.92 7.62 227.97 427.07 8.00 379900
29.92 7.62 227.97 427.88 8.00 379920
29.92 7.55 225.88 428.72 8.00 379940
29.92 7.55 225.88 429.68 8.00 379960
29.92 7.55 225.88 429.84 8.00 379980
29.92 7.55 225.88 431.11 8.00 380000
29.92 7.59 227.21 431.81 8.00 380020
29.92 7.59 227.21 432.50 8.00 380040
29.92 7.59 227.21 433.32 8.00 380060
29.91 7.76 232.12 434.24 8.00 380080
29.91 7.76 232.12 434.91 8.00 380100
29.91 7.76 232.12 435.34 8.00 380120
29.91 7.76 232.12 436.44 8.00 380140
29.91 7.70 230.50 437.18 8.00 380160
29.91 7.70 230.50 437.78 8.00 380180
29.91 7.70 230.50 438.85 8.00 380200
29.91 7.70 230.50 439.49 8.00 380220
29.91 7.67 229.45 440.33 8.00 380240
29.91 7.67 229.45 441.40 8.00 380260
29.91 7.67 229.45 441.62 8.00 380280
29.92 7.59 227.06 442.63 8.00 380300
29.92 7.59 227.06 443.27 8.00 380320
29.92 7.59 227.06 444.15 8.00 380340
29.92 7.59 227.06 444.78 8.00 380360
29.92 7.47 223.65 445.70 8.00 380380
29.92 7.47 223.65 446.39 8.00 380400
29.92 7.47 223.65 447.34 8.00 380420
29.92 7.44 222.52 448.10 8.00 380440
29.92 7.44 222.52 448.76 8.00 380460
29.92 7.44 222.52 449.37 8.00 380480
29.92 7.44 222.52 450.11 8.00 380500
29.91 7.64 228.62 450.89 8.00 380520
29.91 7.64 228.62 451.55 8.00 380540
29.91 7.64 228.62 452.37 8.00 380560
29.91 7.64 228.62 453.20 8.00 380580
29.91 7.67 229.51 453.83 8.00 380600
29.91 7.67 229.51 454.62 8.00 380620
29.91 7.67 229.51 455.47 8.00 380640
29.91 7.91 236.59 456.34 8.00 380660
29.91 7.91 236.59 457.06 8.00 380680
29.91 7.91 236.59 457.86 8.00 380700
29.91 7.91 236.59 458.32 8.00 380720
29.91 7.87 235.47 459.06 8.00 380740
29.91 7.87 235.47 459.87 8.00 380760
29.91 7.87 235.47 461.00 8.00 380780
29.91 7.87 235.39 461.70 8.00 380800
29.91 7.87 235.39 462.54 8.00 380820
29.91 7.87 235.39 462.77 8.00 380840
29.91 7.87 235.39 463.93 8.00 380860
29.91 7.79 233.16 464.76 8.00 380880
29.91 7.79 233.16 465.33 8.00 380900
29.91 7.79 233.16 466.13 8.00 380920
29.91 7.79 233.16 466.40 8.00 380940
29.91 7.68 229.67 467.54 8.00 380960
29.91 7.68 229.67 468.17 8.00 380980
29.91 7.68 229.67 469.07 8.00 381000
29.91 7.76 232.06 470.12 8.00 381020
29.91 7.76 232.06 470.52 8.00 381040
29.91 7.76 232.06 471.32 8.00 381060
29.91 7.76 232.06 472.24 8.00 381080
29.91 7.72 231.09 472.84 8.00 381100
29.91 7.72 231.09 473.34 8.00 381120
29.91 7.72 231.09 474.43 8.00 381140
29.91 7.72 231.09 474.68 8.00 381160
29.92 7.58 226.69 475.73 8.00 381180
29.92 7.58 226.69 476.42 8.00 381200
29.92 7.58 226.69 477.27 8.00 381220
29.92 7.58 226.85 477.78 8.00 381240
29.92 7.58 226.85 478.67 8.00 381260
29.92 7.58 226.85 479.22 8.00 381280
29.92 7.58 226.85 480.15 8.00 381300
29.92 7.55 226.04 480.96 8.00 381320
29.92 7.55 226.04 481.51 8.00 381340
29.92 7.55 226.04 482.19 8.00 381360
29.92 7.56 226.17 482.68 8.00 381380
29.92 7.56 226.17 483.33 8.00 381400
29.92 7.56 226.17 484.43 8.00 381420
29.92 7.56 226.17 484.57 8.00 381440
29.92 7.57 226.47 485.42 8.00 381460
29.92 7.57 226.47 486.76 8.00 381480
29.92 7.57 226.47 486.80 8.00 381500
29.92 7.57 226.47 487.90 8.00 381520
29.91 7.65 228.84 488.19 8.00 381540
29.91 7.65 228.84 489.51 8.00 381560
29.91 7.65 228.84 489.98 8.00 381580
29.92 7.62 227.89 490.91 8.00 381600
29.92 7.62 227.89 491.41 8.00 381620
29.92 7.62 227.89 492.25 8.00 381640
29.92 7.62 227.89 493.20 8.00 381660
29.91 7.64 228.48 493.69 8.00 381680
29.91 7.64 228.48 494.57 8.00 381700
29.91 7.64 228.48 494.91 8.00 381720
29.91 7.64 228.48 495.61 8.00 381740
29.91 7.65 228.85 496.27 8.00 381760
29.91 7.65 228.85 497.09 8.00 381780
29.91 7.65 228.85 497.93 8.00 381800
29.91 7.66 229.07 498.38 8.00 381820
29.91 7.66 229.07 498.94 8.00 381840
29.91 7.66 229.07 499.97 8.00 381860
29.91 7.66 229.07 500.70 8.00 381880
29.91 7.69 230.04 501.47 8.00 381900
29.91 7.69 230.04 502.08 8.00 381920
29.91 7.69 230.04 503.22 8.00 381940
29.91 7.71 230.57 503.71 8.00 381960
29.91 7.71 230.57 504.16 8.00 381980
29.91 7.71 230.57 504.94 8.00 382000
29.91 7.71 230.57 505.17 8.00 382020
29.91 7.68 229.90 505.90 8.00 382040
29.91 7.68 229.90 506.66 8.00 382060
29.91 7.68 229.90 507.48 8.00 382080
29.91 7.68 229.90 508.54 8.00 382100
29.91 7.63 228.39 509.02 8.00 382120
29.91 7.63 228.39 510.00 8.00 382140
29.91 7.63 228.39 510.79 8.00 382160
29.91 7.77 232.58 511.36 8.00 382180
29.91 7.77 232.58 511.69 8.00 382200
29.91 7.77 232.58 512.34 8.00 382220
29.91 7.77 232.58 513.13 8.00 382240
29.91 7.72 230.87 514.18 8.00 382260
29.91 7.72 230.87 514.72 8.00 382280
29.91 7.72 230.87 515.31 8.00 382300
29.92 7.65 229.01 515.92 8.00 382320
29.92 7.65 229.01 516.63 8.00 382340
29.92 7.65 229.01 517.42 8.00 382360
29.92 7.65 229.01 518.02 8.00 382380
29.92 7.64 228.49 518.86 8.00 382400
29.92 7.64 228.49 519.37 8.00 382420
29.92 7.64 228.49 520.23 8.00 382440
29.92 7.64 228.49 520.85 8.00 382460
29.91 7.66 229.29 521.34 8.00 382480
29.91 7.66 229.29 522.13 8.00 382500
29.91 7.66 229.29 522.97 8.00 382520
29.91 7.60 227.28 523.77 8.00 382540
29.91 7.60 227.28 524.07 8.00 382560
29.91 7.60 227.28 525.09 8.00 382580
29.91 7.60 227.28 525.75 8.00 382600
29.91 7.67 229.50 525.79 8.00 382620
29.91 7.67 229.50 526.75 8.00 382640
29.91 7.67 229.50 527.75 8.00 382660
29.91 7.67 229.50 528.81 8.00 382680
29.91 7.79 232.93 529.44 8.00 382700
29.91 7.79 232.93 529.80 8.00 382720
29.91 7.79 232.93 530.78 8.00 382740
29.91 7.80 233.33 531.55 8.00 382760
29.91 7.80 233.33 531.92 8.00 382780
29.91 7.80 233.33 532.61 8.00 382800
29.91 7.80 233.33 532.94 8.00 382820
29.91 7.76 232.12 533.70 8.00 382840
29.91 7.76 232.12 534.61 8.00 382860
29.91 7.76 232.12 535.11 8.00 382880
29.91 7.77 232.36 536.11 8.00 382900
29.91 7.77 232.36 536.65 8.00 382920
29.91 7.77 232.36 537.16 8.00 382940
29.91 7.77 232.36 538.62 8.00 382960
29.91 7.72 230.86 538.36 8.00 382980
29.91 7.72 230.86 539.28 8.00 383000
29.91 7.72 230.86 539.82 8.00 383020
29.91 7.72 230.86 540.57 8.00 383040
29.92 7.66 229.08 541.29 8.00 383060
29.92 7.66 229.08 541.79 8.00 383080
29.92 7.66 229.08 542.43 8.00 383100
29.91 7.62 227.88 543.33 8.00 383120
29.91 7.62 227.88 543.77 8.00 383140
29.91 7.62 227.88 544.59 8.00 383160
29.91 7.62 227.88 545.38 8.00 383180
29.91 7.60 227.43 545.81 8.00 383200
29.91 7.60 227.43 545.95 8.00 383220
29.91 7.60 227.43 547.52 8.00 383240
29.91 7.60 227.43 547.77 8.00 383260
29.91 7.67 229.35 548.42 8.00 383280
29.91 7.67 229.35 549.07 8.00 383300
29.91 7.67 229.35 549.34 8.00 383320
29.91 7.74 231.53 550.70 8.00 383340
29.91 7.74 231.53 551.00 8.00 383360
29.91 7.74 231.53 551.99 8.00 383380
29.91 7.74 231.53 552.63 8.00 383400
29.91 7.76 232.12 553.40 8.00 383420
29.91 7.76 232.12 553.42 8.00 383440
29.91 7.76 232.12 554.44 8.00 383460
29.91 7.75 231.91 554.95 8.00 383480
29.91 7.75 231.91 555.88 8.00 383500
29.91 7.75 231.91 556.94 8.00 383520
29.91 7.75 231.91 556.52 8.00 383540
29.91 7.72 231.01 558.04 8.00 383560
29.91 7.72 231.01 558.61 8.00 383580
29.91 7.72 231.01 559.59 8.00 383600
29.91 7.72 231.01 559.79 8.00 383620
29.91 7.72 230.92 560.54 8.00 383640
29.91 7.72 230.92 560.96 8.00 383660
29.91 7.72 230.92 561.90 8.00 383680
29.91 7.69 230.11 562.43 8.00 383700
29.91 7.69 230.11 563.25 8.00 383720
29.91 7.69 230.11 563.92 8.00 383740
29.91 7.69 230.11 564.67 8.00 383760
29.91 7.73 231.23 564.89 8.00 383780
29.91 7.73 231.23 565.49 8.00 383800
29.91 7.73 231.23 566.24 8.00 383820
29.92 7.63 228.41 567.09 8.00 383840
29.92 7.63 228.41 567.65 8.00 383860
29.92 7.63 228.41 568.84 8.00 383880
29.92 7.63 228.41 568.61 8.00 383900
29.91 7.66 229.22 569.56 8.00 383920
29.91 7.66 229.22 570.07 8.00 383940
29.91 7.66 229.22 570.75 8.00 383960
29.91 7.66 229.22 571.83 8.00 383980
29.92 7.69 230.13 572.18 8.00 384000
29.92 7.69 230.13 572.64 8.00 384020
29.92 7.69 230.13 573.69 8.00 384040
29.91 7.72 231.09 573.96 8.00 384060
29.91 7.72 231.09 573.84 8.00 384080
29.91 7.72 231.09 575.40 8.00 384100
29.91 7.72 231.09 575.76 8.00 384120
29.91 7.66 229.22 576.45 8.00 384140
29.91 7.66 229.22 577.47 8.00 384160
29.91 7.66 229.22 578.06 8.00 384180
29.91 7.66 229.22 578.39 8.00 384200
29.92 7.69 230.06 579.46 8.00 384220
29.92 7.69 230.06 579.64 8.00 384240
29.92 7.69 230.06 580.41 8.00 384260
29.91 7.73 231.23 581.05 8.00 384280
29.91 7.73 231.23 580.89 8.00 384300
29.91 7.73 231.23 582.33 8.00 384320
29.91 7.73 231.23 582.71 8.00 384340
29.91 7.72 230.94 583.45 8.00 384360
29.91 7.72 230.94 584.12 8.00 384380
29.91 7.72 230.94 584.70 8.00 384400
29.91 7.71 230.57 585.34 8.00 384420
29.91 7.71 230.57 586.30 8.00 384440
29.91 7.71 230.57 586.43 8.00 384460
29.91 7.71 230.57 587.35 8.00 384480
29.91 7.64 228.70 588.32 8.00 384500
29.91 7.64 228.70 588.83 8.00 384520
29.91 7.64 228.70 589.08 8.00 384540
29.91 7.64 228.70 589.65 8.00 384560
29.91 7.62 228.03 590.91 8.00 384580
29.91 7.62 228.03 591.19 8.00 384600
29.91 7.62 228.03 591.51 8.00 384620
29.91 7.69 230.20 592.12 8.00 384640
29.91 7.69 230.20 592.74 8.00 384660
29.91 7.69 230.20 593.72 8.00 384680
29.91 7.69 230.20 594.09 8.00 384700
29.91 7.73 231.17 594.81 8.00 384720
29.91 7.73 231.17 595.26 8.00 384740
29.91 7.73 231.17 596.06 8.00 384760
29.91 7.73 231.17 596.71 8.00 384780
29.91 7.77 232.36 597.15 8.00 384800
29.91 7.77 232.36 598.12 8.00 384820
29.91 7.77 232.36 598.75 8.00 384840
29.91 7.74 231.44 599.13 8.00 384860
29.91 7.74 231.44 599.59 8.00 384880
29.91 7.74 231.44 600.14 8.00 384900
29.91 7.74 231.44 600.51 8.00 384920
29.91 7.77 232.35 601.55 8.00 384940
29.91 7.77 232.35 602.21 8.00 384960
29.91 7.77 232.35 602.83 8.00 384980
29.91 7.74 231.68 603.77 8.00 385000
29.91 7.74 231.68 603.73 8.00 385020
29.91 7.74 231.68 604.45 8.00 385040
29.91 7.74 231.68 605.33 8.00 385060
29.91 7.71 230.72 605.87 8.00 385080
29.91 7.71 230.72 606.38 8.00 385100
29.91 7.71 230.72 606.85 8.00 385120
29.91 7.71 230.72 607.51 8.00 385140
29.91 7.75 231.83 608.31 8.00 385160
29.91 7.75 231.83 608.85 8.00 385180
29.91 7.75 231.83 609.46 8.00 385200
29.91 7.69 230.12 610.15 8.00 385220
29.91 7.69 230.12 610.28 8.00 385240
29.91 7.69 230.12 611.27 8.00 385260
29.91 7.69 230.12 611.76 8.00 385280
29.92 7.62 227.96 612.54 8.00 385300
29.92 7.62 227.96 613.58 8.00 385320
29.92 7.62 227.96 614.36 8.00 385340
29.91 7.67 229.45 614.40 8.00 385360
29.91 7.67 229.45 614.61 8.00 385380
29.91 7.67 229.45 615.74 8.00 385400
29.91 7.67 229.45 616.09 8.00 385420
29.91 7.67 229.52 616.70 8.00 385440
29.91 7.67 229.52 617.37 8.00 385460
29.91 7.67 229.52 618.10 8.00 385480
29.91 7.67 229.52 618.25 8.00 385500
29.91 7.67 229.60 619.01 8.00 385520
29.91 7.67 229.60 619.90 8.00 385540
29.91 7.67 229.60 620.33 8.00 385560
29.91 7.67 229.60 620.94 8.00 385580
29.91 7.67 229.60 621.45 8.00 385600
29.91 7.67 229.60 622.18 8.00 385620
29.91 7.67 229.60 622.85 8.00 385640
29.91 7.66 229.22 623.32 8.00 385660
29.91 7.66 229.22 624.08 8.00 385680
29.91 7.66 229.22 624.56 8.00 385700
29.91 7.66 229.22 625.05 8.00 385720
29.91 7.70 230.41 626.11 8.00 385740
29.91 7.70 230.41 626.12 8.00 385760
29.91 7.70 230.41 626.31 8.00 385780
29.91 7.77 232.57 627.58 8.00 385800
29.91 7.77 232.57 628.31 8.00 385820
29.91 7.77 232.57 628.58 8.00 385840
29.91 7.77 232.57 629.33 8.00 385860
29.92 7.71 230.80 629.65 8.00 385880
29.92 7.71 230.80 630.15 8.00 385900
29.92 7.71 230.80 631.38 8.00 385920
29.91 7.67 229.52 631.47 8.00 385940
29.91 7.67 229.52 632.34 8.00 385960
29.91 7.67 229.52 633.02 8.00 385980
29.91 7.67 229.52 632.81 8.00 386000
29.91 7.67 229.37 634.08 8.00 386020
29.91 7.67 229.37 634.74 8.00 386040
29.91 7.67 229.37 635.21 8.00 386060
29.91 7.67 229.37 636.21 8.00 386080
29.91 7.74 231.60 636.98 8.00 386100
29.91 7.74 231.60 637.28 8.00 386120
29.91 7.74 231.60 637.59 8.00 386140
29.91 7.77 232.49 637.97 8.00 386160
29.91 7.77 232.49 638.46 8.00 386180
29.91 7.77 232.49 639.69 8.00 386200
29.91 7.77 232.49 639.50 8.00 386220
29.91 7.72 230.87 640.66 8.00 386240
29.91 7.72 230.87 640.94 8.00 386260
29.91 7.72 230.87 641.83 8.00 386280
29.91 7.72 230.87 642.57 8.00 386300
29.91 7.72 230.93 642.82 8.00 386320
29.91 7.72 230.93 643.43 8.00 386340
29.91 7.72 230.93 644.24 8.00 386360
29.91 7.79 233.08 644.09 8.00 386380
29.91 7.79 233.08 645.28 8.00 386400
29.91 7.79 233.08 645.66 8.00 386420
29.91 7.79 233.08 646.34 8.00 386440
29.91 7.86 235.03 647.19 8.00 386460
29.91 7.86 235.03 647.79 8.00 386480
29.91 7.86 235.03 648.21 8.00 386500
29.91 7.81 233.77 648.89 8.00 386520
29.91 7.81 233.77 649.58 8.00 386540
29.91 7.81 233.77 649.75 8.00 386560
29.91 7.81 233.77 650.64 8.00 386580
29.91 7.77 232.43 651.27 8.00 386600
29.91 7.77 232.43 651.43 8.00 386620
29.91 7.77 232.43 652.22 8.00 386640
29.91 7.77 232.43 652.72 8.00 386660
29.91 7.73 231.38 653.25 8.00 386680
29.91 7.73 231.38 653.91 8.00 386700
29.91 7.73 231.38 654.56 8.00 386720
29.92 7.64 228.56 654.92 8.00 386740
29.92 7.64 228.56 655.76 8.00 386760
29.92 7.64 228.56 656.27 8.00 386780
29.92 7.64 228.56 656.89 8.00 386800
29.91 7.64 228.63 657.35 8.00 386820
29.91 7.64 228.63 657.93 8.00 386840
29.91 7.64 228.63 658.65 8.00 386860
29.91 7.75 231.90 658.75 8.00 386880
29.91 7.75 231.90 659.51 8.00 386900
29.91 7.75 231.90 660.94 8.00 386920
29.91 7.75 231.90 660.66 8.00 386940
29.91 7.78 232.80 661.38 8.00 386960
29.91 7.78 232.80 661.67 8.00 386980
29.91 7.78 232.80 662.39 8.00 387000
29.91 7.78 232.80 663.90 8.00 387020
29.91 7.71 230.55 663.94 8.00 387040
29.91 7.71 230.55 664.00 8.00 387060
29.91 7.71 230.55 664.88 8.00 387080
29.92 7.66 229.23 665.51 8.00 387100
29.92 7.66 229.23 666.10 8.00 387120
29.92 7.66 229.23 666.33 8.00 387140
29.92 7.66 229.23 666.79 8.00 387160
29.91 7.69 230.04 667.68 8.00 387180
29.91 7.69 230.04 668.46 8.00 387200
29.91 7.69 230.04 668.90 8.00 387220
29.91 7.69 230.04 669.86 8.00 387240
29.91 7.71 230.78 669.74 8.00 387260
29.91 7.71 230.78 670.17 8.00 387280
29.91 7.71 230.78 670.59 8.00 387300
29.91 7.74 231.61 671.55 8.00 387320
29.91 7.74 231.61 671.77 8.00 387340
29.91 7.74 231.61 672.86 8.00 387360
29.91 7.74 231.61 672.71 8.00 387380
29.91 7.67 229.45 673.36 8.00 387400
29.91 7.67 229.45 673.91 8.00 387420
29.91 7.67 229.45 674.92 8.00 387440
29.91 7.75 231.97 675.77 8.00 387460
29.91 7.75 231.97 676.22 8.00 387480
29.91 7.75 231.97 676.63 8.00 387500
29.91 7.75 231.97 677.04 8.00 387520
29.91 7.74 231.61 677.84 8.00 387540
29.91 7.74 231.61 678.29 8.00 387560
29.91 7.74 231.61 678.42 8.00 387580
29.91 7.74 231.61 679.22 8.00 387600
29.91 7.73 231.30 680.25 8.00 387620
29.91 7.73 231.30 680.80 8.00 387640
29.91 7.73 231.30 681.55 8.00 387660
29.91 7.73 231.23 681.79 8.00 387680
29.91 7.73 231.23 682.25 8.00 387700
29.91 7.73 231.23 682.59 8.00 387720
29.91 7.73 231.23 683.06 8.00 387740
29.91 7.73 231.38 684.80 8.00 387760
29.91 7.73 231.38 684.30 8.00 387780
29.91 7.73 231.38 684.92 8.00 387800
29.91 7.66 229.06 685.84 8.00 387820
29.91 7.66 229.07 685.80 8.00 387840
29.91 7.66 229.07 686.82 8.00 387860
29.91 7.66 229.07 687.31 8.00 387880
29.91 7.69 230.11 687.91 8.00 387900
29.91 7.69 230.11 688.33 8.00 387920
29.91 7.69 230.11 688.56 8.00 387940
29.91 7.69 230.11 689.59 8.00 387960
29.92 7.68 229.91 689.90 8.00 387980
29.92 7.68 229.91 690.53 8.00 388000
29.92 7.68 229.91 691.36 8.00 388020
29.91 7.63 228.18 691.56 8.00 388040
29.91 7.63 228.18 692.58 8.00 388060
29.91 7.63 228.18 692.54 8.00 388080
29.91 7.63 228.18 693.17 8.00 388100
29.91 7.69 230.20 693.55 8.00 388120
29.91 7.69 230.20 693.70 8.00 388140
29.91 7.69 230.20 694.89 8.00 388160
29.91 7.69 230.20 695.65 8.00 388180
29.91 7.82 234.06 695.70 8.00 388200
29.91 7.82 234.06 696.90 8.00 388220
29.91 7.82 234.06 697.06 8.00 388240
29.91 7.75 231.76 697.67 8.00 388260
29.91 7.75 231.76 698.63 8.00 388280
29.91 7.75 231.76 698.34 8.00 388300
29.91 7.75 231.76 699.69 8.00 388320
29.91 7.72 230.91 699.86 8.00 388340
29.91 7.72 230.91 700.71 8.00 388360
29.91 7.72 230.91 700.51 8.00 388380
29.91 7.70 230.32 701.52 8.00 388400
29.91 7.70 230.32 701.98 8.00 388420
29.91 7.70 230.32 701.96 8.00 388440
29.91 7.70 230.32 703.09 8.00 388460
29.91 7.85 234.80 703.72 8.00 388480
29.91 7.85 234.80 704.62 8.00 388500
29.91 7.85 234.80 704.84 8.00 388520
29.91 7.85 234.80 705.53 8.00 388540
29.91 7.85 234.81 706.00 8.00 388560
29.91 7.85 234.81 706.77 8.00 388580
29.91 7.85 234.81 707.25 8.00 388600
29.91 7.80 233.40 707.99 8.00 388620
29.91 7.80 233.40 708.17 8.00 388640
29.91 7.80 233.40 708.44 8.00 388660
29.91 7.80 233.40 709.12 8.00 388680
29.91 7.81 233.60 709.51 8.00 388700
29.91 7.81 233.60 709.82 8.00 388720
29.91 7.81 233.60 710.81 8.00 388740
29.91 7.81 233.60 710.98 8.00 388760
29.92 7.70 230.50 712.39 8.00 388780
29.92 7.70 230.50 712.44 8.00 388800
29.92 7.70 230.50 713.14 8.00 388820
29.91 7.70 230.26 713.64 8.00 388840
29.91 7.70 230.26 713.90 8.00 388860
29.91 7.70 230.26 714.06 8.00 388880
29.91 7.70 230.26 714.76 8.00 388900
29.91 7.73 231.37 715.32 8.00 388920
29.91 7.73 231.37 716.67 8.00 388940
29.91 7.73 231.37 716.36 8.00 388960
29.91 7.86 235.03 716.64 8.00 388980
29.91 7.86 235.03 717.85 8.00 389000
29.91 7.86 235.03 718.55 8.00 389020
29.91 7.86 235.03 719.29 8.00 389040
29.91 7.73 231.38 718.36 8.00 389060
29.91 7.73 231.38 719.60 8.00 389080
29.91 7.73 231.38 720.32 8.00 389100
29.91 7.73 231.38 721.13 8.00 389120
29.91 7.69 229.96 721.62 8.00 389140
29.91 7.69 229.96 721.62 8.00 389160
29.91 7.69 229.96 722.64 8.00 389180
29.91 7.68 229.90 723.26 8.00 389200
29.91 7.68 229.90 723.29 8.00 389220
29.91 7.68 229.90 724.49 8.00 389240
29.91 7.68 229.90 724.35 8.00 389260
29.91 7.74 231.60 725.19 8.00 389280
29.91 7.74 231.60 725.72 8.00 389300
29.91 7.74 231.60 725.94 8.00 389320
29.91 7.72 230.85 726.34 8.00 389340
29.91 7.72 230.87 727.40 8.00 389360
29.91 7.72 230.87 727.57 8.00 389380
29.91 7.72 230.87 728.46 8.00 389400
29.91 7.80 233.32 728.63 8.00 389420
29.91 7.80 233.32 729.24 8.00 389440
29.91 7.80 233.32 730.02 8.00 389460
29.91 7.80 233.32 730.27 8.00 389480
29.91 7.79 233.15 731.10 8.00 389500
29.91 7.79 233.15 731.20 8.00 389520
29.91 7.79 233.15 731.70 8.00 389540
29.91 7.82 233.98 732.52 8.00 389560
29.91 7.82 233.98 733.11 8.00 389580
29.91 7.82 233.98 733.65 8.00 389600
29.91 7.82 233.98 734.18 8.00 389620
29.91 7.83 234.36 734.42 8.00 389640
29.91 7.83 234.36 735.41 8.00 389660
29.91 7.83 234.36 735.47 8.00 389680
29.91 7.83 234.36 736.81 8.00 389700
29.91 7.74 231.68 736.87 8.00 389720
29.91 7.74 231.68 737.14 8.00 389740
29.91 7.74 231.68 738.34 8.00 389760
29.91 7.76 232.05 738.41 8.00 389780
29.91 7.76 232.05 738.88 8.00 389800
29.91 7.76 232.05 739.44 8.00 389820
29.91 7.76 232.05 739.81 8.00 389840
29.92 7.69 230.21 740.37 8.00 389860
29.92 7.69 230.21 740.38 8.00 389880
29.92 7.69 230.21 741.94 8.00 389900
29.91 7.68 229.88 742.28 8.00 389920
29.91 7.68 229.88 742.46 8.00 389940
29.91 7.68 229.88 742.91 8.00 389960
29.91 7.68 229.88 743.83 8.00 389980
29.91 7.72 231.09 744.13 8.00 390000
29.91 7.72 231.09 744.64 8.00 390020
29.91 7.72 231.09 744.82 8.00 390040
29.91 7.72 231.09 745.57 8.00 390060
29.91 7.70 230.40 745.32 8.00 390080
29.91 7.70 230.40 746.32 8.00 390100
29.91 7.70 230.40 747.23 8.00 390120
29.91 7.73 231.16 747.25 8.00 390140
29.91 7.73 231.16 748.64 8.00 390160
29.91 7.73 231.16 748.81 8.00 390180
29.91 7.73 231.16 749.60 8.00 390200
29.91 7.76 232.20 749.67 8.00 390220
29.91 7.76 232.20 750.72 8.00 390240
29.91 7.76 232.20 750.97 8.00 390260
29.91 7.76 232.20 751.40 8.00 390280
29.92 7.63 228.34 751.96 8.00 390300
29.92 7.63 228.34 751.85 8.00 390320
29.92 7.63 228.34 752.61 8.00 390340
29.91 7.70 230.40 752.81 8.00 390360
29.91 7.70 230.40 753.80 8.00 390380
29.91 7.70 230.40 753.94 8.00 390400
29.91 7.70 230.40 754.86 8.00 390420
29.91 7.73 231.30 755.39 8.00 390440
29.91 7.73 231.30 755.98 8.00 390460
29.91 7.73 231.30 756.39 8.00 390480
29.91 7.75 231.90 757.17 8.00 390500
29.91 7.75 231.90 757.11 8.00 390520
29.91 7.75 231.90 757.13 8.00 390540
29.91 7.75 231.90 758.34 8.00 390560
29.91 7.81 233.61 758.72 8.00 390580
29.91 7.81 233.61 759.58 8.00 390600
29.91 7.81 233.61 759.97 8.00 390620
29.91 7.81 233.61 760.60 8.00 390640
29.92 7.70 230.50 760.66 8.00 390660
29.92 7.70 230.50 761.82 8.00 390680
29.92 7.70 230.50 761.70 8.00 390700
29.91 7.67 229.60 762.40 8.00 390720
29.91 7.67 229.60 762.85 8.00 390740
29.91 7.67 229.60 763.33 8.00 390760
29.91 7.67 229.60 763.54 8.00 390780
29.91 7.79 232.93 764.49 8.00 390800
29.91 7.79 232.93 765.27 8.00 390820
29.91 7.79 232.93 765.89 8.00 390840
29.91 7.79 232.93 766.26 8.00 390860
29.91 7.79 232.94 766.51 8.00 390880
29.91 7.79 232.94 766.64 8.00 390900
29.91 7.79 232.94 767.76 8.00 390920
29.91 7.73 231.23 768.26 8.00 390940
29.91 7.73 231.23 767.70 8.00 390960
29.91 7.73 231.23 769.31 8.00 390980
29.91 7.73 231.23 769.52 8.00 391000
29.91 7.74 231.68 770.05 8.00 391020
29.91 7.74 231.68 770.55 8.00 391040
29.91 7.74 231.68 771.01 8.00 391060
29.91 7.74 231.66 771.59 8.00 391080
29.91 7.74 231.66 771.56 8.00 391100
29.91 7.74 231.66 772.87 8.00 391120
29.91 7.74 231.66 773.03 8.00 391140
29.91 7.87 235.39 773.36 8.00 391160
29.91 7.87 235.39 774.23 8.00 391180
29.91 7.87 235.39 774.48 8.00 391200
29.91 7.87 235.39 774.97 8.00 391220
29.91 7.79 233.10 775.86 8.00 391240
29.91 7.79 233.10 775.94 8.00 391260
29.91 7.79 233.10 776.82 8.00 391280
29.91 7.77 232.57 776.97 8.00 391300
29.91 7.77 232.57 777.75 8.00 391320
29.91 7.77 232.57 778.09 8.00 391340
29.91 7.77 232.57 778.85 8.00 391360
29.91 7.71 230.78 779.22 8.00 391380
29.91 7.71 230.78 779.35 8.00 391400
29.91 7.71 230.78 779.98 8.00 391420
29.91 7.82 234.06 779.93 8.00 391440
29.91 7.82 234.06 781.33 8.00 391460
29.91 7.82 234.06 781.77 8.00 391480
29.91 7.82 234.06 781.78 8.00 391500
29.91 7.74 231.53 782.96 8.00 391520
29.91 7.74 231.53 782.89 8.00 391540
29.91 7.74 231.53 783.69 8.00 391560
29.91 7.74 231.53 783.70 8.00 391580
29.91 7.79 232.94 784.34 8.00 391600
29.91 7.79 232.94 785.33 8.00 391620
29.91 7.79 232.94 786.14 8.00 391640
29.91 7.69 230.20 785.94 8.00 391660
29.91 7.69 230.20 787.15 8.00 391680
29.91 7.69 230.20 787.11 8.00 391700
29.91 7.69 230.20 788.09 8.00 391720
29.91 7.71 230.63 788.54 8.00 391740
29.91 7.71 230.63 788.29 8.00 391760
29.91 7.71 230.63 789.41 8.00 391780
29.91 7.71 230.63 789.52 8.00 391800
29.91 7.61 227.65 789.70 8.00 391820
29.91 7.61 227.65 790.50 8.00 391840
29.91 7.61 227.65 790.72 8.00 391860
29.91 7.72 231.01 791.85 8.00 391880
29.91 7.72 231.01 791.81 8.00 391900
29.91 7.72 231.01 792.63 8.00 391920
29.91 7.72 231.01 792.69 8.00 391940
29.91 7.78 232.87 793.33 8.00 391960
29.91 7.78 232.87 794.45 8.00 391980
29.91 7.78 232.87 794.42 8.00 392000
29.91 7.84 234.65 794.93 8.00 392020
29.91 7.84 234.65 795.76 8.00 392040
29.91 7.84 234.65 795.43 8.00 392060
29.91 7.84 234.65 796.24 8.00 392080
29.91 7.84 234.49 796.97 8.00 392100
29.91 7.84 234.49 797.78 8.00 392120
29.91 7.84 234.49 797.73 8.00 392140
29.91 7.84 234.49 798.11 8.00 392160
29.91 7.84 234.50 798.23 8.00 392180
29.91 7.84 234.50 799.33 8.00 392200
29.91 7.84 234.50 799.63 8.00 392220
29.91 7.77 232.44 800.59 8.00 392240
29.91 7.77 232.44 800.82 8.00 392260
29.91 7.77 232.44 801.08 8.00 392280
29.91 7.77 232.44 801.89 8.00 392300
29.91 7.77 232.49 802.36 8.00 392320
29.91 7.77 232.49 802.92 8.00 392340
29.91 7.77 232.49 803.19 8.00 392360
29.91 7.76 232.06 804.00 8.00 392380
29.91 7.76 232.06 804.13 8.00 392400
29.91 7.76 232.06 803.73 8.00 392420
29.91 7.76 232.06 804.44 8.00 392440
29.91 7.70 230.35 806.12 8.00 392460
29.91 7.70 230.35 806.46 8.00 392480
29.91 7.70 230.35 806.52 8.00 392500
29.91 7.70 230.35 806.84 8.00 392520
29.91 7.73 231.31 807.50 8.00 392540
29.91 7.73 231.31 807.19 8.00 392560
29.91 7.73 231.31 808.35 8.00 392580
29.91 7.71 230.64 809.13 8.00 392600
29.91 7.71 230.64 809.56 8.00 392620
29.91 7.71 230.64 809.87 8.00 392640
29.91 7.71 230.64 810.46 8.00 392660
29.92 7.66 229.23 811.37 8.00 392680
29.92 7.66 229.23 811.53 8.00 392700
29.92 7.66 229.23 812.28 8.00 392720
29.92 7.66 229.23 812.33 8.00 392740
29.91 7.82 233.83 812.61 8.00 392760
29.91 7.82 233.83 813.67 8.00 392780
29.91 7.82 233.83 814.22 8.00 392800
29.91 7.76 232.12 813.60 8.00 392820
29.91 7.76 232.12 814.56 8.00 392840
29.91 7.76 232.12 815.15 8.00 392860
29.91 7.76 232.12 815.82 8.00 392880
29.91 7.85 234.80 815.99 8.00 392900
29.91 7.85 234.80 816.48 8.00 392920
29.91 7.85 234.80 817.44 8.00 392940
29.91 7.85 234.79 817.56 8.00 392960
29.91 7.85 234.79 818.06 8.00 392980
29.91 7.85 234.79 818.35 8.00 393000
29.91 7.85 234.79 819.27 8.00 393020
29.91 7.89 235.92 819.47 8.00 393040
29.91 7.89 235.92 820.38 8.00 393060
29.91 7.89 235.92 820.60 8.00 393080
29.91 7.89 235.92 821.45 8.00 393100
29.91 7.88 235.77 821.39 8.00 393120
29.91 7.88 235.77 822.18 8.00 393140
29.91 7.88 235.77 821.96 8.00 393160
29.91 7.83 234.21 822.99 8.00 393180
29.91 7.83 234.21 823.41 8.00 393200
29.91 7.83 234.21 824.40 8.00 393220
29.91 7.83 234.21 824.03 8.00 393240
29.91 7.78 232.79 823.78 8.00 393260
29.91 7.78 232.79 825.11 8.00 393280
29.91 7.78 232.79 826.07 8.00 393300
29.91 7.78 232.79 826.67 8.00 393320
29.91 7.78 232.87 826.74 8.00 393340
29.91 7.78 232.87 827.52 8.00 393360
29.91 7.78 232.87 827.08 8.00 393380
29.91 7.72 231.09 827.71 8.00 393400
29.91 7.72 231.09 828.44 8.00 393420
29.91 7.72 231.09 828.90 8.00 393440
29.91 7.72 231.09 829.98 8.00 393460
29.91 7.71 230.71 829.92 8.00 393480
29.91 7.71 230.71 830.67 8.00 393500
29.91 7.71 230.71 830.74 8.00 393520
29.91 7.67 229.52 831.99 8.00 393540
29.91 7.67 229.52 832.26 8.00 393560
29.91 7.67 229.52 832.76 8.00 393580
29.91 7.67 229.52 833.43 8.00 393600
29.91 7.70 230.35 833.52 8.00 393620
29.91 7.70 230.35 833.65 8.00 393640
29.91 7.70 230.35 834.46 8.00 393660
29.91 7.70 230.35 834.71 8.00 393680
29.91 7.64 228.55 834.09 8.00 393700
29.91 7.64 228.55 835.98 8.00 393720
29.91 7.64 228.55 836.40 8.00 393740
29.92 7.63 228.34 836.66 8.00 393760
29.92 7.63 228.34 836.96 8.00 393780
29.92 7.63 228.34 837.57 8.00 393800
29.92 7.63 228.34 838.93 8.00 393820
29.92 7.65 229.01 838.36 8.00 393840
29.92 7.65 229.01 838.41 8.00 393860
29.92 7.65 229.01 839.42 8.00 393880
29.91 7.58 226.74 839.57 8.00 393900
29.91 7.58 226.74 840.21 8.00 393920
29.91 7.58 226.74 841.22 8.00 393940
29.91 7.58 226.74 841.64 8.00 393960
29.91 7.65 228.74 841.93 8.00 393980
29.91 7.65 228.74 842.08 8.00 394000
29.91 7.65 228.74 842.63 8.00 394020
29.91 7.65 228.74 842.13 8.00 394040
29.91 7.84 234.59 844.04 8.00 394060
29.91 7.84 234.59 844.26 8.00 394080
29.91 7.84 234.59 844.34 8.00 394100
29.91 7.90 236.35 845.19 8.00 394120
29.91 7.90 236.35 845.49 8.00 394140
29.91 7.90 236.35 845.90 8.00 394160
29.91 7.90 236.35 847.06 8.00 394180
29.91 8.00 239.25 847.18 8.00 394200
29.91 8.00 239.25 847.29 8.00 394220
29.91 8.00 239.25 847.98 8.00 394240
29.91 8.00 239.25 848.69 8.00 394260
29.91 8.00 239.34 849.15 8.00 394280
29.91 8.00 239.34 849.43 8.00 394300
29.91 8.00 239.34 849.75 8.00 394320
29.91 7.83 234.35 850.48 8.00 394340
29.91 7.83 234.35 850.53 8.00 394360
29.91 7.83 234.35 851.31 8.00 394380
29.91 7.83 234.35 851.66 8.00 394400
29.91 7.70 230.49 852.08 8.00 394420
29.91 7.70 230.49 852.48 8.00 394440
29.91 7.70 230.49 852.81 8.00 394460
29.91 7.77 232.57 853.38 8.00 394480
29.91 7.77 232.57 854.30 8.00 394500
29.91 7.77 232.57 854.68 8.00 394520
29.91 7.77 232.57 855.30 8.00 394540
29.91 7.71 230.71 854.47 8.00 394560
29.91 7.71 230.71 856.41 8.00 394580
29.91 7.71 230.71 856.93 8.00 394600
29.91 7.71 230.71 857.02 8.00 394620
29.91 7.66 229.07 856.70 8.00 394640
29.91 7.66 229.07 857.44 8.00 394660
29.91 7.66 229.07 857.67 8.00 394680
29.91 7.68 229.82 857.71 8.00 394700
29.91 7.68 229.82 858.42 8.00 394720
29.91 7.68 229.82 859.46 8.00 394740
29.91 7.68 229.82 859.40 8.00 394760
29.92 7.62 228.12 859.94 8.00 394780
29.92 7.62 228.12 860.18 8.00 394800
29.92 7.62 228.12 861.19 8.00 394820
29.92 7.62 228.12 861.44 8.00 394840
29.91 7.68 229.88 861.55 8.00 394860
29.91 7.68 229.88 862.19 8.00 394880
29.91 7.68 229.88 862.85 8.00 394900
29.91 7.73 231.23 863.36 8.00 394920
29.91 7.73 231.23 863.48 8.00 394940
29.91 7.73 231.23 864.14 8.00 394960
29.91 7.73 231.23 864.84 8.00 394980
29.91 7.91 236.51 865.54 8.00 395000
29.91 7.91 236.51 865.76 8.00 395020
29.91 7.91 236.51 866.20 8.00 395040
29.91 8.02 239.93 867.19 8.00 395060
29.91 8.02 239.93 867.45 8.00 395080
29.91 8.02 239.93 867.93 8.00 395100
29.91 8.02 239.93 867.97 8.00 395120
29.91 8.04 240.53 868.12 8.00 395140
29.91 8.04 240.53 869.24 8.00 395160
29.91 8.04 240.53 869.12 8.00 395180
29.91 8.04 240.53 868.82 8.00 395200
29.91 7.91 236.74 869.98 8.00 395220
29.91 7.91 236.74 870.59 8.00 395240
29.91 7.91 236.74 871.21 8.00 395260
29.91 7.79 233.17 871.81 8.00 395280
29.91 7.79 233.17 871.94 8.00 395300
29.91 7.79 233.17 872.00 8.00 395320
29.91 7.79 233.17 872.82 8.00 395340
29.91 7.67 229.52 873.52 8.00 395360
29.91 7.67 229.52 873.77 8.00 395380
29.91 7.67 229.52 874.19 8.00 395400
29.91 7.65 228.85 874.33 8.00 395420
29.91 7.65 228.85 875.57 8.00 395440
29.91 7.65 228.85 874.95 8.00 395460
29.91 7.65 228.85 875.82 8.00 395480
29.91 7.79 233.16 876.33 8.00 395500
29.91 7.79 233.16 877.30 8.00 395520
29.91 7.79 233.16 877.13 8.00 395540
29.91 7.79 233.16 877.48 8.00 395560
29.91 7.80 233.32 878.12 8.00 395580
29.91 7.80 233.32 878.89 8.00 395600
29.91 7.80 233.32 879.95 8.00 395620
29.91 7.82 233.83 879.43 8.00 395640
29.91 7.82 233.83 880.09 8.00 395660
29.91 7.82 233.83 881.07 8.00 395680
29.91 7.82 233.83 880.76 8.00 395700
29.91 7.70 230.41 881.48 8.00 395720
29.91 7.70 230.41 882.02 8.00 395740
29.91 7.70 230.41 882.20 8.00 395760
29.91 7.70 230.41 882.64 8.00 395780
29.91 7.78 232.78 883.28 8.00 395800
29.91 7.78 232.78 883.85 8.00 395820
29.91 7.78 232.78 883.91 8.00 395840
29.91 7.87 235.48 884.43 8.00 395860
29.91 7.87 235.48 885.20 8.00 395880
29.91 7.87 235.48 886.21 8.00 395900
29.91 7.87 235.48 885.40 8.00 395920
29.91 7.77 232.51 886.37 8.00 395940
29.91 7.77 232.51 886.84 8.00 395960
29.91 7.77 232.51 887.92 8.00 395980
29.91 7.83 234.12 887.68 8.00 396000
29.91 7.83 234.12 888.28 8.00 396020
29.91 7.83 234.12 888.61 8.00 396040
29.91 7.83 234.12 888.80 8.00 396060
29.91 7.84 234.51 889.27 8.00 396080
29.91 7.84 234.51 890.00 8.00 396100
29.91 7.84 234.51 890.47 8.00 396120
29.91 7.84 234.51 890.92 8.00 396140
29.91 7.75 231.98 891.38 8.00 396160
29.91 7.75 231.98 891.45 8.00 396180
29.91 7.75 231.98 892.67 8.00 396200
29.91 7.69 230.12 892.30 8.00 396220
29.91 7.69 230.12 892.98 8.00 396240
29.91 7.69 230.12 893.46 8.00 396260
29.91 7.69 230.12 893.84 8.00 396280
29.91 7.78 232.64 893.85 8.00 396300
29.91 7.78 232.64 894.45 8.00 396320
29.91 7.78 232.64 895.62 8.00 396340
29.91 7.78 232.64 896.14 8.00 396360
29.92 7.64 228.63 895.50 8.00 396380
29.92 7.64 228.63 896.79 8.00 396400
29.92 7.64 228.63 897.04 8.00 396420
29.92 7.63 228.19 897.64 8.00 396440
29.92 7.63 228.19 897.93 8.00 396460
29.92 7.63 228.19 897.56 8.00 396480
29.92 7.63 228.19 898.50 8.00 396500
29.91 7.63 228.40 899.20 8.00 396520
29.91 7.63 228.40 899.33 8.00 396540
29.91 7.63 228.40 899.67 8.00 396560
29.91 7.77 232.49 900.27 8.00 396580
29.91 7.77 232.49 900.56 8.00 396600
29.91 7.77 232.49 900.98 8.00 396620
29.91 7.77 232.49 901.52 8.00 396640
29.91 7.76 232.27 901.93 8.00 396660
29.91 7.76 232.27 902.49 8.00 396680
29.91 7.76 232.27 902.69 8.00 396700
29.91 7.76 232.27 903.51 8.00 396720
29.91 7.77 232.36 903.74 8.00 396740
29.91 7.77 232.36 904.32 8.00 396760
29.91 7.77 232.36 904.45 8.00 396780
29.91 7.90 236.35 904.65 8.00 396800
29.91 7.90 236.35 905.24 8.00 396820
29.91 7.90 236.35 905.77 8.00 396840
29.91 7.90 236.35 906.52 8.00 396860
29.91 7.89 236.15 906.95 8.00 396880
29.91 7.89 236.15 907.29 8.00 396900
29.91 7.89 236.15 908.51 8.00 396920
29.91 7.90 236.21 907.98 8.00 396940
29.91 7.90 236.21 909.24 8.00 396960
29.91 7.90 236.21 909.70 8.00 396980
29.91 7.90 236.21 910.19 8.00 397000
29.91 7.83 234.35 910.62 8.00 397020
29.91 7.83 234.35 909.89 8.00 397040
29.91 7.83 234.35 910.68 8.00 397060
29.91 7.83 234.35 910.75 8.00 397080
29.91 7.83 234.14 912.01 8.00 397100
29.91 7.83 234.14 911.87 8.00 397120
29.91 7.83 234.14 912.10 8.00 397140
29.91 7.74 231.46 912.74 8.00 397160
29.91 7.74 231.46 913.14 8.00 397180
29.91 7.74 231.46 913.41 8.00 397200
29.91 7.74 231.46 914.04 8.00 397220
29.91 7.71 230.63 915.01 8.00 397240
29.91 7.71 230.63 915.30 8.00 397260
29.91 7.71 230.63 915.37 8.00 397280
29.91 7.71 230.63 916.09 8.00 397300
29.91 7.75 231.91 916.95 8.00 397320
29.91 7.75 231.91 916.59 8.00 397340
29.91 7.75 231.91 916.98 8.00 397360
29.91 7.73 231.17 917.77 8.00 397380
29.91 7.73 231.17 918.72 8.00 397400
29.91 7.73 231.17 918.58 8.00 397420
29.91 7.73 231.17 919.61 8.00 397440
29.91 7.72 231.01 919.96 8.00 397460
29.91 7.72 231.01 919.77 8.00 397480
29.91 7.72 231.01 920.13 8.00 397500
29.91 7.79 233.17 919.75 8.00 397520
29.91 7.79 233.17 920.78 8.00 397540
29.91 7.79 233.17 921.14 8.00 397560
29.91 7.79 233.17 921.31 8.00 397580
29.91 7.87 235.47 922.58 8.00 397600
29.91 7.87 235.47 922.57 8.00 397620
29.91 7.87 235.47 923.65 8.00 397640
29.91 7.87 235.47 923.26 8.00 397660
29.91 7.87 235.54 923.87 8.00 397680
29.91 7.87 235.54 924.36 8.00 397700
29.91 7.87 235.54 924.77 8.00 397720
29.91 7.85 234.96 925.60 8.00 397740
29.91 7.85 234.96 925.70 8.00 397760
29.91 7.85 234.96 925.68 8.00 397780
29.91 7.85 234.96 926.31 8.00 397800
29.91 7.79 232.94 927.49 8.00 397820
29.91 7.79 232.94 928.02 8.00 397840
29.91 7.79 232.94 928.91 8.00 397860
29.91 7.79 232.94 927.74 8.00 397880
29.91 7.74 231.68 928.59 8.00 397900
29.91 7.74 231.68 928.95 8.00 397920
29.91 7.74 231.68 929.22 8.00 397940
29.91 7.73 231.31 930.38 8.00 397960
29.91 7.73 231.31 930.61 8.00 397980
29.91 7.73 231.31 930.65 8.00 398000
29.91 7.73 231.31 931.58 8.00 398020
29.91 7.75 231.90 930.74 8.00 398040
29.91 7.75 231.90 932.01 8.00 398060
29.91 7.75 231.90 932.66 8.00 398080
29.91 7.85 234.88 932.75 8.00 398100
29.91 7.85 234.88 932.65 8.00 398120
29.91 7.85 234.88 934.19 8.00 398140
29.91 7.85 234.88 934.87 8.00 398160
29.91 7.82 233.99 934.51 8.00 398180
29.91 7.82 233.99 934.65 8.00 398200
29.91 7.82 233.99 935.60 8.00 398220
29.91 7.82 233.99 936.04 8.00 398240
29.91 7.84 234.51 936.11 8.00 398260
29.91 7.84 234.51 936.75 8.00 398280
29.91 7.84 234.51 937.27 8.00 398300
29.91 7.77 232.49 937.12 8.00 398320
29.91 7.77 232.49 937.63 8.00 398340
29.91 7.77 232.49 938.03 8.00 398360
29.91 7.77 232.49 938.97 8.00 398380
29.91 7.81 233.53 938.91 8.00 398400
29.91 7.81 233.53 940.63 8.00 398420
29.91 7.81 233.53 939.70 8.00 398440
29.91 7.83 234.21 940.11 8.00 398460
29.91 7.83 234.21 940.76 8.00 398480
29.91 7.83 234.21 941.60 8.00 398500
29.91 7.83 234.21 942.09 8.00 398520
29.91 7.77 232.35 942.42 8.00 398540
29.91 7.77 232.35 942.82 8.00 398560
29.91 7.77 232.35 943.20 8.00 398580
29.91 7.77 232.35 942.83 8.00 398600
29.91 7.76 232.13 943.13 8.00 398620
29.91 7.76 232.13 944.84 8.00 398640
29.91 7.76 232.13 944.50 8.00 398660
29.91 7.77 232.49 945.46 8.00 398680
29.91 7.77 232.49 945.51 8.00 398700
29.91 7.77 232.49 946.37 8.00 398720
29.91 7.77 232.49 946.57 8.00 398740
29.91 7.80 233.46 946.57 8.00 398760
29.91 7.80 233.46 947.52 8.00 398780
29.91 7.80 233.46 947.30 8.00 398800
29.91 7.80 233.46 948.51 8.00 398820
29.91 7.77 232.35 947.75 8.00 398840
29.91 7.77 232.35 949.28 8.00 398860
29.91 7.77 232.35 949.62 8.00 398880
29.91 7.76 232.21 949.32 8.00 398900
29.91 7.76 232.21 950.69 8.00 398920
29.91 7.76 232.21 950.21 8.00 398940
29.91 7.76 232.21 949.86 8.00 398960
29.91 7.73 231.15 951.20 8.00 398980
29.91 7.73 231.15 951.87 8.00 399000
29.91 7.73 231.15 952.00 8.00 399020
29.91 7.73 231.30 952.40 8.00 399040
29.91 7.73 231.30 953.30 8.00 399060
29.91 7.73 231.30 952.49 8.00 399080
29.91 7.73 231.30 953.49 8.00 399100
29.91 7.80 233.31 954.09 8.00 399120
29.91 7.80 233.31 954.46 8.00 399140
29.91 7.80 233.31 954.30 8.00 399160
29.91 7.80 233.31 955.31 8.00 399180
29.91 7.82 233.98 956.07 8.00 399200
29.91 7.82 233.98 956.14 8.00 399220
29.91 7.82 233.98 956.37 8.00 399240
29.91 7.83 234.13 957.00 8.00 399260
29.91 7.83 234.13 957.78 8.00 399280
29.91 7.83 234.13 957.87 8.00 399300
29.91 7.83 234.13 959.28 8.00 399320
29.91 7.83 234.21 958.28 8.00 399340
29.91 7.83 234.21 958.83 8.00 399360
29.91 7.83 234.21 959.37 8.00 399380
29.91 7.82 233.84 960.32 8.00 399400
29.91 7.82 233.83 960.03 8.00 399420
29.91 7.82 233.83 960.60 8.00 399440
29.91 7.82 233.83 961.22 8.00 399460
29.91 7.75 231.98 961.20 8.00 399480
29.91 7.75 231.98 961.65 8.00 399500
29.91 7.75 231.98 961.83 8.00 399520
29.91 7.75 231.98 962.68 8.00 399540
29.91 7.75 231.98 963.11 8.00 399560
29.91 7.75 231.98 963.25 8.00 399580
29.91 7.75 231.98 963.59 8.00 399600
29.91 7.79 233.08 964.15 8.00 399620
29.91 7.79 233.08 963.73 8.00 399640
29.91 7.79 233.08 966.15 8.00 399660
29.91 7.79 233.08 965.34 8.00 399680
29.91 7.85 234.73 966.03 8.00 399700
29.91 7.85 234.73 966.48 8.00 399720
29.91 7.85 234.73 967.59 8.00 399740
29.91 7.85 234.73 967.51 8.00 399760
29.91 7.83 234.35 968.24 8.00 399780
29.91 7.83 234.35 968.05 8.00 399800
29.91 7.83 234.35 968.65 8.00 399820
29.91 7.87 235.34 968.79 8.00 399840
29.91 7.87 235.34 969.29 8.00 399860
29.91 7.87 235.34 969.05 8.00 399880
29.91 7.87 235.34 970.86 8.00 399900
29.91 7.80 233.24 970.37 8.00 399920
29.91 7.80 233.24 971.02 8.00 399940
29.91 7.80 233.24 972.24 8.00 399960
29.91 7.78 232.80 972.23 8.00 399980
29.91 7.78 232.80 972.26 8.00 400000
29.91 7.78 232.80 972.67 8.00 400020
29.91 7.78 232.80 972.90 8.00 400040
29.91 7.77 232.49 973.57 8.00 400060
29.91 7.77 232.49 973.74 8.00 400080
29.91 7.77 232.49 974.11 8.00 400100
29.91 7.77 232.49 974.72 8.00 400120
29.91 7.81 233.68 975.09 8.00 400140
29.91 7.81 233.68 976.24 8.00 400160
29.91 7.81 233.68 976.47 8.00 400180
29.91 7.85 234.88 976.50 8.00 400200
29.91 7.85 234.88 976.34 8.00 400220
29.91 7.85 234.88 976.85 8.00 400240
29.91 7.85 234.88 977.55 8.00 400260
29.91 7.84 234.50 977.25 8.00 400280
29.91 7.84 234.50 979.10 8.00 400300
29.91 7.84 234.50 978.35 8.00 400320
29.91 7.84 234.50 979.16 8.00 400340
29.91 7.80 233.32 979.05 8.00 400360
29.91 7.80 233.32 979.37 8.00 400380
29.91 7.80 233.32 980.31 8.00 400400
29.91 7.75 231.83 980.04 8.00 400420
29.91 7.75 231.83 981.16 8.00 400440
29.91 7.75 231.83 981.03 8.00 400460
29.91 7.75 231.83 981.77 8.00 400480
29.91 7.69 229.97 982.30 8.00 400500
29.91 7.69 229.97 982.25 8.00 400520
29.91 7.69 229.97 983.25 8.00 400540
29.91 7.74 231.60 983.49 8.00 400560
29.91 7.74 231.60 983.28 8.00 400580
29.91 7.74 231.60 983.98 8.00 400600
29.91 7.74 231.60 984.46 8.00 400620
29.91 7.76 232.12 983.88 8.00 400640
29.91 7.76 232.12 985.64 8.00 400660
29.91 7.76 232.12 985.56 8.00 400680
29.91 7.76 232.12 986.55 8.00 400700
29.91 7.78 232.87 986.94 8.00 400720
29.91 7.78 232.87 986.83 8.00 400740
29.91 7.78 232.87 987.26 8.00 400760
29.91 7.89 235.92 987.85 8.00 400780
29.91 7.89 235.92 987.93 8.00 400800
29.91 7.89 235.92 988.24 8.00 400820
29.91 7.89 235.92 987.52 8.00 400840
29.91 7.83 234.27 988.97 8.00 400860
29.91 7.83 234.27 989.84 8.00 400880
29.91 7.83 234.27 990.61 8.00 400900
29.91 7.79 233.00 991.24 8.00 400920
29.91 7.79 233.01 990.69 8.00 400940
29.91 7.79 233.01 991.38 8.00 400960
29.91 7.79 233.01 991.38 8.00 400980
29.91 7.82 234.07 991.92 8.00 401000
29.91 7.82 234.07 992.61 8.00 401020
29.91 7.82 234.07 992.59 8.00 401040
29.91 7.82 234.07 993.07 8.00 401060
29.91 7.81 233.52 993.56 8.00 401080
29.91 7.81 233.52 994.50 8.00 401100
29.91 7.81 233.52 994.28 8.00 401120
29.91 7.76 232.21 995.22 8.00 401140
29.91 7.76 232.21 995.82 8.00 401160
29.91 7.76 232.21 995.97 8.00 401180
29.91 7.76 232.21 995.72 8.00 401200
29.91 7.78 232.79 995.73 8.00 401220
29.91 7.78 232.79 997.46 8.00 401240
29.91 7.78 232.79 996.99 8.00 401260
29.91 7.78 232.79 997.51 8.00 401280
29.91 7.79 232.94 998.00 8.00 401300
29.91 7.79 232.94 998.00 8.00 401320
29.91 7.79 232.94 998.47 8.00 401340
29.91 7.82 233.84 999.15 8.00 401360
29.91 7.82 233.84 999.63 8.00 401380
29.91 7.82 233.84 1000.77 8.00 401400
29.91 7.82 233.84 1000.30 8.00 401420
29.91 7.83 234.13 1001.13 8.00 401440
29.91 7.83 234.13 1001.60 8.00 401460
29.91 7.83 234.13 1001.18 8.00 401480
29.91 7.77 232.36 1001.52 8.00 401500
29.91 7.77 232.36 1003.14 8.00 401520
29.91 7.77 232.36 1002.52 8.00 401540
29.91 7.77 232.36 1004.17 8.00 401560
29.91 7.78 232.64 1002.26 8.00 401580
29.91 7.78 232.64 1003.76 8.00 401600
29.91 7.78 232.64 1003.73 8.00 401620
29.91 7.78 232.64 1005.26 8.00 401640
29.91 7.82 233.83 1004.99 8.00 401660
29.91 7.82 233.83 1006.09 8.00 401680
29.91 7.82 233.83 1005.92 8.00 401700
29.91 7.80 233.39 1006.32 8.00 401720
29.91 7.80 233.39 1006.24 8.00 401740
29.91 7.80 233.39 1006.86 8.00 401760
29.91 7.80 233.39 1007.51 8.00 401780
29.91 7.89 235.92 1007.40 8.00 401800
29.91 7.89 235.92 1007.74 8.00 401820
29.91 7.89 235.92 1008.13 8.00 401840
29.91 7.89 235.92 1008.57 8.00 401860
29.91 7.90 236.29 1008.88 8.00 401880
29.91 7.90 236.29 1008.91 8.00 401900
29.91 7.90 236.29 1010.24 8.00 401920
29.91 7.87 235.55 1010.27 8.00 401940
29.91 7.87 235.55 1011.04 8.00 401960
29.91 7.87 235.55 1010.93 8.00 401980
29.91 7.87 235.55 1010.70 8.00 402000
29.91 7.84 234.43 1011.60 8.00 402020
29.91 7.84 234.43 1012.47 8.00 402040
29.91 7.84 234.43 1013.15 8.00 402060
29.91 7.80 233.24 1013.86 8.00 402080
29.91 7.80 233.24 1013.50 8.00 402100
29.91 7.80 233.24 1014.25 8.00 402120
29.91 7.80 233.24 1014.56 8.00 402140
29.91 7.81 233.53 1014.32 8.00 402160
29.91 7.81 233.53 1014.71 8.00 402180
29.91 7.81 233.53 1015.47 8.00 402200
29.91 7.81 233.53 1015.18 8.00 402220
29.91 7.79 233.09 1015.85 8.00 402240
29.91 7.79 233.09 1016.42 8.00 402260
29.91 7.79 233.09 1016.86 8.00 402280
29.91 7.78 232.79 1017.73 8.00 402300
29.91 7.78 232.79 1017.73 8.00 402320
29.91 7.78 232.79 1018.35 8.00 402340
29.91 7.78 232.79 1019.06 8.00 402360
29.91 7.76 232.06 1019.63 8.00 402380
29.91 7.76 232.06 1019.40 8.00 402400
29.91 7.76 232.06 1018.78 8.00 402420
29.91 7.80 233.25 1019.77 8.00 402440
29.91 7.80 233.24 1020.56 8.00 402460
29.91 7.80 233.24 1020.41 8.00 402480
29.91 7.80 233.24 1021.47 8.00 402500
29.91 7.83 234.13 1021.43 8.00 402520
29.91 7.83 234.13 1021.90 8.00 402540
29.91 7.83 234.13 1022.91 8.00 402560
29.91 7.83 234.13 1022.95 8.00 402580
29.91 7.81 233.68 1022.44 8.00 402600
29.91 7.81 233.68 1022.88 8.00 402620
29.91 7.81 233.68 1023.40 8.00 402640
29.91 7.78 232.79 1025.45 8.00 402660
29.91 7.78 232.79 1024.70 8.00 402680
29.91 7.78 232.79 1024.75 8.00 402700
29.91 7.78 232.79 1025.20 8.00 402720
29.91 7.79 232.94 1025.80 8.00 402740
29.91 7.79 232.94 1025.69 8.00 402760
29.91 7.79 232.94 1026.40 8.00 402780
29.91 7.79 232.94 1026.40 8.00 402800
29.91 7.79 233.09 1027.36 8.00 402820
29.91 7.79 233.09 1026.43 8.00 402840
29.91 7.79 233.09 1027.63 8.00 402860
29.91 7.71 230.63 1028.59 8.00 402880
29.91 7.71 230.63 1029.02 8.00 402900
29.91 7.71 230.63 1029.09 8.00 402920
29.91 7.71 230.63 1029.60 8.00 402940
29.91 7.72 231.08 1030.08 8.00 402960
29.91 7.72 231.08 1030.70 8.00 402980
29.91 7.72 231.08 1030.93 8.00 403000
29.91 7.80 233.32 1030.27 8.00 403020
29.91 7.80 233.32 1031.96 8.00 403040
29.91 7.80 233.32 1031.85 8.00 403060
29.91 7.80 233.32 1031.64 8.00 403080
29.91 7.80 233.32 1032.76 8.00 403100
29.91 7.80 233.32 1033.00 8.00 403120
29.91 7.80 233.32 1033.36 8.00 403140
29.91 7.80 233.32 1033.43 8.00 403160
29.91 7.85 234.73 1034.63 8.00 403180
29.91 7.85 234.73 1034.89 8.00 403200
29.91 7.85 234.73 1034.39 8.00 403220
29.91 7.80 233.38 1035.50 8.00 403240
29.91 7.80 233.38 1035.89 8.00 403260
29.91 7.80 233.38 1035.89 8.00 403280
29.91 7.80 233.38 1035.59 8.00 403300
29.91 7.81 233.69 1037.17 8.00 403320
29.91 7.81 233.69 1036.79 8.00 403340
29.91 7.81 233.69 1037.38 8.00 403360
29.91 7.81 233.69 1037.22 8.00 403380
29.91 7.84 234.58 1038.57 8.00 403400
29.91 7.84 234.58 1038.44 8.00 403420
29.91 7.84 234.58 1039.23 8.00 403440
29.91 7.83 234.21 1039.77 8.00 403460
29.91 7.83 234.21 1039.88 8.00 403480
29.91 7.83 234.21 1039.63 8.00 403500
29.91 7.83 234.21 1040.69 8.00 403520
29.91 7.86 235.10 1040.62 8.00 403540
29.91 7.86 235.10 1040.75 8.00 403560
29.91 7.86 235.10 1041.99 8.00 403580
29.91 7.87 235.54 1042.63 8.00 403600
29.91 7.87 235.54 1042.05 8.00 403620
29.91 7.87 235.54 1042.17 8.00 403640
29.91 7.87 235.54 1043.17 8.00 403660
29.91 7.86 235.10 1043.53 8.00 403680
29.91 7.86 235.10 1043.91 8.00 403700
29.91 7.86 235.10 1044.10 8.00 403720
29.91 7.86 235.10 1044.91 8.00 403740
29.91 7.83 234.35 1044.91 8.00 403760
29.91 7.83 234.35 1045.08 8.00 403780
29.91 7.83 234.35 1046.41 8.00 403800
29.91 7.84 234.51 1045.99 8.00 403820
29.91 7.84 234.51 1045.68 8.00 403840
29.91 7.84 234.51 1046.28 8.00 403860
29.91 7.84 234.51 1046.74 8.00 403880
29.91 7.75 231.98 1046.48 8.00 403900
29.91 7.75 231.98 1048.16 8.00 403920
29.91 7.75 231.98 1048.27 8.00 403940
29.91 7.71 230.55 1048.88 8.00 403960
29.91 7.71 230.55 1048.35 8.00 403980
29.91 7.71 230.55 1049.24 8.00 404000
29.91 7.71 230.55 1050.07 8.00 404020
29.91 7.92 237.06 1050.05 8.00 404040
29.91 7.92 237.06 1050.44 8.00 404060
29.91 7.92 237.06 1050.27 8.00 404080
29.91 7.92 237.06 1051.49 8.00 404100
29.91 7.89 236.15 1050.29 8.00 404120
29.91 7.89 236.15 1052.11 8.00 404140
29.91 7.89 236.15 1052.48 8.00 404160
29.91 8.00 239.25 1053.50 8.00 404180
29.91 8.00 239.25 1052.91 8.00 404200
29.91 8.00 239.25 1052.72 8.00 404220
29.91 8.00 239.25 1054.65 8.00 404240
29.91 7.74 231.64 1053.91 8.00 404260
29.91 7.74 231.64 1055.30 8.00 404280
29.91 7.74 231.64 1054.93 8.00 404300
29.91 7.74 231.64 1055.09 8.00 404320
29.91 7.69 229.97 1055.24 8.00 404340
29.91 7.69 229.97 1056.11 8.00 404360
29.91 7.69 229.97 1055.93 8.00 404380
29.91 7.73 231.39 1056.36 8.00 404400
29.91 7.73 231.39 1057.85 8.00 404420
29.91 7.73 231.39 1057.72 8.00 404440
29.91 7.73 231.39 1058.09 8.00 404460
29.91 7.71 230.69 1058.37 8.00 404480
29.91 7.71 230.69 1058.29 8.00 404500
29.91 7.71 230.69 1058.59 8.00 404520
29.91 7.73 231.38 1060.24 8.00 404540
29.91 7.73 231.38 1059.60 8.00 404560
29.91 7.73 231.38 1060.01 8.00 404580
29.91 7.73 231.38 1061.68 8.00 404600
29.91 7.79 233.09 1061.87 8.00 404620
29.91 7.79 233.09 1060.78 8.00 404640
29.91 7.79 233.09 1061.25 8.00 404660
29.91 7.79 233.09 1062.25 8.00 404680
29.91 7.81 233.53 1061.95 8.00 404700
29.91 7.81 233.53 1062.45 8.00 404720
29.91 7.81 233.53 1062.32 8.00 404740
29.91 7.82 234.00 1063.77 8.00 404760
29.91 7.82 234.00 1063.26 8.00 404780
29.91 7.82 234.00 1063.43 8.00 404800
29.91 7.82 234.00 1063.85 8.00 404820
29.91 7.85 234.94 1065.23 8.00 404840
29.91 7.85 234.94 1065.28 8.00 404860
29.91 7.85 234.94 1065.72 8.00 404880
29.91 7.85 234.94 1066.00 8.00 404900
29.91 7.89 235.92 1066.38 8.00 404920
29.91 7.89 235.92 1066.80 8.00 404940
29.91 7.89 235.92 1066.61 8.00 404960
29.91 7.87 235.55 1067.62 8.00 404980
29.91 7.87 235.55 1066.38 8.00 405000
29.91 7.87 235.55 1067.73 8.00 405020
29.91 7.87 235.55 1067.77 8.00 405040
29.91 7.80 233.32 1068.57 8.00 405060
29.91 7.80 233.32 1069.67 8.00 405080
29.91 7.80 233.32 1069.71 8.00 405100
29.91 7.75 231.90 1069.19 8.00 405120
29.91 7.75 231.90 1070.22 8.00 405140
29.91 7.75 231.90 1070.72 8.00 405160
29.91 7.75 231.90 1071.12 8.00 405180
29.91 7.81 233.61 1071.49 8.00 405200
29.91 7.81 233.61 1071.60 8.00 405220
29.91 7.81 233.61 1071.41 8.00 405240
29.91 7.81 233.61 1072.25 8.00 405260
29.91 7.82 233.84 1071.43 8.00 405280
29.91 7.82 233.84 1072.85 8.00 405300
29.91 7.82 233.84 1073.84 8.00 405320
29.91 7.89 235.92 1072.81 8.00 405340
29.91 7.89 235.92 1074.52 8.00 405360
29.91 7.89 235.92 1074.38 8.00 405380
29.91 7.89 235.92 1074.48 8.00 405400
29.91 7.81 233.62 1075.35 8.00 405420
29.91 7.81 233.62 1075.15 8.00 405440
29.91 7.81 233.62 1076.23 8.00 405460
29.91 7.91 236.66 1076.43 8.00 405480
29.91 7.91 236.66 1076.77 8.00 405500
29.91 7.91 236.66 1076.95 8.00 405520
29.91 7.91 236.66 1077.74 8.00 405540
29.91 7.86 235.02 1077.82 8.00 405560
29.91 7.86 235.02 1076.99 8.00 405580
29.91 7.86 235.02 1078.03 8.00 405600
29.91 7.86 235.02 1078.36 8.00 405620
29.91 7.82 234.07 1079.33 8.00 405640
29.91 7.82 234.07 1079.35 8.00 405660
29.91 7.82 234.07 1080.05 8.00 405680
29.91 7.77 232.42 1080.28 8.00 405700
29.91 7.77 232.42 1080.94 8.00 405720
29.91 7.77 232.42 1081.33 8.00 405740
29.91 7.77 232.42 1081.35 8.00 405760
29.91 7.79 233.01 1081.70 8.00 405780
29.91 7.79 233.01 1081.69 8.00 405800
29.91 7.79 233.01 1082.82 8.00 405820
29.91 7.79 233.01 1083.07 8.00 405840
29.91 7.76 232.21 1083.36 8.00 405860
29.91 7.76 232.21 1083.64 8.00 405880
29.91 7.76 232.21 1083.78 8.00 405900
29.91 7.79 232.93 1084.44 8.00 405920
29.91 7.79 232.93 1084.29 8.00 405940
29.91 7.79 232.93 1084.99 8.00 405960
29.91 7.79 232.93 1085.11 8.00 405980
29.91 7.82 233.91 1085.89 8.00 406000
29.91 7.82 233.91 1086.58 8.00 406020
29.91 7.82 233.91 1086.52 8.00 406040
29.91 7.83 234.21 1087.13 8.00 406060
29.91 7.83 234.21 1086.74 8.00 406080
29.91 7.83 234.21 1087.33 8.00 406100
29.91 7.83 234.21 1088.00 8.00 406120
29.91 7.83 234.21 1088.38 8.00 406140
29.91 7.83 234.21 1087.74 8.00 406160
29.91 7.83 234.21 1088.89 8.00 406180
29.91 7.83 234.21 1088.91 8.00 406200
29.91 7.86 235.25 1089.88 8.00 406220
29.91 7.86 235.25 1089.66 8.00 406240
29.91 7.86 235.25 1090.06 8.00 406260
29.91 7.89 235.99 1090.63 8.00 406280
29.91 7.89 235.99 1091.35 8.00 406300
29.91 7.89 235.99 1091.03 8.00 406320
29.91 7.89 235.99 1092.26 8.00 406340
29.91 7.91 236.50 1092.26 8.00 406360
29.91 7.91 236.50 1092.42 8.00 406380
29.91 7.91 236.50 1092.64 8.00 406400
29.91 7.91 236.50 1093.23 8.00 406420
29.91 7.83 234.14 1093.53 8.00 406440
29.91 7.83 234.14 1093.57 8.00 406460
29.91 7.83 234.14 1094.11 8.00 406480
29.91 7.80 233.46 1094.45 8.00 406500
29.91 7.80 233.46 1094.75 8.00 406520
29.91 7.80 233.46 1095.17 8.00 406540
29.91 7.80 233.46 1095.23 8.00 406560
29.91 7.77 232.58 1095.15 8.00 406580
29.91 7.77 232.58 1096.37 8.00 406600
29.91 7.77 232.58 1096.85 8.00 406620
29.91 7.80 233.23 1097.39 8.00 406640
29.91 7.80 233.23 1097.07 8.00 406660
29.91 7.80 233.23 1097.86 8.00 406680
29.91 7.80 233.23 1098.66 8.00 406700
29.91 7.81 233.54 1098.32 8.00 406720
29.91 7.81 233.54 1098.90 8.00 406740
29.91 7.81 233.54 1098.30 8.00 406760
29.91 7.81 233.54 1099.63 8.00 406780
29.91 7.78 232.87 1100.29 8.00 406800
29.91 7.78 232.87 1100.27 8.00 406820
29.91 7.78 232.87 1100.45 8.00 406840
29.91 7.80 233.23 1099.69 8.00 406860
29.91 7.80 233.23 1100.78 8.00 406880
29.91 7.80 233.23 1102.58 8.00 406900
29.91 7.80 233.23 1101.60 8.00 406920
29.91 7.81 233.62 1102.78 8.00 406940
29.91 7.81 233.62 1102.68 8.00 406960
29.91 7.81 233.62 1102.98 8.00 406980
29.91 7.84 234.64 1103.73 8.00 407000
29.91 7.84 234.64 1103.92 8.00 407020
29.91 7.84 234.64 1104.57 8.00 407040
29.91 7.84 234.64 1104.67 8.00 407060
29.91 7.81 233.69 1104.10 8.00 407080
29.91 7.81 233.69 1105.16 8.00 407100
29.91 7.81 233.69 1104.93 8.00 407120
29.91 7.81 233.69 1105.75 8.00 407140
29.91 7.81 233.68 1105.46 8.00 407160
29.91 7.81 233.68 1107.09 8.00 407180
29.91 7.81 233.68 1107.32 8.00 407200
29.91 7.80 233.47 1107.13 8.00 407220
29.91 7.80 233.47 1106.93 8.00 407240
29.91 7.80 233.47 1108.11 8.00 407260
29.91 7.80 233.47 1108.26 8.00 407280
29.91 7.82 234.06 1108.28 8.00 407300
29.91 7.82 234.06 1109.22 8.00 407320
29.91 7.82 234.06 1109.24 8.00 407340
29.91 7.82 234.06 1109.57 8.00 407360
29.91 7.84 234.42 1109.69 8.00 407380
29.91 7.84 234.42 1110.43 8.00 407400
29.91 7.84 234.42 1110.49 8.00 407420
29.91 7.81 233.53 1111.03 8.00 407440
29.91 7.81 233.53 1111.19 8.00 407460
29.91 7.81 233.53 1110.91 8.00 407480
29.91 7.81 233.53 1111.44 8.00 407500
29.91 7.87 235.54 1112.08 8.00 407520
29.91 7.87 235.54 1112.57 8.00 407540
29.91 7.87 235.54 1113.03 8.00 407560
29.91 7.94 237.54 1112.76 8.00 407580
29.91 7.94 237.54 1114.29 8.00 407600
29.91 7.94 237.54 1113.88 8.00 407620
29.91 7.94 237.54 1114.81 8.00 407640
29.91 7.86 235.25 1114.04 8.00 407660
29.91 7.86 235.25 1114.87 8.00 407680
29.91 7.86 235.25 1115.30 8.00 407700
29.91 7.86 235.25 1116.07 8.00 407720
29.91 7.88 235.69 1116.74 8.00 407740
29.91 7.88 235.69 1116.15 8.00 407760
29.91 7.88 235.69 1117.57 8.00 407780
29.91 7.90 236.43 1117.05 8.00 407800
29.91 7.90 236.43 1118.82 8.00 407820
29.91 7.90 236.43 1118.03 8.00 407840
29.91 7.90 236.43 1118.09 8.00 407860
29.91 7.76 232.13 1118.30 8.00 407880
29.91 7.76 232.13 1119.44 8.00 407900
29.91 7.76 232.13 1120.01 8.00 407920
29.91 7.76 232.13 1119.07 8.00 407940
29.91 7.75 231.82 1119.63 8.00 407960
29.91 7.75 231.82 1119.86 8.00 407980
29.91 7.75 231.82 1121.06 8.00 408000
29.91 7.78 232.87 1120.53 8.00 408020
29.91 7.78 232.87 1120.22 8.00 408040
29.91 7.78 232.87 1120.99 8.00 408060
29.91 7.78 232.87 1121.87 8.00 408080
29.91 7.81 233.53 1123.01 8.00 408100
29.91 7.81 233.53 1122.00 8.00 408120
29.91 7.81 233.53 1122.88 8.00 408140
29.91 7.85 234.87 1122.86 8.00 408160
29.91 7.85 234.87 1122.48 8.00 408180
29.91 7.85 234.87 1123.53 8.00 408200
29.91 7.85 234.87 1124.69 8.00 408220
29.91 7.91 236.51 1124.75 8.00 408240
29.91 7.91 236.51 1125.28 8.00 408260
29.91 7.91 236.51 1125.60 8.00 408280
29.91 7.91 236.51 1126.17 8.00 408300
29.91 7.91 236.73 1125.53 8.00 408320
29.91 7.91 236.73 1126.76 8.00 408340
29.91 7.91 236.73 1126.32 8.00 408360
29.91 7.79 232.94 1127.54 8.00 408380
29.91 7.79 232.94 1126.72 8.00 408400
29.91 7.79 232.94 1127.90 8.00 408420
29.91 7.79 232.94 1127.25 8.00 408440
29.91 7.81 233.62 1128.35 8.00 408460
29.91 7.81 233.62 1129.16 8.00 408480
29.91 7.81 233.62 1129.62 8.00 408500
29.91 7.84 234.57 1129.28 8.00 408520
29.91 7.84 234.57 1129.92 8.00 408540
29.91 7.84 234.57 1130.16 8.00 408560
29.91 7.84 234.57 1130.90 8.00 408580
29.91 7.82 233.98 1130.71 8.00 408600
29.91 7.82 233.98 1131.05 8.00 408620
29.91 7.82 233.98 1131.22 8.00 408640
29.91 7.82 233.98 1131.84 8.00 408660
29.91 7.81 233.77 1131.95 8.00 408680
29.91 7.81 233.77 1132.87 8.00 408700
29.91 7.81 233.77 1132.25 8.00 408720
29.91 7.81 233.75 1132.78 8.00 408740
29.91 7.81 233.75 1133.10 8.00 408760
29.91 7.81 233.75 1133.29 8.00 408780
29.91 7.81 233.75 1133.68 8.00 408800
29.91 7.83 234.35 1134.34 8.00 408820
29.91 7.83 234.35 1135.07 8.00 408840
29.91 7.83 234.35 1135.10 8.00 408860
29.91 7.83 234.35 1135.63 8.00 408880
29.91 7.81 233.62 1135.68 8.00 408900
29.91 7.81 233.62 1135.78 8.00 408920
29.91 7.81 233.62 1136.23 8.00 408940
29.91 7.85 234.95 1137.31 8.00 408960
29.91 7.85 234.95 1136.77 8.00 408980
29.91 7.85 234.95 1137.53 8.00 409000
29.91 7.85 234.95 1137.38 8.00 409020
29.91 7.91 236.58 1138.26 8.00 409040
29.91 7.91 236.58 1138.26 8.00 409060
29.91 7.91 236.58 1138.78 8.00 409080
29.91 7.86 235.24 1140.01 8.00 409100
29.91 7.86 235.24 1138.87 8.00 409120
29.91 7.86 235.24 1139.58 8.00 409140
29.91 7.86 235.24 1139.34 8.00 409160
29.91 7.83 234.21 1140.14 8.00 409180
29.91 7.83 234.21 1140.77 8.00 409200
29.91 7.83 234.21 1139.73 8.00 409220
29.91 7.83 234.21 1141.81 8.00 409240
29.91 7.84 234.50 1141.27 8.00 409260
29.91 7.84 234.50 1142.49 8.00 409280
29.91 7.84 234.50 1142.79 8.00 409300
29.91 7.79 233.09 1142.44 8.00 409320
29.91 7.79 233.09 1142.94 8.00 409340
29.91 7.79 233.09 1142.86 8.00 409360
29.91 7.79 233.09 1143.51 8.00 409380
29.91 7.83 234.29 1144.25 8.00 409400
29.91 7.83 234.29 1145.17 8.00 409420
29.91 7.83 234.29 1144.89 8.00 409440
29.91 7.83 234.29 1144.34 8.00 409460
29.91 7.82 233.97 1145.74 8.00 409480
29.91 7.82 233.97 1145.80 8.00 409500
29.91 7.82 233.97 1147.29 8.00 409520
29.91 7.87 235.41 1146.26 8.00 409540
29.91 7.87 235.41 1146.81 8.00 409560
29.91 7.87 235.41 1146.88 8.00 409580
29.91 7.87 235.41 1147.43 8.00 409600
30.00 5.06 151.83 1147.67 8.00 409620
30.00 5.06 151.83 1148.70 8.00 409640
30.00 5.06 151.83 1147.27 8.00 409660
30.03 1.98 59.61 1146.24 8.00 409680
30.03 1.98 59.61 1147.75 8.00 409700
30.03 1.98 59.61 1147.43 8.00 409720
30.03 1.98 59.61 1147.49 8.00 409740
29.99 3.41 102.36 1147.60 8.00 409760
29.99 3.41 102.36 1147.95 8.00 409780
29.99 3.41 102.36 1148.06 8.00 409800
29.99 3.41 102.36 1147.93 8.00 409820
29.97 4.69 140.64 1148.48 8.00 409840
29.97 4.69 140.64 1147.91 8.00 409860
29.97 4.69 140.64 1149.05 8.00 409880
29.96 5.50 164.87 1149.38 8.00 409900
29.96 5.50 164.87 1148.33 8.00 409920
29.96 5.50 164.87 1147.67 8.00 409940
29.96 5.50 164.87 1149.29 8.00 409960
29.93 6.22 186.26 1149.16 8.00 409980
29.93 6.22 186.26 1149.91 8.00 410000
29.93 6.22 186.26 1150.28 8.00 410020
29.91 7.56 226.22 1150.22 8.00 410040
29.91 7.56 226.22 1150.11 8.00 410060
29.91 7.56 226.22 1151.68 8.00 410080
29.91 7.56 226.22 1152.54 8.00 410100
29.92 7.53 225.29 1152.27 8.00 410120
29.92 7.53 225.29 1151.54 8.00 410140
29.92 7.53 225.29 1153.69 8.00 410160
29.92 7.53 225.29 1152.78 8.00 410180
29.92 7.37 220.44 1152.78 8.00 410200
29.92 7.37 220.44 1154.09 8.00 410220
29.92 7.37 220.44 1153.51 8.00 410240
29.92 7.34 219.70 1154.25 8.00 410260
29.92 7.34 219.70 1154.82 8.00 410280
29.92 7.34 219.70 1155.25 8.00 410300
29.92 7.34 219.70 1155.16 8.00 410320
30.05 3.78 113.60 1155.02 8.00 410340
30.05 3.78 113.60 1154.67 8.00 410360
30.05 3.78 113.60 1155.49 8.00 410380
30.05 3.78 113.60 1154.87 8.00 410400
30.08 0.01 0.45 1154.98 8.00 410420
30.08 0.01 0.45 1155.09 8.00 410440
30.08 0.01 0.45 1155.18 8.00 410460
30.08 0.01 0.30 1154.33 8.00 410480
30.08 0.01 0.30 1154.02 8.00 410500
30.08 0.01 0.30 1154.65 8.00 410520
30.08 0.01 0.30 1154.87 8.00 410540
30.08 0.01 0.23 1154.16 8.00 410560
30.08 0.01 0.23 1154.82 8.00 410580
30.08 0.01 0.23 1154.20 8.00 410600
30.08 0.00 0.15 1154.29 8.00 410620
30.08 0.00 0.15 1154.20 8.00 410640
30.08 0.00 0.15 1153.74 8.00 410660
30.08 0.00 0.15 1154.11 8.00 410680
30.08 0.01 0.30 1153.40 8.00 410700
30.08 0.01 0.30 1153.25 8.00 410720
30.08 0.01 0.30 1152.76 8.00 410740
30.08 0.01 0.30 1152.80 8.00 410760
30.08 0.00 0.15 1152.98 8.00 410780
30.08 0.00 0.15 1153.14 8.00 410800
30.08 0.00 0.15 1153.85 8.00 410820
30.08 0.00 0.15 1153.62 8.00 410840
30.08 0.00 0.15 1152.65 8.00 410860
30.08 0.00 0.15 1152.85 8.00 410880
30.08 0.00 0.15 1153.16 8.00 410900
30.08 0.01 0.23 1151.85 8.00 410920
30.08 0.01 0.23 1151.83 8.00 410940
30.08 0.01 0.23 1152.32 8.00 410960
30.08 0.01 0.23 1152.87 8.00 410980
30.08 0.01 0.23 1153.65 8.00 411000
30.08 0.01 0.23 1151.79 8.00 411020
30.08 0.01 0.23 1153.09 8.00 411040
30.08 0.01 0.23 1153.20 8.00 411060
30.08 0.01 0.23 1151.48 8.00 411080
30.08 0.01 0.23 1151.17 8.00 411100
30.08 0.01 0.23 1153.18 8.00 411120
30.08 0.01 0.23 1151.61 8.00 411140
30.08 0.01 0.23 1150.84 8.00 411160
30.08 0.01 0.23 1152.27 8.00 411180
30.08 0.01 0.38 1152.74 8.00 411200
30.08 0.01 0.38 1151.45 8.00 411220
30.08 0.01 0.38 1151.65 8.00 411240
30.08 0.01 0.38 1151.83 8.00 411260
30.08 0.01 0.45 1151.39 8.00 411280
30.08 0.01 0.45 1151.28 8.00 411300
30.08 0.01 0.45 1151.43 8.00 411320
30.08 0.01 0.45 1152.01 8.00 411340
30.08 0.01 0.38 1152.16 8.00 411360
30.08 0.01 0.38 1149.91 8.00 411380
30.08 0.01 0.38 1150.84 8.00 411400
30.08 0.01 0.38 1150.42 8.00 411420
30.08 0.01 0.38 1149.76 8.00 411440
30.08 0.01 0.38 1150.35 8.00 411460
30.08 0.01 0.38 1150.59 8.00 411480
30.08 0.01 0.38 1150.57 8.00 411500
30.08 0.01 0.38 1151.59 8.00 411520
30.08 0.01 0.38 1149.60 8.00 411540
30.08 0.01 0.38 1150.86 8.00 411560
30.08 0.01 0.38 1150.73 8.00 411580
30.08 0.01 0.38 1150.97 8.00 411600
30.08 0.01 0.38 1150.33 8.00 411620
30.08 0.01 0.38 1149.49 8.00 411640
30.08 0.01 0.38 1150.40 8.00 411660
30.08 0.01 0.38 1149.87 8.00 411680
30.08 0.01 0.38 1150.55 8.00 411700
30.08 0.01 0.38 1149.69 8.00 411720
30.08 0.01 0.38 1149.93 8.00 411740
30.08 0.01 0.38 1149.23 8.00 411760
30.08 0.01 0.38 1149.23 8.00 411780
30.08 0.01 0.38 1149.38 8.00 411800
30.08 0.01 0.38 1150.37 8.00 411820
30.08 0.01 0.38 1149.78 8.00 411840
30.08 0.01 0.38 1149.16 8.00 411860
30.08 0.01 0.38 1149.25 8.00 411880
30.08 0.01 0.38 1149.84 8.00 411900
30.08 0.01 0.38 1148.88 8.00 411920
30.08 0.01 0.38 1149.40 8.00 411940
30.08 0.01 0.38 1149.10 8.00 411960
30.08 0.01 0.38 1149.43 8.00 411980
30.08 0.01 0.38 1148.57 8.00 412000
30.08 0.01 0.38 1147.93 8.00 412020
30.08 0.01 0.38 1148.52 8.00 412040
30.08 0.01 0.38 1148.88 8.00 412060
30.08 0.01 0.38 1148.96 8.00 412080
30.08 0.01 0.38 1148.11 8.00 412100
30.08 0.01 0.38 1148.00 8.00 412120
30.08 0.01 0.38 1148.06 8.00 412140
30.08 0.01 0.38 1148.50 8.00 412160
30.08 0.01 0.38 1149.23 8.00 412180
30.08 0.01 0.38 1147.16 8.00 412200
30.08 0.01 0.38 1146.81 8.00 412220
30.08 0.01 0.38 1147.60 8.00 412240
