20.40 0.02 0.36 0.00 10.00 2336720
20.40 0.02 0.36 0.00 10.00 2336740
20.40 0.02 0.36 0.00 10.00 2336760
20.40 0.02 0.36 0.00 10.00 2336780
20.40 0.02 0.36 0.00 10.00 2336800
20.40 0.02 0.36 0.00 10.00 2336820
20.40 0.02 0.36 0.00 10.00 2336840
20.40 0.02 0.36 0.00 10.00 2336860
20.40 0.02 0.36 0.00 10.00 2336880
20.40 0.02 0.36 0.00 10.00 2336900
20.40 0.02 0.36 0.00 10.00 2336920
20.40 0.02 0.36 0.00 10.00 2336940
20.40 0.02 0.36 0.00 10.00 2336960
20.40 0.02 0.36 0.00 10.00 2336980
20.40 0.02 0.36 0.00 10.00 2337000
20.40 0.02 0.36 0.00 10.00 2337020
20.40 0.02 0.36 0.00 10.00 2337040
20.40 0.02 0.36 0.00 10.00 2337060
20.40 0.02 0.36 0.00 10.00 2337080
20.40 0.02 0.36 0.00 10.00 2337100
20.40 0.02 0.36 0.00 10.00 2337120
20.40 0.02 0.36 0.00 10.00 2337140
20.40 0.02 0.36 0.00 10.00 2337160
20.40 0.02 0.36 0.00 10.00 2337180
20.40 0.02 0.36 0.00 10.00 2337200
20.40 0.02 0.36 0.00 10.00 2337220
20.40 0.02 0.36 0.00 10.00 2337240
20.40 0.02 0.36 0.00 10.00 2337260
20.40 0.02 0.36 0.00 10.00 2337280
20.40 0.02 0.36 0.00 10.00 2337300
20.40 0.02 0.36 0.00 10.00 2337320
20.40 0.02 0.36 0.00 10.00 2337340
20.40 0.02 0.36 0.00 10.00 2337360
20.40 0.02 0.36 0.00 10.00 2337380
20.40 0.02 0.36 0.00 10.00 2337400
20.40 0.02 0.36 0.00 10.00 2337420
20.40 0.02 0.36 0.00 10.00 2337440
20.40 0.02 0.36 0.00 10.00 2337460
20.40 0.02 0.36 0.00 10.00 2337480
20.40 0.02 0.36 0.00 10.00 2337500
20.40 0.02 0.36 0.00 10.00 2337520
20.40 0.02 0.36 0.00 10.00 2337540
20.40 0.02 0.36 0.00 10.00 2337560
20.40 0.02 0.36 0.00 10.00 2337580
20.40 0.02 0.36 0.00 10.00 2337600
20.40 0.02 0.36 0.00 10.00 2337620
20.40 0.02 0.36 0.00 10.00 2337640
20.40 0.02 0.36 0.00 10.00 2337660
20.40 0.02 0.36 0.00 10.00 2337680
20.40 0.02 0.36 0.00 10.00 2337700
20.40 0.02 0.36 0.00 10.00 2337720
20.40 0.02 0.36 0.00 10.00 2337740
20.40 0.02 0.36 0.00 10.00 2337760
20.40 0.02 0.51 0.00 10.00 2337780
20.40 0.02 0.51 0.00 10.00 2337800
20.40 0.02 0.51 0.00 10.00 2337820
20.36 0.87 17.66 0.00 10.00 2337840
20.36 0.87 17.66 0.00 10.00 2337860
20.36 0.87 17.66 0.00 10.00 2337880
20.36 0.87 17.66 5.72 10.00 2337900
20.33 2.62 53.22 5.72 10.00 2337920
20.33 2.62 53.22 5.72 10.00 2337940
20.33 2.62 53.22 5.72 10.00 2337960
20.31 3.88 78.91 5.72 10.00 2337980
20.31 3.88 78.91 5.72 10.00 2338000
20.31 3.88 78.91 5.72 10.00 2338020
20.31 3.88 78.91 5.66 10.00 2338040
20.29 4.73 95.94 5.66 10.00 2338060
20.29 4.73 95.94 5.66 10.00 2338080
20.29 4.73 95.94 5.66 10.00 2338100
20.29 4.73 95.94 5.66 10.00 2338120
20.29 4.94 100.19 5.63 10.00 2338140
20.29 4.94 100.19 5.63 10.00 2338160
20.29 4.94 100.19 5.63 10.00 2338180
20.29 5.04 102.32 5.61 10.00 2338200
20.29 5.04 102.32 5.61 10.00 2338220
20.29 5.04 102.32 5.61 10.00 2338240
20.29 5.04 102.32 5.59 10.00 2338260
20.29 5.01 101.76 5.59 10.00 2338280
20.29 5.01 101.76 5.59 10.00 2338300
20.29 5.01 101.76 5.58 10.00 2338320
20.29 5.04 102.32 5.58 10.00 2338340
20.29 5.04 102.31 5.58 10.00 2338360
20.29 5.04 102.31 5.58 10.00 2338380
20.29 5.04 102.31 5.57 10.00 2338400
20.29 4.93 100.05 5.57 10.00 2338420
20.29 4.93 100.05 5.57 10.00 2338440
20.29 4.93 100.05 5.57 10.00 2338460
20.29 4.93 100.05 5.57 10.00 2338480
20.30 4.84 98.33 5.57 10.00 2338500
20.30 4.84 98.33 5.57 10.00 2338520
20.30 4.84 98.33 5.58 10.00 2338540
20.30 4.74 96.21 5.58 10.00 2338560
20.30 4.74 96.21 5.58 10.00 2338580
20.30 4.74 96.21 5.59 10.00 2338600
20.30 4.74 96.21 5.59 10.00 2338620
20.30 4.64 94.24 5.59 10.00 2338640
20.30 4.64 94.24 5.60 10.00 2338660
20.30 4.64 94.24 5.60 10.00 2338680
20.30 4.64 94.24 5.60 10.00 2338700
20.30 4.53 91.97 5.61 10.00 2338720
20.30 4.53 91.97 5.62 10.00 2338740
20.30 4.53 91.97 5.62 10.00 2338760
20.30 4.48 90.96 5.62 10.00 2338780
20.30 4.48 90.96 5.63 10.00 2338800
20.30 4.48 90.96 5.64 10.00 2338820
20.30 4.48 90.96 5.65 10.00 2338840
20.31 4.33 87.88 5.65 10.00 2338860
20.31 4.33 87.88 5.66 10.00 2338880
20.31 4.33 87.88 5.67 10.00 2338900
20.31 4.25 86.36 5.68 10.00 2338920
20.31 4.25 86.36 5.69 10.00 2338940
20.31 4.25 86.36 5.69 10.00 2338960
20.31 4.25 86.36 5.70 10.00 2338980
20.31 4.15 84.34 5.72 10.00 2339000
20.31 4.15 84.34 5.73 10.00 2339020
20.31 4.15 84.34 5.74 10.00 2339040
20.31 4.15 84.34 5.75 10.00 2339060
20.31 4.06 82.52 5.76 10.00 2339080
20.31 4.06 82.52 5.77 10.00 2339100
20.31 4.06 82.52 5.78 10.00 2339120
20.31 4.01 81.40 5.79 10.00 2339140
20.31 4.01 81.40 5.81 10.00 2339160
20.31 4.01 81.40 5.82 10.00 2339180
20.31 4.01 81.40 5.83 10.00 2339200
20.31 3.91 79.38 5.84 10.00 2339220
20.31 3.91 79.38 5.86 10.00 2339240
20.31 3.91 79.38 5.87 10.00 2339260
20.31 3.91 79.38 5.90 10.00 2339280
20.32 3.86 78.42 5.92 10.00 2339300
20.32 3.86 78.42 5.94 10.00 2339320
20.32 3.86 78.42 5.96 10.00 2339340
20.32 3.78 76.75 6.00 10.00 2339360
20.32 3.78 76.75 6.42 10.00 2339380
20.32 3.78 76.75 6.68 10.00 2339400
20.32 3.78 76.75 7.03 10.00 2339420
20.32 3.73 75.89 38.93 10.00 2339440
20.32 3.73 75.89 42.53 10.00 2339460
20.32 3.73 75.89 46.81 10.00 2339480
20.31 3.84 77.96 48.43 10.00 2339500
20.31 3.84 77.96 49.86 10.00 2339520
20.31 3.84 77.96 52.36 10.00 2339540
20.31 3.84 77.96 53.47 10.00 2339560
20.30 4.38 88.87 54.59 10.00 2339580
20.30 4.38 88.87 56.59 10.00 2339600
20.30 4.38 88.87 57.56 10.00 2339620
20.30 4.38 88.87 58.43 10.00 2339640
20.30 4.82 97.72 60.17 10.00 2339660
20.30 4.82 97.72 60.98 10.00 2339680
20.30 4.82 97.72 62.53 10.00 2339700
20.29 5.11 103.62 63.30 10.00 2339720
20.29 5.11 103.62 64.87 10.00 2339740
20.29 5.11 103.62 65.61 10.00 2339760
20.29 5.11 103.62 67.01 10.00 2339780
20.29 5.21 105.65 67.73 10.00 2339800
20.29 5.21 105.65 69.12 10.00 2339820
20.29 5.21 105.65 69.76 10.00 2339840
20.28 5.33 108.11 71.07 10.00 2339860
20.28 5.33 108.11 71.73 10.00 2339880
20.28 5.33 108.11 73.02 10.00 2339900
20.28 5.33 108.11 73.61 10.00 2339920
20.28 5.39 109.27 74.88 10.00 2339940
20.28 5.39 109.27 76.11 10.00 2339960
20.28 5.39 109.27 76.73 10.00 2339980
20.28 5.39 109.27 77.87 10.00 2340000
20.28 5.44 110.34 79.13 10.00 2340020
20.28 5.44 110.34 79.74 10.00 2340040
20.28 5.44 110.34 80.88 10.00 2340060
20.28 5.48 111.14 82.07 10.00 2340080
20.28 5.48 111.14 82.61 10.00 2340100
20.28 5.48 111.14 83.83 10.00 2340120
20.28 5.48 111.14 84.85 10.00 2340140
20.28 5.56 112.76 86.06 10.00 2340160
20.28 5.56 112.76 87.18 10.00 2340180
20.28 5.56 112.76 87.73 10.00 2340200
20.28 5.56 112.76 88.85 10.00 2340220
20.28 5.60 113.62 89.99 10.00 2340240
20.28 5.60 113.62 91.05 10.00 2340260
20.28 5.60 113.62 92.11 10.00 2340280
20.28 5.61 113.66 93.15 10.00 2340300
20.28 5.61 113.66 93.72 10.00 2340320
20.28 5.61 113.66 94.87 10.00 2340340
20.28 5.61 113.66 95.81 10.00 2340360
20.28 5.67 115.02 96.85 10.00 2340380
20.28 5.67 115.02 97.85 10.00 2340400
20.28 5.67 115.02 98.85 10.00 2340420
20.27 5.73 116.18 99.88 10.00 2340440
20.27 5.73 116.18 100.81 10.00 2340460
20.27 5.73 116.18 101.77 10.00 2340480
20.27 5.73 116.18 102.80 10.00 2340500
20.28 5.77 117.04 103.78 10.00 2340520
20.28 5.77 117.04 104.70 10.00 2340540
20.28 5.77 117.04 105.58 10.00 2340560
20.28 5.77 117.04 106.99 10.00 2340580
20.27 5.91 119.86 107.93 10.00 2340600
20.27 5.91 119.86 108.88 10.00 2340620
20.27 5.91 119.86 109.73 10.00 2340640
20.26 6.20 125.69 110.52 10.00 2340660
20.26 6.20 125.69 111.57 10.00 2340680
20.26 6.20 125.69 112.30 10.00 2340700
20.26 6.20 125.69 113.62 10.00 2340720
20.26 6.48 131.39 114.49 10.00 2340740
20.26 6.48 131.39 115.38 10.00 2340760
20.26 6.48 131.39 116.22 10.00 2340780
20.26 6.48 131.39 117.51 10.00 2340800
20.25 6.82 138.21 118.35 10.00 2340820
20.25 6.82 138.21 119.13 10.00 2340840
20.25 6.82 138.21 120.50 10.00 2340860
20.25 7.09 143.65 121.27 10.00 2340880
20.25 7.09 143.65 122.10 10.00 2340900
20.25 7.09 143.65 123.31 10.00 2340920
20.25 7.09 143.65 124.18 10.00 2340940
20.24 7.51 152.02 124.98 10.00 2340960
20.24 7.51 152.02 126.23 10.00 2340980
20.24 7.51 152.02 127.11 10.00 2341000
20.23 7.85 158.91 128.31 10.00 2341020
20.23 7.85 158.91 129.15 10.00 2341040
20.23 7.85 158.91 130.34 10.00 2341060
20.23 7.85 158.91 131.15 10.00 2341080
20.23 8.10 163.79 132.39 10.00 2341100
20.23 8.10 163.79 133.21 10.00 2341120
20.23 8.10 163.79 134.44 10.00 2341140
20.23 8.10 163.79 135.14 10.00 2341160
20.22 8.22 166.24 136.46 10.00 2341180
20.22 8.22 166.24 137.78 10.00 2341200
20.22 8.22 166.24 138.51 10.00 2341220
20.22 8.42 170.24 139.68 10.00 2341240
20.22 8.42 170.24 140.49 10.00 2341260
20.22 8.42 170.24 141.67 10.00 2341280
20.22 8.42 170.24 142.91 10.00 2341300
20.21 8.65 174.85 144.12 10.00 2341320
20.21 8.65 174.85 144.87 10.00 2341340
20.21 8.65 174.85 146.06 10.00 2341360
20.21 8.82 178.32 147.20 10.00 2341380
20.21 8.82 178.32 148.43 10.00 2341400
20.21 8.82 178.32 149.62 10.00 2341420
20.21 8.82 178.32 150.41 10.00 2341440
20.21 8.97 181.37 151.45 10.00 2341460
20.21 8.97 181.37 152.71 10.00 2341480
20.21 8.97 181.37 153.83 10.00 2341500
20.21 8.97 181.37 154.97 10.00 2341520
20.20 9.16 185.07 156.17 10.00 2341540
20.20 9.16 185.07 157.21 10.00 2341560
20.20 9.16 185.07 158.16 10.00 2341580
20.20 9.30 187.92 159.38 10.00 2341600
20.20 9.30 187.92 160.52 10.00 2341620
20.20 9.30 187.92 161.64 10.00 2341640
20.20 9.30 187.92 162.85 10.00 2341660
20.20 9.41 190.06 163.80 10.00 2341680
20.20 9.41 190.06 164.91 10.00 2341700
20.20 9.41 190.06 166.04 10.00 2341720
20.20 9.41 190.06 167.00 10.00 2341740
20.19 9.62 194.31 168.12 10.00 2341760
20.19 9.62 194.31 169.21 10.00 2341780
20.19 9.62 194.31 170.67 10.00 2341800
20.19 9.66 195.07 171.64 10.00 2341820
20.19 9.66 195.07 172.71 10.00 2341840
20.19 9.66 195.07 173.74 10.00 2341860
20.19 9.66 195.07 174.57 10.00 2341880
20.19 9.70 195.87 176.06 10.00 2341900
20.19 9.70 195.87 177.27 10.00 2341920
20.19 9.70 195.87 178.27 10.00 2341940
20.19 9.72 196.38 179.45 10.00 2341960
20.19 9.72 196.38 180.37 10.00 2341980
20.19 9.72 196.38 181.39 10.00 2342000
20.19 9.72 196.38 182.71 10.00 2342020
20.19 9.71 196.13 183.68 10.00 2342040
20.19 9.71 196.13 184.79 10.00 2342060
20.19 9.71 196.13 185.84 10.00 2342080
20.19 9.71 196.13 186.77 10.00 2342100
20.19 9.78 197.57 188.18 10.00 2342120
20.19 9.78 197.57 189.19 10.00 2342140
20.19 9.78 197.57 190.27 10.00 2342160
20.19 9.86 199.02 191.19 10.00 2342180
20.19 9.86 199.02 192.56 10.00 2342200
20.19 9.86 199.02 193.42 10.00 2342220
20.19 9.86 199.02 194.79 10.00 2342240
20.19 9.92 200.26 195.57 10.00 2342260
20.19 9.92 200.26 196.71 10.00 2342280
20.19 9.92 200.26 198.06 10.00 2342300
20.19 9.92 200.26 198.73 10.00 2342320
20.18 10.05 202.91 200.00 10.00 2342340
20.18 10.05 202.91 201.12 10.00 2342360
20.18 10.05 202.91 202.16 10.00 2342380
20.18 10.04 202.73 203.24 10.00 2342400
20.18 10.04 202.73 204.28 10.00 2342420
20.18 10.04 202.73 205.44 10.00 2342440
20.18 10.04 202.73 206.30 10.00 2342460
20.18 10.08 203.40 207.54 10.00 2342480
20.18 10.08 203.40 208.78 10.00 2342500
20.18 10.08 203.40 209.74 10.00 2342520
20.19 10.08 203.48 210.71 10.00 2342540
20.19 10.08 203.48 211.55 10.00 2342560
20.19 10.08 203.48 212.70 10.00 2342580
20.19 10.08 203.48 213.79 10.00 2342600
20.18 10.18 205.46 214.87 10.00 2342620
20.18 10.18 205.46 215.89 10.00 2342640
20.18 10.18 205.46 217.02 10.00 2342660
20.18 10.18 205.46 218.10 10.00 2342680
20.19 10.09 203.73 219.10 10.00 2342700
20.19 10.09 203.73 219.98 10.00 2342720
20.19 10.09 203.73 221.19 10.00 2342740
20.18 10.09 203.65 222.16 10.00 2342760
20.18 10.09 203.65 223.14 10.00 2342780
20.18 10.09 203.65 224.05 10.00 2342800
20.18 10.09 203.65 225.39 10.00 2342820
20.18 10.12 204.30 226.12 10.00 2342840
20.18 10.12 204.30 227.43 10.00 2342860
20.18 10.12 204.30 228.43 10.00 2342880
20.18 10.25 206.81 229.54 10.00 2342900
20.18 10.25 206.81 230.37 10.00 2342920
20.18 10.25 206.81 231.48 10.00 2342940
20.18 10.25 206.81 232.49 10.00 2342960
20.18 10.29 207.65 233.62 10.00 2342980
20.18 10.29 207.65 234.65 10.00 2343000
20.18 10.29 207.65 235.52 10.00 2343020
20.18 10.29 207.65 236.67 10.00 2343040
20.18 10.18 205.50 237.52 10.00 2343060
20.18 10.18 205.50 238.65 10.00 2343080
20.18 10.18 205.50 239.64 10.00 2343100
20.18 10.24 206.68 240.75 10.00 2343120
20.18 10.24 206.68 241.69 10.00 2343140
20.18 10.24 206.68 242.90 10.00 2343160
20.18 10.24 206.68 243.75 10.00 2343180
20.18 10.18 205.46 244.49 10.00 2343200
20.18 10.18 205.46 245.79 10.00 2343220
20.18 10.18 205.46 246.69 10.00 2343240
20.18 10.18 205.46 247.84 10.00 2343260
20.18 10.28 207.56 248.56 10.00 2343280
20.18 10.28 207.56 249.92 10.00 2343300
20.18 10.28 207.56 250.57 10.00 2343320
20.18 10.23 206.53 251.82 10.00 2343340
20.18 10.23 206.53 252.65 10.00 2343360
20.18 10.23 206.53 253.53 10.00 2343380
20.18 10.23 206.53 254.68 10.00 2343400
20.18 10.31 208.07 255.62 10.00 2343420
20.18 10.31 208.07 256.68 10.00 2343440
20.18 10.31 208.07 257.53 10.00 2343460
20.17 10.45 210.83 258.52 10.00 2343480
20.17 10.45 210.83 259.58 10.00 2343500
20.17 10.45 210.83 260.27 10.00 2343520
20.17 10.45 210.83 261.73 10.00 2343540
20.18 10.38 209.46 262.47 10.00 2343560
20.18 10.38 209.46 263.42 10.00 2343580
20.18 10.38 209.46 264.22 10.00 2343600
20.18 10.38 209.46 265.44 10.00 2343620
20.18 10.32 208.32 266.42 10.00 2343640
20.18 10.32 208.32 267.35 10.00 2343660
20.18 10.32 208.32 268.46 10.00 2343680
20.18 10.24 206.67 269.05 10.00 2343700
20.18 10.24 206.67 270.05 10.00 2343720
20.18 10.24 206.67 271.25 10.00 2343740
20.18 10.24 206.67 272.01 10.00 2343760
20.18 10.23 206.52 273.16 10.00 2343780
20.18 10.23 206.52 273.97 10.00 2343800
20.18 10.23 206.52 275.13 10.00 2343820
20.18 10.23 206.52 275.85 10.00 2343840
20.18 10.13 204.56 277.10 10.00 2343860
20.18 10.13 204.56 277.71 10.00 2343880
20.18 10.13 204.56 278.78 10.00 2343900
20.18 10.15 204.87 279.72 10.00 2343920
20.18 10.15 204.87 280.58 10.00 2343940
20.18 10.15 204.87 281.35 10.00 2343960
20.18 10.15 204.87 282.44 10.00 2343980
20.19 10.06 203.17 283.33 10.00 2344000
20.19 10.06 203.17 284.04 10.00 2344020
20.19 10.06 203.17 285.16 10.00 2344040
20.18 10.10 203.91 286.07 10.00 2344060
20.18 10.10 203.91 287.08 10.00 2344080
20.18 10.10 203.91 288.03 10.00 2344100
20.18 10.10 203.91 288.69 10.00 2344120
20.18 10.14 204.78 289.71 10.00 2344140
20.18 10.14 204.78 290.64 10.00 2344160
20.18 10.14 204.78 291.49 10.00 2344180
20.18 10.14 204.78 292.56 10.00 2344200
20.18 10.15 204.81 293.40 10.00 2344220
20.18 10.15 204.81 294.15 10.00 2344240
20.18 10.15 204.81 295.30 10.00 2344260
20.18 10.16 205.08 296.09 10.00 2344280
20.18 10.16 205.08 297.03 10.00 2344300
20.18 10.16 205.08 297.85 10.00 2344320
20.18 10.16 205.08 298.74 10.00 2344340
20.18 10.11 204.17 299.60 10.00 2344360
20.18 10.11 204.17 300.72 10.00 2344380
20.18 10.11 204.17 301.60 10.00 2344400
20.18 10.03 202.51 302.34 10.00 2344420
20.18 10.03 202.51 303.28 10.00 2344440
20.18 10.03 202.51 304.12 10.00 2344460
20.18 10.03 202.51 305.22 10.00 2344480
20.18 10.12 204.26 305.97 10.00 2344500
20.18 10.12 204.26 306.91 10.00 2344520
20.18 10.12 204.26 307.45 10.00 2344540
20.18 10.12 204.26 308.61 10.00 2344560
20.18 10.13 204.40 309.32 10.00 2344580
20.18 10.13 204.40 310.48 10.00 2344600
20.18 10.13 204.40 310.93 10.00 2344620
20.19 10.09 203.64 312.09 10.00 2344640
20.19 10.09 203.64 313.05 10.00 2344660
20.19 10.09 203.64 313.79 10.00 2344680
20.19 10.09 203.64 314.83 10.00 2344700
20.18 10.12 204.20 315.63 10.00 2344720
20.18 10.12 204.20 316.61 10.00 2344740
20.18 10.12 204.20 317.55 10.00 2344760
20.18 10.12 204.20 318.17 10.00 2344780
20.18 10.11 204.15 318.89 10.00 2344800
20.18 10.11 204.15 319.94 10.00 2344820
20.18 10.11 204.15 320.78 10.00 2344840
20.18 10.15 204.87 321.52 10.00 2344860
20.18 10.15 204.87 322.33 10.00 2344880
20.18 10.15 204.87 323.42 10.00 2344900
20.18 10.15 204.87 324.45 10.00 2344920
20.18 10.16 205.12 324.96 10.00 2344940
20.18 10.16 205.12 325.80 10.00 2344960
20.18 10.16 205.12 326.64 10.00 2344980
20.18 10.09 203.64 327.71 10.00 2345000
20.18 10.09 203.64 328.54 10.00 2345020
20.18 10.09 203.64 329.56 10.00 2345040
20.18 10.09 203.64 330.18 10.00 2345060
20.18 10.12 204.31 330.95 10.00 2345080
20.18 10.12 204.31 331.91 10.00 2345100
20.18 10.12 204.31 332.64 10.00 2345120
20.18 10.12 204.31 333.71 10.00 2345140
20.18 10.11 204.01 334.31 10.00 2345160
20.18 10.11 204.01 335.01 10.00 2345180
20.18 10.11 204.01 335.91 10.00 2345200
20.18 10.14 204.66 336.68 10.00 2345220
20.18 10.14 204.66 337.77 10.00 2345240
20.18 10.14 204.66 338.58 10.00 2345260
20.18 10.14 204.66 339.41 10.00 2345280
20.18 10.09 203.75 340.39 10.00 2345300
20.18 10.09 203.75 341.25 10.00 2345320
20.18 10.09 203.75 342.02 10.00 2345340
20.18 10.19 205.62 342.62 10.00 2345360
20.18 10.19 205.62 343.55 10.00 2345380
20.18 10.19 205.62 344.25 10.00 2345400
20.18 10.19 205.62 345.28 10.00 2345420
20.18 10.06 203.00 346.10 10.00 2345440
20.18 10.06 203.00 347.05 10.00 2345460
20.18 10.06 203.00 347.74 10.00 2345480
20.18 10.06 203.00 348.30 10.00 2345500
20.19 10.00 201.82 349.45 10.00 2345520
20.19 10.00 201.82 350.11 10.00 2345540
20.19 10.00 201.82 350.93 10.00 2345560
20.18 10.02 202.25 351.84 10.00 2345580
20.18 10.02 202.25 352.68 10.00 2345600
20.18 10.02 202.25 353.37 10.00 2345620
20.18 10.02 202.25 354.25 10.00 2345640
20.18 10.02 202.25 355.18 10.00 2345660
20.18 10.02 202.25 355.66 10.00 2345680
20.18 10.02 202.25 356.81 10.00 2345700
20.18 10.02 202.25 357.65 10.00 2345720
20.18 10.03 202.41 358.31 10.00 2345740
20.18 10.03 202.41 359.20 10.00 2345760
20.18 10.03 202.41 359.93 10.00 2345780
20.18 10.07 203.35 360.87 10.00 2345800
20.18 10.07 203.35 361.35 10.00 2345820
20.18 10.07 203.35 361.88 10.00 2345840
20.18 10.07 203.35 363.22 10.00 2345860
20.18 10.08 203.57 364.32 10.00 2345880
20.18 10.08 203.57 364.68 10.00 2345900
20.18 10.08 203.57 365.41 10.00 2345920
20.18 10.05 202.96 366.20 10.00 2345940
20.18 10.05 202.96 366.83 10.00 2345960
20.18 10.05 202.96 367.75 10.00 2345980
20.18 10.05 202.96 368.51 10.00 2346000
20.19 10.00 201.86 369.27 10.00 2346020
20.19 10.00 201.86 370.19 10.00 2346040
20.19 10.00 201.86 370.98 10.00 2346060
20.19 10.00 201.86 371.64 10.00 2346080
20.18 10.12 204.27 372.50 10.00 2346100
20.18 10.12 204.27 373.81 10.00 2346120
20.18 10.12 204.27 374.40 10.00 2346140
20.18 10.07 203.26 374.70 10.00 2346160
20.18 10.07 203.26 375.61 10.00 2346180
20.18 10.07 203.26 376.53 10.00 2346200
20.18 10.07 203.26 377.48 10.00 2346220
20.18 10.07 203.31 377.96 10.00 2346240
20.18 10.07 203.31 378.80 10.00 2346260
20.18 10.07 203.31 379.38 10.00 2346280
20.18 10.07 203.31 380.39 10.00 2346300
20.18 10.14 204.68 380.95 10.00 2346320
20.18 10.14 204.68 382.28 10.00 2346340
20.18 10.14 204.68 382.62 10.00 2346360
20.18 10.13 204.40 383.64 10.00 2346380
20.18 10.13 204.40 384.23 10.00 2346400
20.18 10.13 204.40 385.27 10.00 2346420
20.18 10.13 204.40 385.55 10.00 2346440
20.18 10.11 204.16 386.57 10.00 2346460
20.18 10.11 204.16 387.07 10.00 2346480
20.18 10.11 204.16 388.07 10.00 2346500
20.19 10.04 202.75 388.91 10.00 2346520
20.19 10.04 202.75 389.75 10.00 2346540
20.19 10.04 202.75 390.45 10.00 2346560
20.19 10.04 202.75 391.03 10.00 2346580
20.19 10.00 201.82 391.73 10.00 2346600
20.19 10.00 201.82 392.76 10.00 2346620
20.19 10.00 201.82 393.65 10.00 2346640
20.19 10.00 201.82 394.15 10.00 2346660
20.19 9.98 201.47 395.29 10.00 2346680
20.19 9.98 201.47 395.49 10.00 2346700
20.19 9.98 201.47 396.43 10.00 2346720
20.19 9.95 200.97 397.07 10.00 2346740
20.19 9.95 200.97 398.16 10.00 2346760
20.19 9.95 200.97 398.73 10.00 2346780
20.19 9.95 200.97 399.91 10.00 2346800
20.19 9.93 200.56 400.31 10.00 2346820
20.19 9.93 200.56 401.16 10.00 2346840
20.19 9.93 200.56 401.82 10.00 2346860
20.19 10.05 202.88 402.61 10.00 2346880
20.18 10.05 202.86 403.25 10.00 2346900
20.18 10.05 202.86 404.13 10.00 2346920
20.18 10.05 202.86 404.71 10.00 2346940
20.18 10.04 202.76 405.62 10.00 2346960
20.18 10.04 202.76 406.09 10.00 2346980
20.18 10.04 202.76 407.03 10.00 2347000
20.18 10.04 202.76 407.89 10.00 2347020
20.19 10.09 203.78 408.67 10.00 2347040
20.19 10.09 203.78 409.46 10.00 2347060
20.19 10.09 203.78 410.04 10.00 2347080
20.18 10.06 203.01 410.75 10.00 2347100
20.18 10.06 203.01 411.28 10.00 2347120
20.18 10.06 203.01 412.02 10.00 2347140
20.18 10.06 203.01 413.18 10.00 2347160
20.19 10.05 202.92 413.88 10.00 2347180
20.19 10.05 202.92 414.48 10.00 2347200
20.19 10.05 202.92 415.33 10.00 2347220
20.19 10.05 202.92 415.98 10.00 2347240
20.18 10.03 202.56 416.44 10.00 2347260
20.18 10.03 202.56 417.14 10.00 2347280
20.18 10.03 202.56 418.01 10.00 2347300
20.18 10.08 203.55 418.76 10.00 2347320
20.18 10.08 203.55 419.76 10.00 2347340
20.18 10.08 203.55 420.33 10.00 2347360
20.18 10.08 203.55 421.03 10.00 2347380
20.18 10.04 202.75 421.79 10.00 2347400
20.18 10.04 202.75 422.17 10.00 2347420
20.18 10.04 202.75 423.27 10.00 2347440
20.19 10.03 202.47 423.72 10.00 2347460
20.19 10.03 202.47 424.71 10.00 2347480
20.19 10.03 202.47 425.57 10.00 2347500
20.19 10.03 202.47 426.06 10.00 2347520
20.19 9.99 201.62 426.74 10.00 2347540
20.19 9.99 201.62 427.52 10.00 2347560
20.19 9.99 201.62 428.14 10.00 2347580
20.19 9.99 201.62 428.98 10.00 2347600
20.19 9.98 201.56 429.76 10.00 2347620
20.19 9.98 201.56 430.30 10.00 2347640
20.19 9.98 201.56 430.78 10.00 2347660
20.19 9.98 201.46 431.61 10.00 2347680
20.19 9.98 201.46 432.54 10.00 2347700
20.19 9.98 201.46 433.25 10.00 2347720
20.19 9.98 201.46 433.81 10.00 2347740
20.18 9.98 201.40 434.69 10.00 2347760
20.18 9.98 201.40 435.31 10.00 2347780
20.18 9.98 201.40 436.10 10.00 2347800
20.18 9.98 201.40 436.72 10.00 2347820
20.19 10.00 201.98 437.48 10.00 2347840
20.19 10.00 201.98 437.91 10.00 2347860
20.19 10.00 201.98 439.00 10.00 2347880
20.18 10.09 203.65 439.52 10.00 2347900
20.18 10.09 203.65 440.38 10.00 2347920
20.18 10.09 203.65 441.08 10.00 2347940
20.18 10.09 203.65 441.73 10.00 2347960
20.19 10.01 202.13 442.16 10.00 2347980
20.19 10.01 202.13 443.37 10.00 2348000
20.19 10.01 202.13 443.61 10.00 2348020
20.19 9.96 201.12 444.44 10.00 2348040
20.19 9.96 201.12 445.09 10.00 2348060
20.19 9.96 201.12 445.87 10.00 2348080
20.19 9.96 201.12 446.78 10.00 2348100
20.19 9.97 201.37 447.65 10.00 2348120
20.19 9.97 201.37 447.80 10.00 2348140
20.19 9.97 201.37 448.53 10.00 2348160
20.19 9.97 201.37 449.13 10.00 2348180
20.18 10.05 202.90 449.82 10.00 2348200
20.18 10.05 202.90 450.66 10.00 2348220
20.18 10.05 202.90 451.15 10.00 2348240
20.18 10.07 203.21 452.21 10.00 2348260
20.18 10.07 203.21 452.79 10.00 2348280
20.18 10.07 203.21 453.42 10.00 2348300
20.18 10.07 203.21 454.25 10.00 2348320
20.18 10.05 202.94 454.82 10.00 2348340
20.18 10.05 202.94 455.12 10.00 2348360
20.18 10.05 202.94 456.10 10.00 2348380
20.18 9.98 201.42 457.03 10.00 2348400
20.19 9.98 201.47 457.56 10.00 2348420
20.19 9.98 201.47 458.38 10.00 2348440
20.19 9.98 201.47 459.13 10.00 2348460
20.18 10.09 203.70 460.36 10.00 2348480
20.18 10.09 203.70 460.58 10.00 2348500
20.18 10.09 203.70 460.89 10.00 2348520
20.18 10.09 203.70 461.99 10.00 2348540
20.18 10.14 204.66 462.51 10.00 2348560
20.18 10.14 204.66 463.23 10.00 2348580
20.18 10.14 204.66 463.83 10.00 2348600
20.19 9.95 200.87 464.44 10.00 2348620
20.19 9.95 200.87 465.13 10.00 2348640
20.19 9.95 200.87 465.93 10.00 2348660
20.19 9.95 200.87 466.63 10.00 2348680
20.18 9.89 199.67 467.26 10.00 2348700
20.18 9.89 199.67 467.92 10.00 2348720
20.18 9.89 199.67 468.35 10.00 2348740
20.18 9.89 199.67 469.51 10.00 2348760
20.19 9.92 200.34 469.90 10.00 2348780
20.19 9.92 200.34 470.69 10.00 2348800
20.19 9.92 200.34 471.00 10.00 2348820
20.19 9.98 201.42 471.99 10.00 2348840
20.19 9.98 201.42 472.57 10.00 2348860
20.19 9.98 201.42 473.40 10.00 2348880
20.19 9.98 201.42 474.13 10.00 2348900
20.18 9.98 201.55 474.30 10.00 2348920
20.18 9.98 201.55 475.21 10.00 2348940
20.18 9.98 201.55 476.02 10.00 2348960
20.19 10.02 202.22 476.52 10.00 2348980
20.19 10.02 202.22 476.75 10.00 2349000
20.19 10.02 202.22 477.92 10.00 2349020
20.19 10.02 202.22 478.15 10.00 2349040
20.19 9.96 201.06 478.95 10.00 2349060
20.19 9.96 201.06 479.78 10.00 2349080
20.19 9.96 201.06 480.07 10.00 2349100
20.19 9.96 201.06 481.32 10.00 2349120
20.19 9.93 200.42 481.80 10.00 2349140
20.19 9.93 200.42 482.51 10.00 2349160
20.19 9.93 200.42 482.93 10.00 2349180
20.19 9.95 200.92 484.11 10.00 2349200
20.19 9.95 200.92 484.55 10.00 2349220
20.19 9.95 200.92 485.13 10.00 2349240
20.19 9.95 200.92 485.37 10.00 2349260
20.19 9.89 199.67 486.52 10.00 2349280
20.19 9.89 199.67 486.87 10.00 2349300
20.19 9.89 199.67 487.76 10.00 2349320
20.19 9.89 199.67 488.27 10.00 2349340
20.19 9.87 199.28 488.97 10.00 2349360
20.19 9.87 199.28 489.54 10.00 2349380
20.19 9.87 199.28 490.36 10.00 2349400
20.19 9.80 197.91 490.47 10.00 2349420
20.19 9.80 197.91 491.37 10.00 2349440
20.19 9.80 197.91 492.38 10.00 2349460
20.19 9.80 197.91 492.95 10.00 2349480
20.19 9.88 199.41 493.37 10.00 2349500
20.19 9.88 199.41 493.97 10.00 2349520
20.19 9.88 199.41 495.20 10.00 2349540
20.19 9.93 200.56 495.23 10.00 2349560
20.19 9.93 200.56 496.17 10.00 2349580
20.19 9.93 200.56 496.33 10.00 2349600
20.19 9.93 200.56 497.48 10.00 2349620
20.19 9.88 199.52 497.95 10.00 2349640
20.19 9.88 199.52 498.50 10.00 2349660
20.19 9.88 199.52 499.26 10.00 2349680
20.19 9.88 199.52 499.98 10.00 2349700
20.19 9.90 199.82 500.80 10.00 2349720
20.19 9.90 199.82 500.84 10.00 2349740
20.19 9.90 199.82 502.29 10.00 2349760
20.19 9.95 200.87 502.47 10.00 2349780
20.19 9.95 200.87 503.12 10.00 2349800
20.19 9.95 200.87 503.87 10.00 2349820
20.19 9.95 200.87 504.48 10.00 2349840
20.19 9.98 201.53 505.10 10.00 2349860
20.19 9.98 201.53 505.57 10.00 2349880
20.19 9.98 201.53 506.05 10.00 2349900
20.19 9.95 200.97 506.80 10.00 2349920
20.19 9.95 200.97 507.60 10.00 2349940
20.19 9.95 200.97 508.49 10.00 2349960
20.19 9.95 200.97 508.87 10.00 2349980
20.19 9.97 201.38 509.41 10.00 2350000
20.19 9.97 201.38 509.88 10.00 2350020
20.19 9.97 201.38 510.81 10.00 2350040
20.19 9.97 201.38 511.30 10.00 2350060
20.19 9.95 200.90 511.66 10.00 2350080
20.19 9.95 200.90 512.66 10.00 2350100
20.19 9.95 200.90 513.16 10.00 2350120
20.19 9.98 201.47 513.95 10.00 2350140
20.19 9.98 201.47 514.32 10.00 2350160
20.19 9.98 201.47 515.10 10.00 2350180
20.19 9.98 201.47 515.70 10.00 2350200
20.19 9.96 201.12 516.39 10.00 2350220
20.19 9.96 201.12 517.41 10.00 2350240
20.19 9.96 201.12 517.39 10.00 2350260
20.19 9.96 201.12 518.13 10.00 2350280
20.18 10.00 201.85 518.91 10.00 2350300
20.18 10.00 201.85 519.62 10.00 2350320
20.18 10.00 201.85 519.92 10.00 2350340
20.19 9.97 201.36 520.62 10.00 2350360
20.19 9.97 201.36 521.68 10.00 2350380
20.19 9.97 201.36 522.08 10.00 2350400
20.19 9.97 201.36 522.59 10.00 2350420
20.19 9.94 200.66 523.16 10.00 2350440
20.19 9.94 200.66 523.12 10.00 2350460
20.19 9.94 200.66 524.30 10.00 2350480
20.19 9.92 200.22 525.37 10.00 2350500
20.19 9.92 200.22 525.76 10.00 2350520
20.19 9.92 200.22 526.61 10.00 2350540
20.19 9.92 200.22 526.86 10.00 2350560
20.19 9.87 199.26 526.96 10.00 2350580
20.19 9.87 199.26 528.05 10.00 2350600
20.19 9.87 199.26 528.60 10.00 2350620
20.19 9.87 199.26 529.47 10.00 2350640
20.19 9.92 200.27 530.00 10.00 2350660
20.19 9.92 200.27 530.60 10.00 2350680
20.19 9.92 200.27 531.30 10.00 2350700
20.19 9.97 201.27 531.39 10.00 2350720
20.19 9.97 201.27 532.59 10.00 2350740
20.19 9.97 201.27 532.85 10.00 2350760
20.19 9.97 201.27 533.77 10.00 2350780
20.19 9.91 200.17 534.32 10.00 2350800
20.19 9.91 200.17 534.31 10.00 2350820
20.19 9.91 200.17 535.28 10.00 2350840
20.19 9.91 200.17 535.80 10.00 2350860
20.19 9.93 200.46 536.74 10.00 2350880
20.19 9.93 200.46 537.20 10.00 2350900
20.19 9.93 200.46 537.92 10.00 2350920
20.19 9.88 199.41 538.12 10.00 2350940
20.19 9.88 199.41 538.89 10.00 2350960
20.19 9.88 199.41 539.53 10.00 2350980
20.19 9.88 199.41 540.40 10.00 2351000
20.19 9.98 201.51 541.01 10.00 2351020
20.19 9.98 201.51 540.98 10.00 2351040
20.19 9.98 201.51 541.84 10.00 2351060
20.19 9.88 199.57 542.69 10.00 2351080
20.19 9.88 199.57 543.14 10.00 2351100
20.19 9.88 199.57 543.37 10.00 2351120
20.19 9.88 199.57 544.59 10.00 2351140
20.19 9.93 200.47 544.93 10.00 2351160
20.19 9.93 200.47 545.86 10.00 2351180
20.19 9.93 200.47 546.04 10.00 2351200
20.19 9.93 200.47 547.07 10.00 2351220
20.19 9.90 199.94 547.50 10.00 2351240
20.19 9.90 199.94 548.42 10.00 2351260
20.19 9.90 199.94 548.65 10.00 2351280
20.19 9.90 199.86 549.28 10.00 2351300
20.19 9.90 199.86 549.91 10.00 2351320
20.19 9.90 199.86 549.89 10.00 2351340
20.19 9.90 199.86 551.27 10.00 2351360
20.19 9.93 200.51 551.85 10.00 2351380
20.19 9.93 200.51 552.00 10.00 2351400
20.19 9.93 200.51 552.63 10.00 2351420
20.19 10.02 202.22 553.57 10.00 2351440
20.19 10.02 202.22 553.84 10.00 2351460
20.19 10.02 202.22 554.52 10.00 2351480
20.19 10.02 202.22 554.98 10.00 2351500
20.19 10.00 201.81 555.97 10.00 2351520
20.19 10.00 201.81 556.24 10.00 2351540
20.19 10.00 201.81 557.20 10.00 2351560
20.19 10.00 201.81 557.94 10.00 2351580
20.19 9.95 200.87 558.30 10.00 2351600
20.19 9.95 200.87 558.90 10.00 2351620
20.19 9.95 200.87 559.36 10.00 2351640
20.19 10.00 201.81 559.84 10.00 2351660
20.19 10.00 201.81 559.96 10.00 2351680
20.19 10.00 201.81 561.34 10.00 2351700
20.19 10.00 201.81 561.81 10.00 2351720
20.19 9.96 201.02 561.80 10.00 2351740
20.19 9.96 201.02 562.57 10.00 2351760
20.19 9.96 201.02 563.15 10.00 2351780
20.19 9.96 201.02 564.37 10.00 2351800
20.19 9.91 200.02 564.39 10.00 2351820
20.19 9.91 200.02 565.68 10.00 2351840
20.19 9.91 200.02 565.74 10.00 2351860
20.19 9.96 201.07 565.78 10.00 2351880
20.19 9.96 201.07 566.73 10.00 2351900
20.19 9.96 201.07 567.58 10.00 2351920
20.19 9.96 201.07 568.12 10.00 2351940
20.19 9.94 200.63 568.43 10.00 2351960
20.19 9.94 200.63 569.38 10.00 2351980
20.19 9.94 200.63 569.96 10.00 2352000
20.19 9.92 200.31 570.45 10.00 2352020
20.19 9.92 200.31 571.05 10.00 2352040
20.19 9.92 200.31 571.65 10.00 2352060
20.19 9.92 200.31 572.16 10.00 2352080
20.19 9.91 200.05 572.50 10.00 2352100
20.19 9.91 200.05 573.14 10.00 2352120
20.19 9.91 200.05 573.69 10.00 2352140
20.19 9.91 200.05 574.02 10.00 2352160
20.19 9.93 200.41 574.94 10.00 2352180
20.19 9.93 200.41 575.59 10.00 2352200
20.19 9.93 200.41 576.32 10.00 2352220
20.19 9.95 200.80 576.85 10.00 2352240
20.19 9.95 200.80 577.23 10.00 2352260
20.19 9.95 200.80 577.60 10.00 2352280
20.19 9.95 200.80 578.32 10.00 2352300
20.19 9.97 201.21 579.13 10.00 2352320
20.19 9.97 201.21 579.53 10.00 2352340
20.19 9.97 201.21 580.12 10.00 2352360
20.19 9.97 201.21 580.63 10.00 2352380
20.18 9.98 201.40 581.26 10.00 2352400
20.18 9.98 201.40 581.54 10.00 2352420
20.18 9.98 201.40 582.43 10.00 2352440
20.19 10.02 202.23 583.10 10.00 2352460
20.19 10.02 202.23 583.55 10.00 2352480
20.19 10.02 202.23 583.79 10.00 2352500
20.19 10.02 202.23 584.87 10.00 2352520
20.19 10.00 201.96 585.19 10.00 2352540
20.19 10.00 201.96 586.43 10.00 2352560
20.19 10.00 201.96 586.04 10.00 2352580
20.19 9.91 200.01 587.08 10.00 2352600
20.19 9.91 200.01 587.49 10.00 2352620
20.19 9.91 200.01 588.44 10.00 2352640
20.19 9.91 200.01 588.28 10.00 2352660
20.19 9.91 200.16 589.19 10.00 2352680
20.19 9.91 200.16 589.74 10.00 2352700
20.19 9.91 200.16 590.10 10.00 2352720
20.19 9.91 200.16 591.10 10.00 2352740
20.19 9.92 200.22 591.84 10.00 2352760
20.19 9.92 200.22 592.13 10.00 2352780
20.19 9.92 200.22 592.46 10.00 2352800
20.19 9.90 199.81 593.35 10.00 2352820
20.19 9.90 199.81 593.99 10.00 2352840
20.19 9.90 199.81 593.69 10.00 2352860
20.19 9.90 199.81 594.71 10.00 2352880
20.19 9.98 201.42 595.38 10.00 2352900
20.19 9.98 201.42 595.66 10.00 2352920
20.19 9.98 201.42 595.83 10.00 2352940
20.19 9.92 200.31 597.26 10.00 2352960
20.19 9.92 200.31 597.51 10.00 2352980
20.19 9.92 200.31 597.99 10.00 2353000
20.19 9.92 200.31 598.56 10.00 2353020
20.19 9.98 201.53 599.40 10.00 2353040
20.19 9.98 201.53 600.11 10.00 2353060
20.19 9.98 201.53 600.40 10.00 2353080
20.19 9.98 201.53 600.81 10.00 2353100
20.19 10.01 202.22 601.60 10.00 2353120
20.19 10.01 202.22 602.59 10.00 2353140
20.19 10.01 202.22 602.05 10.00 2353160
20.19 9.91 200.06 603.09 10.00 2353180
20.19 9.91 200.06 603.51 10.00 2353200
20.19 9.91 200.06 604.36 10.00 2353220
20.19 9.91 200.06 604.36 10.00 2353240
20.19 9.87 199.31 605.43 10.00 2353260
20.19 9.87 199.31 605.68 10.00 2353280
20.19 9.87 199.31 606.66 10.00 2353300
20.19 9.87 199.31 606.52 10.00 2353320
20.19 9.85 198.95 608.25 10.00 2353340
20.19 9.85 198.95 608.02 10.00 2353360
20.19 9.85 198.95 608.57 10.00 2353380
20.19 9.86 199.10 609.04 10.00 2353400
20.19 9.86 199.10 609.61 10.00 2353420
20.19 9.86 199.10 610.12 10.00 2353440
20.19 9.86 199.10 611.10 10.00 2353460
20.19 9.87 199.21 611.25 10.00 2353480
20.19 9.87 199.21 611.91 10.00 2353500
20.19 9.87 199.21 612.18 10.00 2353520
20.19 9.87 199.30 613.15 10.00 2353540
20.19 9.87 199.30 613.16 10.00 2353560
20.19 9.87 199.30 613.89 10.00 2353580
20.19 9.87 199.30 614.58 10.00 2353600
20.19 9.83 198.42 615.38 10.00 2353620
20.19 9.83 198.42 615.49 10.00 2353640
20.19 9.83 198.42 615.47 10.00 2353660
20.19 9.83 198.42 616.85 10.00 2353680
20.19 9.89 199.67 617.13 10.00 2353700
20.19 9.89 199.67 617.51 10.00 2353720
20.19 9.89 199.67 618.10 10.00 2353740
20.19 9.82 198.25 619.02 10.00 2353760
20.19 9.82 198.25 619.41 10.00 2353780
20.19 9.82 198.25 619.75 10.00 2353800
20.19 9.82 198.25 620.48 10.00 2353820
20.19 9.91 200.01 620.61 10.00 2353840
20.19 9.91 200.01 620.80 10.00 2353860
20.19 9.91 200.01 622.08 10.00 2353880
20.19 9.91 200.01 622.90 10.00 2353900
20.19 9.85 198.86 622.99 10.00 2353920
20.19 9.85 198.86 623.61 10.00 2353940
20.19 9.85 198.86 624.22 10.00 2353960
20.19 9.86 199.16 625.00 10.00 2353980
20.19 9.86 199.16 625.20 10.00 2354000
20.19 9.86 199.16 625.87 10.00 2354020
20.19 9.86 199.16 625.80 10.00 2354040
20.19 9.91 200.01 627.29 10.00 2354060
20.19 9.91 200.01 627.68 10.00 2354080
20.19 9.91 200.01 627.77 10.00 2354100
20.19 9.94 200.70 628.23 10.00 2354120
20.19 9.94 200.70 628.57 10.00 2354140
20.19 9.94 200.70 630.00 10.00 2354160
20.19 9.94 200.70 629.76 10.00 2354180
20.19 9.93 200.42 630.51 10.00 2354200
20.19 9.93 200.42 630.88 10.00 2354220
20.19 9.93 200.42 631.59 10.00 2354240
20.19 9.93 200.42 631.70 10.00 2354260
20.19 9.90 199.81 632.94 10.00 2354280
20.19 9.90 199.81 633.05 10.00 2354300
20.19 9.90 199.81 633.91 10.00 2354320
20.19 9.89 199.62 634.56 10.00 2354340
20.19 9.89 199.62 634.49 10.00 2354360
20.19 9.89 199.62 635.07 10.00 2354380
20.19 9.89 199.62 636.05 10.00 2354400
20.19 9.91 200.01 635.84 10.00 2354420
20.19 9.91 200.01 636.40 10.00 2354440
20.19 9.91 200.01 637.36 10.00 2354460
20.19 9.85 198.96 637.96 10.00 2354480
20.19 9.85 198.96 638.31 10.00 2354500
20.19 9.85 198.96 639.22 10.00 2354520
20.19 9.85 198.96 639.56 10.00 2354540
20.19 9.89 199.67 639.81 10.00 2354560
20.19 9.89 199.67 640.64 10.00 2354580
20.19 9.89 199.67 641.14 10.00 2354600
20.19 9.89 199.67 641.53 10.00 2354620
20.19 9.94 200.61 642.14 10.00 2354640
20.19 9.94 200.61 642.24 10.00 2354660
20.19 9.94 200.61 643.27 10.00 2354680
20.19 9.97 201.27 643.58 10.00 2354700
20.19 9.97 201.27 644.52 10.00 2354720
20.19 9.97 201.27 644.77 10.00 2354740
20.19 9.97 201.27 645.07 10.00 2354760
20.19 9.94 200.76 646.36 10.00 2354780
20.19 9.94 200.76 646.25 10.00 2354800
20.19 9.94 200.76 646.17 10.00 2354820
20.19 9.94 200.76 647.55 10.00 2354840
20.19 9.93 200.56 647.96 10.00 2354860
20.19 9.93 200.56 648.22 10.00 2354880
20.19 9.93 200.56 648.70 10.00 2354900
20.19 9.96 201.02 649.72 10.00 2354920
20.19 9.96 201.02 650.08 10.00 2354940
20.19 9.96 201.02 650.29 10.00 2354960
20.19 9.96 201.02 650.89 10.00 2354980
20.19 9.92 200.26 651.56 10.00 2355000
20.19 9.92 200.26 652.64 10.00 2355020
20.19 9.92 200.26 652.55 10.00 2355040
20.19 9.86 199.07 652.79 10.00 2355060
20.19 9.86 199.07 653.53 10.00 2355080
20.19 9.86 199.07 654.24 10.00 2355100
20.19 9.86 199.07 654.73 10.00 2355120
20.19 9.90 199.86 654.93 10.00 2355140
20.19 9.90 199.86 655.34 10.00 2355160
20.19 9.90 199.86 656.53 10.00 2355180
20.19 9.90 199.86 656.79 10.00 2355200
20.19 9.89 199.76 657.48 10.00 2355220
20.19 9.89 199.76 657.56 10.00 2355240
20.19 9.89 199.76 658.36 10.00 2355260
20.19 9.88 199.46 658.82 10.00 2355280
20.19 9.88 199.46 659.88 10.00 2355300
20.19 9.88 199.46 660.25 10.00 2355320
20.19 9.88 199.46 660.55 10.00 2355340
20.19 9.90 199.91 660.44 10.00 2355360
20.19 9.90 199.91 660.67 10.00 2355380
20.19 9.90 199.91 661.91 10.00 2355400
20.19 9.90 199.91 662.37 10.00 2355420
20.19 9.89 199.76 662.95 10.00 2355440
20.19 9.89 199.76 663.53 10.00 2355460
20.19 9.89 199.76 663.68 10.00 2355480
20.19 9.85 198.95 664.30 10.00 2355500
20.19 9.85 198.95 664.86 10.00 2355520
20.19 9.85 198.95 665.51 10.00 2355540
20.19 9.85 198.95 665.81 10.00 2355560
20.19 9.90 199.97 666.37 10.00 2355580
20.19 9.90 199.97 666.99 10.00 2355600
20.19 9.90 199.97 667.22 10.00 2355620
20.19 9.94 200.66 668.01 10.00 2355640
20.19 9.94 200.66 667.94 10.00 2355660
20.19 9.94 200.66 669.17 10.00 2355680
20.19 9.94 200.66 669.23 10.00 2355700
20.19 9.92 200.22 670.14 10.00 2355720
20.19 9.92 200.22 670.38 10.00 2355740
20.19 9.92 200.22 671.16 10.00 2355760
20.19 9.92 200.22 671.23 10.00 2355780
20.18 9.98 201.40 671.94 10.00 2355800
20.18 9.98 201.40 672.50 10.00 2355820
20.18 9.98 201.40 672.48 10.00 2355840
20.19 9.95 200.92 673.62 10.00 2355860
20.19 9.95 200.92 673.54 10.00 2355880
20.19 9.95 200.92 674.37 10.00 2355900
20.19 9.95 200.92 675.29 10.00 2355920
20.19 9.97 201.36 674.47 10.00 2355940
20.19 9.97 201.36 675.99 10.00 2355960
20.19 9.97 201.36 676.12 10.00 2355980
20.19 9.93 200.58 676.25 10.00 2356000
20.19 9.93 200.58 676.66 10.00 2356020
20.19 9.93 200.58 678.07 10.00 2356040
20.19 9.93 200.58 678.29 10.00 2356060
20.19 9.88 199.46 678.79 10.00 2356080
20.19 9.88 199.46 679.21 10.00 2356100
20.19 9.88 199.46 679.87 10.00 2356120
20.19 9.88 199.46 680.18 10.00 2356140
20.19 9.90 199.82 680.39 10.00 2356160
20.19 9.90 199.82 681.37 10.00 2356180
20.19 9.90 199.82 681.64 10.00 2356200
20.19 9.88 199.57 682.35 10.00 2356220
20.19 9.88 199.57 682.85 10.00 2356240
20.19 9.88 199.57 683.36 10.00 2356260
20.19 9.88 199.57 683.79 10.00 2356280
20.19 9.95 200.92 684.47 10.00 2356300
20.19 9.95 200.92 684.51 10.00 2356320
20.19 9.95 200.92 684.99 10.00 2356340
20.19 9.95 200.92 685.19 10.00 2356360
20.19 9.98 201.46 686.14 10.00 2356380
20.19 9.98 201.46 686.73 10.00 2356400
20.19 9.98 201.46 687.30 10.00 2356420
20.19 9.88 199.50 687.88 10.00 2356440
20.19 9.88 199.50 688.74 10.00 2356460
20.19 9.88 199.50 688.64 10.00 2356480
20.19 9.88 199.50 689.05 10.00 2356500
20.19 9.91 200.12 689.16 10.00 2356520
20.19 9.91 200.12 690.11 10.00 2356540
20.19 9.91 200.12 690.95 10.00 2356560
20.19 9.93 200.41 691.78 10.00 2356580
20.19 9.93 200.41 691.59 10.00 2356600
20.19 9.93 200.41 692.36 10.00 2356620
20.19 9.93 200.41 692.72 10.00 2356640
20.19 9.85 198.82 693.10 10.00 2356660
20.19 9.85 198.82 693.54 10.00 2356680
20.19 9.85 198.82 694.06 10.00 2356700
20.19 9.85 198.82 694.52 10.00 2356720
20.19 9.84 198.66 695.28 10.00 2356740
20.19 9.84 198.66 695.18 10.00 2356760
20.19 9.84 198.66 696.15 10.00 2356780
20.19 9.85 198.87 696.41 10.00 2356800
20.19 9.85 198.87 696.83 10.00 2356820
20.19 9.85 198.87 697.76 10.00 2356840
20.19 9.85 198.87 697.76 10.00 2356860
20.19 9.87 199.21 698.44 10.00 2356880
20.19 9.87 199.21 699.05 10.00 2356900
20.19 9.87 199.21 699.17 10.00 2356920
20.19 9.93 200.58 699.84 10.00 2356940
20.19 9.93 200.60 700.12 10.00 2356960
20.19 9.93 200.60 700.87 10.00 2356980
20.19 9.93 200.60 701.71 10.00 2357000
20.19 10.02 202.40 701.56 10.00 2357020
20.19 10.02 202.40 702.67 10.00 2357040
20.19 10.02 202.40 702.38 10.00 2357060
20.19 10.02 202.40 702.66 10.00 2357080
20.19 9.92 200.21 703.87 10.00 2357100
20.19 9.92 200.21 703.89 10.00 2357120
20.19 9.92 200.21 704.76 10.00 2357140
20.19 9.86 199.10 705.18 10.00 2357160
20.19 9.86 199.10 705.51 10.00 2357180
20.19 9.86 199.10 706.46 10.00 2357200
20.19 9.86 199.10 706.51 10.00 2357220
20.19 9.92 200.21 707.85 10.00 2357240
20.19 9.92 200.21 708.13 10.00 2357260
20.19 9.92 200.21 707.94 10.00 2357280
20.19 9.92 200.21 708.67 10.00 2357300
20.19 9.91 200.11 709.42 10.00 2357320
20.19 9.91 200.11 709.40 10.00 2357340
20.19 9.91 200.11 710.52 10.00 2357360
20.19 9.96 201.17 710.59 10.00 2357380
20.19 9.96 201.17 710.93 10.00 2357400
20.19 9.96 201.17 711.63 10.00 2357420
20.19 9.96 201.17 712.31 10.00 2357440
20.19 9.90 199.96 712.06 10.00 2357460
20.19 9.90 199.96 712.97 10.00 2357480
20.19 9.90 199.96 713.47 10.00 2357500
20.19 9.92 200.37 713.72 10.00 2357520
20.19 9.92 200.37 714.55 10.00 2357540
20.19 9.92 200.37 715.23 10.00 2357560
20.19 9.92 200.37 714.75 10.00 2357580
20.19 9.89 199.62 716.02 10.00 2357600
20.19 9.89 199.62 716.26 10.00 2357620
20.19 9.89 199.62 716.85 10.00 2357640
20.19 9.89 199.62 716.57 10.00 2357660
20.19 9.99 201.76 718.06 10.00 2357680
20.19 9.99 201.76 717.75 10.00 2357700
20.19 9.99 201.76 718.24 10.00 2357720
20.19 9.95 200.87 719.61 10.00 2357740
20.19 9.95 200.87 719.42 10.00 2357760
20.19 9.95 200.87 719.86 10.00 2357780
20.19 9.95 200.87 720.51 10.00 2357800
20.18 9.99 201.60 721.18 10.00 2357820
20.18 9.99 201.60 721.55 10.00 2357840
20.18 9.99 201.60 722.20 10.00 2357860
20.18 9.99 201.60 722.56 10.00 2357880
20.23 9.05 183.15 722.54 10.00 2357900
20.23 9.05 183.15 723.07 10.00 2357920
20.23 9.05 183.15 723.69 10.00 2357940
20.36 2.43 49.52 722.99 10.00 2357960
20.36 2.43 49.52 723.56 10.00 2357980
20.36 2.43 49.52 723.75 10.00 2358000
20.36 2.43 49.52 723.59 10.00 2358020
20.28 4.84 98.17 723.81 10.00 2358040
20.28 4.84 98.17 724.32 10.00 2358060
20.28 4.84 98.17 724.87 10.00 2358080
20.25 6.58 133.25 724.06 10.00 2358100
20.25 6.58 133.25 724.73 10.00 2358120
20.25 6.58 133.25 725.54 10.00 2358140
20.25 6.58 133.25 725.92 10.00 2358160
20.24 7.33 148.48 725.70 10.00 2358180
20.24 7.33 148.48 726.53 10.00 2358200
20.24 7.33 148.48 726.41 10.00 2358220
20.24 7.33 148.48 727.33 10.00 2358240
20.23 7.67 155.11 727.59 10.00 2358260
20.23 7.67 155.11 727.63 10.00 2358280
20.23 7.67 155.11 727.80 10.00 2358300
20.22 8.37 169.30 728.67 10.00 2358320
20.22 8.37 169.30 728.78 10.00 2358340
20.22 8.37 169.30 729.68 10.00 2358360
20.22 8.37 169.30 729.36 10.00 2358380
20.22 8.22 166.19 730.02 10.00 2358400
20.22 8.22 166.19 730.65 10.00 2358420
20.22 8.22 166.19 731.25 10.00 2358440
20.22 8.13 164.37 731.36 10.00 2358460
20.22 8.13 164.37 731.74 10.00 2358480
20.22 8.13 164.37 732.14 10.00 2358500
20.22 8.13 164.37 732.00 10.00 2358520
20.23 8.04 162.68 733.05 10.00 2358540
20.23 8.04 162.68 732.91 10.00 2358560
20.23 8.04 162.68 733.46 10.00 2358580
20.23 8.04 162.68 733.51 10.00 2358600
20.23 7.92 160.23 733.84 10.00 2358620
20.23 7.92 160.23 734.77 10.00 2358640
20.23 7.92 160.23 735.29 10.00 2358660
20.23 7.80 157.91 734.99 10.00 2358680
20.23 7.80 157.91 735.72 10.00 2358700
20.23 7.80 157.91 736.12 10.00 2358720
20.23 7.80 157.91 736.33 10.00 2358740
20.23 7.76 157.06 736.93 10.00 2358760
20.23 7.76 157.06 737.60 10.00 2358780
20.23 7.76 157.06 737.88 10.00 2358800
20.23 7.76 157.06 737.82 10.00 2358820
20.24 7.62 154.31 737.66 10.00 2358840
20.24 7.62 154.31 738.89 10.00 2358860
20.24 7.62 154.31 738.77 10.00 2358880
20.24 7.51 152.04 739.33 10.00 2358900
20.24 7.51 152.04 740.38 10.00 2358920
20.24 7.51 152.04 739.85 10.00 2358940
20.24 7.51 152.04 740.61 10.00 2358960
20.24 7.44 150.69 740.58 10.00 2358980
20.24 7.44 150.69 741.17 10.00 2359000
20.24 7.44 150.69 740.95 10.00 2359020
20.24 7.32 148.21 741.49 10.00 2359040
20.24 7.32 148.21 742.02 10.00 2359060
20.24 7.32 148.21 742.55 10.00 2359080
20.24 7.32 148.21 742.62 10.00 2359100
20.24 7.23 146.35 743.36 10.00 2359120
20.24 7.23 146.35 742.98 10.00 2359140
20.24 7.23 146.35 743.34 10.00 2359160
20.24 7.23 146.35 743.82 10.00 2359180
20.25 7.15 144.77 744.43 10.00 2359200
20.25 7.15 144.77 744.72 10.00 2359220
20.25 7.15 144.77 744.95 10.00 2359240
20.25 7.08 143.30 744.88 10.00 2359260
20.25 7.08 143.30 745.61 10.00 2359280
20.25 7.08 143.30 745.84 10.00 2359300
20.25 7.08 143.30 746.32 10.00 2359320
20.25 6.96 141.05 746.59 10.00 2359340
20.25 6.96 141.05 746.45 10.00 2359360
20.25 6.96 141.05 747.52 10.00 2359380
20.25 6.96 141.05 747.23 10.00 2359400
20.25 6.90 139.83 747.84 10.00 2359420
20.25 6.90 139.83 748.13 10.00 2359440
20.25 6.90 139.83 748.00 10.00 2359460
20.25 6.80 137.68 748.42 10.00 2359480
20.25 6.80 137.68 749.56 10.00 2359500
20.25 6.80 137.68 748.91 10.00 2359520
20.25 6.80 137.68 749.56 10.00 2359540
20.25 6.71 136.01 749.91 10.00 2359560
20.25 6.71 136.01 749.98 10.00 2359580
20.25 6.71 136.01 751.03 10.00 2359600
20.26 6.66 134.86 750.50 10.00 2359620
20.26 6.66 134.86 751.24 10.00 2359640
20.26 6.66 134.86 750.75 10.00 2359660
20.26 6.66 134.86 751.43 10.00 2359680
20.26 6.56 132.85 752.35 10.00 2359700
20.26 6.56 132.85 752.30 10.00 2359720
20.26 6.56 132.85 752.05 10.00 2359740
20.26 6.56 132.85 752.88 10.00 2359760
20.26 6.47 131.08 752.75 10.00 2359780
20.26 6.47 131.08 753.22 10.00 2359800
20.26 6.47 131.08 754.42 10.00 2359820
20.26 6.39 129.48 753.87 10.00 2359840
20.26 6.39 129.48 754.24 10.00 2359860
20.26 6.39 129.48 754.57 10.00 2359880
20.26 6.39 129.48 754.93 10.00 2359900
20.26 6.33 128.32 754.94 10.00 2359920
20.26 6.33 128.32 755.64 10.00 2359940
20.26 6.33 128.32 756.04 10.00 2359960
20.26 6.20 125.74 755.74 10.00 2359980
20.27 6.20 125.75 755.89 10.00 2360000
20.27 6.20 125.75 756.28 10.00 2360020
20.27 6.20 125.75 756.47 10.00 2360040
20.27 6.17 124.99 757.37 10.00 2360060
20.27 6.17 124.99 756.83 10.00 2360080
20.27 6.17 124.99 757.40 10.00 2360100
20.27 6.17 124.99 757.77 10.00 2360120
20.27 6.10 123.74 758.10 10.00 2360140
20.27 6.10 123.74 758.44 10.00 2360160
20.27 6.10 123.74 758.81 10.00 2360180
20.27 6.03 122.23 759.60 10.00 2360200
20.27 6.03 122.23 759.46 10.00 2360220
20.27 6.03 122.23 759.21 10.00 2360240
20.27 6.03 122.23 759.14 10.00 2360260
20.27 5.96 120.77 759.73 10.00 2360280
20.27 5.96 120.77 760.13 10.00 2360300
20.27 5.96 120.77 760.52 10.00 2360320
20.27 5.96 120.77 760.40 10.00 2360340
20.27 5.91 119.92 760.73 10.00 2360360
20.27 5.91 119.92 761.04 10.00 2360380
20.27 5.91 119.92 761.21 10.00 2360400
20.28 5.78 117.15 761.57 10.00 2360420
20.28 5.78 117.15 761.36 10.00 2360440
20.28 5.78 117.15 762.48 10.00 2360460
20.28 5.78 117.15 762.33 10.00 2360480
20.27 5.77 117.04 762.21 10.00 2360500
20.27 5.77 117.04 762.79 10.00 2360520
20.27 5.77 117.04 763.32 10.00 2360540
20.28 5.69 115.43 763.52 10.00 2360560
20.28 5.69 115.43 763.41 10.00 2360580
20.28 5.69 115.43 763.96 10.00 2360600
20.28 5.69 115.43 764.45 10.00 2360620
20.28 5.59 113.30 765.60 10.00 2360640
20.28 5.59 113.30 764.35 10.00 2360660
20.28 5.59 113.30 764.60 10.00 2360680
20.28 5.59 113.30 764.95 10.00 2360700
20.28 5.54 112.45 765.76 10.00 2360720
20.28 5.54 112.45 765.62 10.00 2360740
20.28 5.54 112.45 765.42 10.00 2360760
20.28 5.52 112.00 766.05 10.00 2360780
20.28 5.52 112.00 766.33 10.00 2360800
20.28 5.52 112.00 766.49 10.00 2360820
20.28 5.52 112.00 766.84 10.00 2360840
20.28 5.42 109.93 766.93 10.00 2360860
20.28 5.42 109.93 767.50 10.00 2360880
20.28 5.42 109.93 767.36 10.00 2360900
20.28 5.42 109.93 767.64 10.00 2360920
20.28 5.37 109.03 768.01 10.00 2360940
20.28 5.37 109.03 768.40 10.00 2360960
20.28 5.37 109.03 768.07 10.00 2360980
20.28 5.30 107.51 768.36 10.00 2361000
20.28 5.30 107.51 768.49 10.00 2361020
20.28 5.30 107.51 769.32 10.00 2361040
20.28 5.30 107.51 769.52 10.00 2361060
20.29 5.26 106.81 769.64 10.00 2361080
20.29 5.26 106.81 769.49 10.00 2361100
20.29 5.26 106.81 769.98 10.00 2361120
20.29 5.20 105.49 770.15 10.00 2361140
20.29 5.20 105.49 770.70 10.00 2361160
20.29 5.20 105.49 770.81 10.00 2361180
20.29 5.20 105.49 770.71 10.00 2361200
20.29 5.16 104.74 770.92 10.00 2361220
20.29 5.16 104.74 771.29 10.00 2361240
20.29 5.16 104.74 772.26 10.00 2361260
20.29 5.16 104.74 771.74 10.00 2361280
20.29 5.08 103.12 772.08 10.00 2361300
20.29 5.08 103.12 772.17 10.00 2361320
20.29 5.08 103.12 772.07 10.00 2361340
20.29 5.05 102.47 772.76 10.00 2361360
20.29 5.05 102.47 773.03 10.00 2361380
20.29 5.05 102.47 772.99 10.00 2361400
20.29 5.05 102.47 773.19 10.00 2361420
20.29 4.98 101.15 773.24 10.00 2361440
20.29 4.98 101.15 773.34 10.00 2361460
20.29 4.98 101.15 773.20 10.00 2361480
20.29 4.93 100.14 774.83 10.00 2361500
20.29 4.93 100.14 773.65 10.00 2361520
20.29 4.93 100.14 773.86 10.00 2361540
20.29 4.93 100.14 774.39 10.00 2361560
20.30 4.87 98.89 775.40 10.00 2361580
20.30 4.87 98.89 774.96 10.00 2361600
20.30 4.87 98.89 776.00 10.00 2361620
20.30 4.87 98.89 775.28 10.00 2361640
20.30 4.81 97.62 775.76 10.00 2361660
20.30 4.81 97.62 775.40 10.00 2361680
20.30 4.81 97.62 775.40 10.00 2361700
20.30 4.78 96.97 776.21 10.00 2361720
20.30 4.78 96.97 776.25 10.00 2361740
20.30 4.78 96.97 776.26 10.00 2361760
20.30 4.78 96.97 776.86 10.00 2361780
20.30 4.72 95.85 776.65 10.00 2361800
20.30 4.72 95.85 776.85 10.00 2361820
20.30 4.72 95.85 776.90 10.00 2361840
20.30 4.72 95.85 777.52 10.00 2361860
20.30 4.67 94.80 777.78 10.00 2361880
20.30 4.67 94.80 778.24 10.00 2361900
20.30 4.67 94.80 777.72 10.00 2361920
20.30 4.61 93.64 778.06 10.00 2361940
20.30 4.61 93.64 778.65 10.00 2361960
20.30 4.61 93.64 779.11 10.00 2361980
20.30 4.61 93.64 778.64 10.00 2362000
20.30 4.60 93.48 778.84 10.00 2362020
20.30 4.60 93.48 778.85 10.00 2362040
20.30 4.60 93.48 779.73 10.00 2362060
20.30 4.51 91.56 779.96 10.00 2362080
20.30 4.51 91.56 779.27 10.00 2362100
20.30 4.51 91.56 780.08 10.00 2362120
20.30 4.51 91.56 780.36 10.00 2362140
20.30 4.52 91.71 780.37 10.00 2362160
20.30 4.52 91.71 780.32 10.00 2362180
20.30 4.52 91.71 780.49 10.00 2362200
20.30 4.52 91.71 780.39 10.00 2362220
20.30 4.43 89.89 781.12 10.00 2362240
20.30 4.43 89.89 781.49 10.00 2362260
20.30 4.43 89.89 781.59 10.00 2362280
20.30 4.41 89.54 781.47 10.00 2362300
20.30 4.41 89.54 781.58 10.00 2362320
20.30 4.41 89.54 781.80 10.00 2362340
20.30 4.41 89.54 782.02 10.00 2362360
20.31 4.33 87.93 782.02 10.00 2362380
20.31 4.33 87.93 781.92 10.00 2362400
20.31 4.33 87.93 782.11 10.00 2362420
20.31 4.33 87.93 782.14 10.00 2362440
20.31 4.33 87.98 782.80 10.00 2362460
20.31 4.33 87.98 782.66 10.00 2362480
20.31 4.33 87.98 783.13 10.00 2362500
20.31 4.25 86.36 782.76 10.00 2362520
20.31 4.25 86.36 783.36 10.00 2362540
20.31 4.25 86.36 783.11 10.00 2362560
20.31 4.25 86.36 783.83 10.00 2362580
20.31 4.25 86.41 784.19 10.00 2362600
20.31 4.25 86.41 783.55 10.00 2362620
20.31 4.25 86.41 784.01 10.00 2362640
20.31 4.16 84.59 784.46 10.00 2362660
20.31 4.16 84.59 784.27 10.00 2362680
20.31 4.16 84.59 784.64 10.00 2362700
20.31 4.16 84.59 784.54 10.00 2362720
20.31 4.14 84.03 785.02 10.00 2362740
20.31 4.14 84.03 785.55 10.00 2362760
20.31 4.14 84.03 785.19 10.00 2362780
20.31 4.14 84.03 785.55 10.00 2362800
20.31 4.09 83.07 785.71 10.00 2362820
20.31 4.09 83.07 785.17 10.00 2362840
20.31 4.09 83.07 785.71 10.00 2362860
20.31 4.04 82.00 786.38 10.00 2362880
20.31 4.04 82.00 786.24 10.00 2362900
20.31 4.04 82.00 785.63 10.00 2362920
20.31 4.04 82.00 787.49 10.00 2362940
20.31 4.01 81.56 786.53 10.00 2362960
20.31 4.01 81.56 786.68 10.00 2362980
20.31 4.01 81.56 787.08 10.00 2363000
20.31 3.98 80.84 786.48 10.00 2363020
20.31 3.98 80.84 786.89 10.00 2363040
20.31 3.98 80.84 787.16 10.00 2363060
20.31 3.98 80.84 787.78 10.00 2363080
20.31 3.97 80.60 787.54 10.00 2363100
20.31 3.97 80.60 787.86 10.00 2363120
20.31 3.97 80.60 788.71 10.00 2363140
20.31 3.97 80.60 788.13 10.00 2363160
20.31 3.93 79.79 788.24 10.00 2363180
20.31 3.93 79.79 788.65 10.00 2363200
20.31 3.93 79.79 788.48 10.00 2363220
20.32 3.90 79.24 788.65 10.00 2363240
20.32 3.90 79.24 788.37 10.00 2363260
20.32 3.90 79.24 789.15 10.00 2363280
20.32 3.90 79.24 789.31 10.00 2363300
20.31 3.84 77.96 789.11 10.00 2363320
20.31 3.84 77.96 789.16 10.00 2363340
20.31 3.84 77.96 789.71 10.00 2363360
20.31 3.84 77.96 789.61 10.00 2363380
20.32 3.79 77.05 790.16 10.00 2363400
20.32 3.79 77.05 789.76 10.00 2363420
20.32 3.79 77.05 790.34 10.00 2363440
20.32 3.77 76.65 790.75 10.00 2363460
20.32 3.77 76.65 790.09 10.00 2363480
20.32 3.77 76.65 790.89 10.00 2363500
20.32 3.77 76.65 790.89 10.00 2363520
20.32 3.73 75.84 790.39 10.00 2363540
20.32 3.73 75.84 791.10 10.00 2363560
20.32 3.73 75.84 790.84 10.00 2363580
20.32 3.71 75.43 791.32 10.00 2363600
20.32 3.71 75.43 791.49 10.00 2363620
20.32 3.71 75.43 792.05 10.00 2363640
20.32 3.71 75.43 791.39 10.00 2363660
20.32 3.67 74.57 792.16 10.00 2363680
20.32 3.67 74.57 791.85 10.00 2363700
20.32 3.67 74.57 792.01 10.00 2363720
20.32 3.67 74.57 792.37 10.00 2363740
20.32 3.64 74.02 792.04 10.00 2363760
20.32 3.64 74.02 792.45 10.00 2363780
20.32 3.64 74.02 792.55 10.00 2363800
20.32 3.61 73.31 793.08 10.00 2363820
20.32 3.61 73.31 793.19 10.00 2363840
20.32 3.61 73.31 792.68 10.00 2363860
20.32 3.61 73.31 792.99 10.00 2363880
20.32 3.55 72.24 793.73 10.00 2363900
20.32 3.55 72.24 793.55 10.00 2363920
20.32 3.55 72.24 793.48 10.00 2363940
20.32 3.55 72.24 794.08 10.00 2363960
20.32 3.52 71.64 793.99 10.00 2363980
20.32 3.52 71.64 793.90 10.00 2364000
20.32 3.52 71.64 793.84 10.00 2364020
20.32 3.50 71.18 793.79 10.00 2364040
20.32 3.50 71.18 794.08 10.00 2364060
20.32 3.50 71.18 793.79 10.00 2364080
20.32 3.50 71.18 794.66 10.00 2364100
20.32 3.48 70.68 794.86 10.00 2364120
20.32 3.48 70.68 794.89 10.00 2364140
20.32 3.48 70.68 795.43 10.00 2364160
20.32 3.45 70.07 794.30 10.00 2364180
20.32 3.45 70.07 795.58 10.00 2364200
20.32 3.45 70.07 795.83 10.00 2364220
20.32 3.45 70.07 795.73 10.00 2364240
20.32 3.43 69.66 795.58 10.00 2364260
20.32 3.43 69.66 795.63 10.00 2364280
20.32 3.43 69.66 795.77 10.00 2364300
20.32 3.43 69.66 795.66 10.00 2364320
20.32 3.40 69.16 795.66 10.00 2364340
20.32 3.40 69.16 796.60 10.00 2364360
20.32 3.40 69.16 796.63 10.00 2364380
20.32 3.37 68.50 796.21 10.00 2364400
20.32 3.37 68.50 795.87 10.00 2364420
20.32 3.37 68.50 796.47 10.00 2364440
20.32 3.37 68.50 796.50 10.00 2364460
20.33 3.33 67.74 796.74 10.00 2364480
20.33 3.33 67.74 797.11 10.00 2364500
20.33 3.33 67.74 797.12 10.00 2364520
20.33 3.31 67.33 798.11 10.00 2364540
20.33 3.31 67.33 797.20 10.00 2364560
20.33 3.31 67.33 797.50 10.00 2364580
20.33 3.31 67.33 797.40 10.00 2364600
20.33 3.28 66.78 796.79 10.00 2364620
20.33 3.28 66.78 798.08 10.00 2364640
20.33 3.28 66.78 798.49 10.00 2364660
20.33 3.28 66.78 797.99 10.00 2364680
20.33 3.25 66.12 798.22 10.00 2364700
20.33 3.25 66.12 797.56 10.00 2364720
20.33 3.25 66.12 798.04 10.00 2364740
20.33 3.19 64.95 798.31 10.00 2364760
20.33 3.19 64.95 798.47 10.00 2364780
20.33 3.19 64.95 798.47 10.00 2364800
20.33 3.19 64.95 798.69 10.00 2364820
20.33 3.20 65.01 798.86 10.00 2364840
20.33 3.20 65.01 799.58 10.00 2364860
20.33 3.20 65.01 798.64 10.00 2364880
20.33 3.20 65.01 799.16 10.00 2364900
20.33 3.19 64.80 799.80 10.00 2364920
20.33 3.19 64.80 799.05 10.00 2364940
20.33 3.19 64.80 799.17 10.00 2364960
20.33 3.16 64.29 799.40 10.00 2364980
20.33 3.16 64.29 799.42 10.00 2365000
20.33 3.16 64.29 799.49 10.00 2365020
20.33 3.16 64.29 799.82 10.00 2365040
20.33 3.13 63.59 800.09 10.00 2365060
20.33 3.13 63.59 800.39 10.00 2365080
20.33 3.13 63.59 799.77 10.00 2365100
20.33 3.10 63.13 800.06 10.00 2365120
20.33 3.10 63.13 799.51 10.00 2365140
20.33 3.10 63.13 800.18 10.00 2365160
20.33 3.10 63.13 800.90 10.00 2365180
20.33 3.07 62.48 800.63 10.00 2365200
20.33 3.07 62.48 800.66 10.00 2365220
20.33 3.07 62.48 800.46 10.00 2365240
20.33 3.07 62.48 800.17 10.00 2365260
20.33 3.08 62.57 801.56 10.00 2365280
20.33 3.08 62.57 800.61 10.00 2365300
20.33 3.08 62.57 801.07 10.00 2365320
20.33 3.04 61.81 801.43 10.00 2365340
20.33 3.04 61.81 801.70 10.00 2365360
20.33 3.04 61.81 801.65 10.00 2365380
20.33 3.04 61.81 802.12 10.00 2365400
20.33 3.01 61.26 802.25 10.00 2365420
20.33 3.01 61.26 802.02 10.00 2365440
20.33 3.01 61.26 801.86 10.00 2365460
20.33 3.01 61.26 801.90 10.00 2365480
20.33 2.96 60.24 802.18 10.00 2365500
20.33 2.96 60.24 802.82 10.00 2365520
20.33 2.96 60.24 802.83 10.00 2365540
20.33 2.99 60.80 802.28 10.00 2365560
20.33 2.99 60.80 802.33 10.00 2365580
20.33 2.99 60.80 802.91 10.00 2365600
20.33 2.99 60.80 802.48 10.00 2365620
20.33 2.94 59.73 803.14 10.00 2365640
20.33 2.94 59.73 802.72 10.00 2365660
20.33 2.94 59.73 803.12 10.00 2365680
20.33 2.92 59.38 803.22 10.00 2365700
20.33 2.92 59.38 802.78 10.00 2365720
20.33 2.92 59.38 803.36 10.00 2365740
20.33 2.92 59.38 803.15 10.00 2365760
20.34 2.91 59.23 803.36 10.00 2365780
20.34 2.91 59.23 803.42 10.00 2365800
20.34 2.91 59.23 803.27 10.00 2365820
20.34 2.91 59.23 804.08 10.00 2365840
20.34 2.86 58.22 804.12 10.00 2365860
20.34 2.86 58.22 803.73 10.00 2365880
20.34 2.86 58.22 803.91 10.00 2365900
20.34 2.85 57.96 804.14 10.00 2365920
20.34 2.85 57.96 804.45 10.00 2365940
20.34 2.85 57.96 804.96 10.00 2365960
20.34 2.85 57.96 804.43 10.00 2365980
20.34 2.82 57.35 804.69 10.00 2366000
20.34 2.82 57.35 805.21 10.00 2366020
20.34 2.82 57.35 804.52 10.00 2366040
20.34 2.80 57.00 804.54 10.00 2366060
20.34 2.80 57.00 804.99 10.00 2366080
20.34 2.80 57.00 804.94 10.00 2366100
20.34 2.80 57.00 805.41 10.00 2366120
20.34 2.77 56.34 805.57 10.00 2366140
20.34 2.77 56.34 805.16 10.00 2366160
20.34 2.77 56.34 805.46 10.00 2366180
20.34 2.77 56.34 804.76 10.00 2366200
20.34 2.79 56.75 805.57 10.00 2366220
20.34 2.79 56.75 805.83 10.00 2366240
20.34 2.79 56.75 805.57 10.00 2366260
20.34 2.74 55.78 805.61 10.00 2366280
20.34 2.74 55.78 805.83 10.00 2366300
20.34 2.74 55.78 805.78 10.00 2366320
20.34 2.74 55.78 805.62 10.00 2366340
20.34 2.70 54.97 806.06 10.00 2366360
20.34 2.70 54.97 806.39 10.00 2366380
20.34 2.70 54.97 805.54 10.00 2366400
20.34 2.70 54.97 805.97 10.00 2366420
20.34 2.71 55.12 806.41 10.00 2366440
20.34 2.71 55.12 807.14 10.00 2366460
20.34 2.71 55.12 806.91 10.00 2366480
20.34 2.66 54.11 806.44 10.00 2366500
20.34 2.66 54.11 807.21 10.00 2366520
20.34 2.66 54.11 806.21 10.00 2366540
20.34 2.66 54.11 806.92 10.00 2366560
20.34 2.67 54.26 806.96 10.00 2366580
20.34 2.67 54.26 806.71 10.00 2366600
20.34 2.67 54.26 807.02 10.00 2366620
20.34 2.61 53.19 806.92 10.00 2366640
20.34 2.61 53.19 806.93 10.00 2366660
20.34 2.61 53.19 806.99 10.00 2366680
20.34 2.61 53.19 807.35 10.00 2366700
20.34 2.62 53.40 807.03 10.00 2366720
20.34 2.62 53.40 807.79 10.00 2366740
20.34 2.62 53.40 807.65 10.00 2366760
20.34 2.62 53.40 807.07 10.00 2366780
20.34 2.56 52.08 807.40 10.00 2366800
20.34 2.56 52.08 807.18 10.00 2366820
20.34 2.56 52.08 808.11 10.00 2366840
20.34 2.55 51.98 807.50 10.00 2366860
20.34 2.55 51.98 808.18 10.00 2366880
20.34 2.55 51.98 808.23 10.00 2366900
20.34 2.55 51.98 807.86 10.00 2366920
20.34 2.56 52.18 808.67 10.00 2366940
20.34 2.56 52.18 807.83 10.00 2366960
20.34 2.56 52.18 808.39 10.00 2366980
20.34 2.56 52.18 808.12 10.00 2367000
20.34 2.54 51.72 808.26 10.00 2367020
20.34 2.54 51.72 808.94 10.00 2367040
20.34 2.54 51.72 808.28 10.00 2367060
20.34 2.52 51.27 808.91 10.00 2367080
20.34 2.52 51.27 808.56 10.00 2367100
20.34 2.52 51.27 808.10 10.00 2367120
20.34 2.52 51.27 808.42 10.00 2367140
20.34 2.54 51.77 809.14 10.00 2367160
20.34 2.54 51.77 809.26 10.00 2367180
20.34 2.54 51.77 809.36 10.00 2367200
20.34 2.49 50.71 808.91 10.00 2367220
20.34 2.49 50.71 809.05 10.00 2367240
20.34 2.49 50.71 809.30 10.00 2367260
20.34 2.49 50.71 808.59 10.00 2367280
20.34 2.50 50.86 809.47 10.00 2367300
20.34 2.50 50.86 809.41 10.00 2367320
20.34 2.50 50.86 809.32 10.00 2367340
20.34 2.50 50.86 809.44 10.00 2367360
20.34 2.46 50.00 809.18 10.00 2367380
20.34 2.46 50.00 809.57 10.00 2367400
20.34 2.46 50.00 809.33 10.00 2367420
20.35 2.45 49.80 809.86 10.00 2367440
20.35 2.45 49.80 809.84 10.00 2367460
20.35 2.45 49.80 809.84 10.00 2367480
20.35 2.45 49.80 810.43 10.00 2367500
20.34 2.43 49.44 810.13 10.00 2367520
20.34 2.43 49.44 809.84 10.00 2367540
20.34 2.43 49.44 810.33 10.00 2367560
20.35 2.36 48.02 810.56 10.00 2367580
20.35 2.36 48.02 810.73 10.00 2367600
20.35 2.36 48.02 810.42 10.00 2367620
20.35 2.36 48.02 810.81 10.00 2367640
20.35 2.41 48.98 810.94 10.00 2367660
20.35 2.41 48.98 810.07 10.00 2367680
20.35 2.41 48.98 810.85 10.00 2367700
20.35 2.41 48.98 810.25 10.00 2367720
20.35 2.35 47.77 810.83 10.00 2367740
20.35 2.35 47.77 810.94 10.00 2367760
20.35 2.35 47.77 810.72 10.00 2367780
20.35 2.33 47.36 810.30 10.00 2367800
20.35 2.33 47.36 810.77 10.00 2367820
20.35 2.33 47.36 810.91 10.00 2367840
20.35 2.33 47.36 811.49 10.00 2367860
20.35 2.35 47.81 811.66 10.00 2367880
20.35 2.35 47.81 810.73 10.00 2367900
20.35 2.35 47.81 811.74 10.00 2367920
20.35 2.35 47.81 811.58 10.00 2367940
20.35 2.30 46.85 811.08 10.00 2367960
20.35 2.30 46.85 811.50 10.00 2367980
20.35 2.30 46.85 811.83 10.00 2368000
20.35 2.30 46.80 811.81 10.00 2368020
20.35 2.30 46.80 811.74 10.00 2368040
20.35 2.30 46.80 811.04 10.00 2368060
20.35 2.30 46.80 811.97 10.00 2368080
20.35 2.29 46.60 811.56 10.00 2368100
20.35 2.29 46.60 811.63 10.00 2368120
20.35 2.29 46.60 812.03 10.00 2368140
20.35 2.26 45.94 811.85 10.00 2368160
20.35 2.26 45.94 811.98 10.00 2368180
20.35 2.26 45.94 811.84 10.00 2368200
20.35 2.26 45.94 812.39 10.00 2368220
20.35 2.24 45.59 812.38 10.00 2368240
20.35 2.24 45.59 811.60 10.00 2368260
20.35 2.24 45.59 812.80 10.00 2368280
20.35 2.24 45.59 812.58 10.00 2368300
20.35 2.20 44.77 811.92 10.00 2368320
20.35 2.20 44.77 812.67 10.00 2368340
20.35 2.20 44.77 813.03 10.00 2368360
20.35 2.24 45.58 812.25 10.00 2368380
20.35 2.24 45.58 812.61 10.00 2368400
20.35 2.24 45.58 812.36 10.00 2368420
20.35 2.24 45.58 812.79 10.00 2368440
20.35 2.19 44.67 812.62 10.00 2368460
20.35 2.19 44.67 812.67 10.00 2368480
20.35 2.19 44.67 812.73 10.00 2368500
20.35 2.19 44.67 813.11 10.00 2368520
20.35 2.19 44.56 812.96 10.00 2368540
20.35 2.19 44.56 812.75 10.00 2368560
20.35 2.19 44.56 813.39 10.00 2368580
20.35 2.16 43.91 812.91 10.00 2368600
20.35 2.16 43.91 812.95 10.00 2368620
20.35 2.16 43.91 813.37 10.00 2368640
20.35 2.16 43.91 813.67 10.00 2368660
20.35 2.12 43.25 813.21 10.00 2368680
20.35 2.12 43.25 814.66 10.00 2368700
20.35 2.12 43.25 813.20 10.00 2368720
20.35 2.18 44.47 812.71 10.00 2368740
20.35 2.18 44.47 813.20 10.00 2368760
20.35 2.18 44.47 813.67 10.00 2368780
20.35 2.18 44.47 813.65 10.00 2368800
20.35 2.13 43.40 813.26 10.00 2368820
20.35 2.13 43.40 813.37 10.00 2368840
20.35 2.13 43.40 813.02 10.00 2368860
20.35 2.13 43.40 813.85 10.00 2368880
20.35 2.13 43.46 813.96 10.00 2368900
20.35 2.13 43.46 814.23 10.00 2368920
20.35 2.13 43.46 813.96 10.00 2368940
20.35 2.14 43.61 814.58 10.00 2368960
20.35 2.14 43.61 814.40 10.00 2368980
20.35 2.14 43.61 813.80 10.00 2369000
20.35 2.14 43.61 814.17 10.00 2369020
20.35 2.14 43.51 814.32 10.00 2369040
20.35 2.14 43.51 814.32 10.00 2369060
20.35 2.14 43.51 814.63 10.00 2369080
20.35 2.07 42.18 814.84 10.00 2369100
20.35 2.07 42.18 814.04 10.00 2369120
20.35 2.07 42.18 814.16 10.00 2369140
20.35 2.07 42.18 814.64 10.00 2369160
20.35 2.03 41.27 814.74 10.00 2369180
20.35 2.03 41.27 814.51 10.00 2369200
20.35 2.03 41.27 814.77 10.00 2369220
20.35 2.03 41.27 814.72 10.00 2369240
20.35 2.06 41.82 814.83 10.00 2369260
20.35 2.06 41.82 814.32 10.00 2369280
20.35 2.06 41.82 814.94 10.00 2369300
20.35 2.06 41.98 814.54 10.00 2369320
20.35 2.06 41.98 814.59 10.00 2369340
20.35 2.06 41.98 815.17 10.00 2369360
20.35 2.06 41.98 814.02 10.00 2369380
20.35 2.06 41.88 815.23 10.00 2369400
20.35 2.06 41.88 815.28 10.00 2369420
20.35 2.06 41.88 815.05 10.00 2369440
20.35 2.06 41.88 815.05 10.00 2369460
20.35 2.02 41.07 815.66 10.00 2369480
20.35 2.02 41.07 815.22 10.00 2369500
20.35 2.02 41.07 814.65 10.00 2369520
20.35 2.05 41.67 815.54 10.00 2369540
20.35 2.05 41.67 816.18 10.00 2369560
20.35 2.05 41.67 815.41 10.00 2369580
20.35 2.05 41.67 815.93 10.00 2369600
20.35 2.02 41.22 815.22 10.00 2369620
20.35 2.02 41.22 815.49 10.00 2369640
20.35 2.02 41.22 815.95 10.00 2369660
20.35 2.02 41.12 816.20 10.00 2369680
20.35 2.02 41.12 815.88 10.00 2369700
20.35 2.02 41.12 815.96 10.00 2369720
20.35 2.02 41.12 815.83 10.00 2369740
20.36 1.96 40.00 816.39 10.00 2369760
20.36 1.96 40.00 815.82 10.00 2369780
20.36 1.96 40.00 815.55 10.00 2369800
20.36 1.96 40.00 815.77 10.00 2369820
20.35 1.98 40.25 815.88 10.00 2369840
20.35 1.98 40.25 816.13 10.00 2369860
20.35 1.98 40.25 816.13 10.00 2369880
20.36 1.91 38.98 816.76 10.00 2369900
20.36 1.91 38.98 816.10 10.00 2369920
20.36 1.91 38.98 815.94 10.00 2369940
20.36 1.91 38.98 816.38 10.00 2369960
20.36 1.96 40.00 816.32 10.00 2369980
20.36 1.96 40.00 816.16 10.00 2370000
20.36 1.96 40.00 816.49 10.00 2370020
20.36 1.93 39.39 816.62 10.00 2370040
20.36 1.93 39.39 817.08 10.00 2370060
20.36 1.93 39.39 816.43 10.00 2370080
20.36 1.93 39.39 816.47 10.00 2370100
20.35 1.95 39.64 815.68 10.00 2370120
20.35 1.95 39.64 816.27 10.00 2370140
20.35 1.95 39.64 816.58 10.00 2370160
20.35 1.95 39.64 816.49 10.00 2370180
20.35 1.94 39.54 816.66 10.00 2370200
20.35 1.94 39.54 817.00 10.00 2370220
20.35 1.94 39.54 816.72 10.00 2370240
20.36 1.91 38.93 816.60 10.00 2370260
20.36 1.91 38.93 816.48 10.00 2370280
20.36 1.91 38.93 816.64 10.00 2370300
20.36 1.91 38.93 816.78 10.00 2370320
20.36 1.92 39.13 817.26 10.00 2370340
20.36 1.92 39.13 816.28 10.00 2370360
20.36 1.92 39.13 817.27 10.00 2370380
20.36 1.92 39.13 817.26 10.00 2370400
20.35 1.96 40.00 817.14 10.00 2370420
20.35 1.96 40.00 816.66 10.00 2370440
20.35 1.96 40.00 817.22 10.00 2370460
20.36 1.91 38.93 817.31 10.00 2370480
20.36 1.91 38.93 818.00 10.00 2370500
20.36 1.91 38.93 817.27 10.00 2370520
20.36 1.91 38.93 817.49 10.00 2370540
20.36 1.87 38.02 816.57 10.00 2370560
20.36 1.87 38.02 816.90 10.00 2370580
20.36 1.87 38.02 817.44 10.00 2370600
20.36 1.88 38.27 817.20 10.00 2370620
20.36 1.88 38.27 817.26 10.00 2370640
20.36 1.88 38.27 817.74 10.00 2370660
20.36 1.88 38.27 817.68 10.00 2370680
20.36 1.89 38.52 817.80 10.00 2370700
20.36 1.89 38.52 818.24 10.00 2370720
20.36 1.89 38.52 817.55 10.00 2370740
20.36 1.89 38.52 817.56 10.00 2370760
20.36 1.89 38.58 817.78 10.00 2370780
20.36 1.89 38.58 817.39 10.00 2370800
20.36 1.89 38.58 817.64 10.00 2370820
20.36 1.92 39.04 818.24 10.00 2370840
20.36 1.92 39.04 817.73 10.00 2370860
20.36 1.92 39.04 818.11 10.00 2370880
20.36 1.92 39.04 817.83 10.00 2370900
20.36 1.87 38.12 817.83 10.00 2370920
20.36 1.87 38.12 818.34 10.00 2370940
20.36 1.87 38.12 818.73 10.00 2370960
20.36 1.87 38.12 818.39 10.00 2370980
20.36 1.85 37.77 818.26 10.00 2371000
20.36 1.85 37.77 817.96 10.00 2371020
20.36 1.85 37.77 818.31 10.00 2371040
20.36 1.85 37.71 818.33 10.00 2371060
20.36 1.85 37.71 817.98 10.00 2371080
20.36 1.85 37.71 818.31 10.00 2371100
20.36 1.85 37.71 818.50 10.00 2371120
20.36 1.81 36.80 818.13 10.00 2371140
20.36 1.81 36.80 818.24 10.00 2371160
20.36 1.81 36.80 819.44 10.00 2371180
20.36 1.85 37.61 818.63 10.00 2371200
20.36 1.85 37.61 818.63 10.00 2371220
20.36 1.85 37.61 818.91 10.00 2371240
20.36 1.85 37.61 818.74 10.00 2371260
20.36 1.81 36.90 818.24 10.00 2371280
20.36 1.81 36.90 817.97 10.00 2371300
20.36 1.81 36.90 817.97 10.00 2371320
20.36 1.81 36.90 819.01 10.00 2371340
20.36 1.79 36.44 818.34 10.00 2371360
20.36 1.79 36.44 818.54 10.00 2371380
20.36 1.79 36.44 818.73 10.00 2371400
20.36 1.80 36.75 819.22 10.00 2371420
20.36 1.80 36.75 818.83 10.00 2371440
20.36 1.80 36.75 818.91 10.00 2371460
20.36 1.80 36.75 819.03 10.00 2371480
20.36 1.77 36.14 819.05 10.00 2371500
20.36 1.77 36.14 819.28 10.00 2371520
20.36 1.77 36.14 818.94 10.00 2371540
20.36 1.77 36.09 819.28 10.00 2371560
20.36 1.77 36.09 818.49 10.00 2371580
20.36 1.77 36.09 818.79 10.00 2371600
20.36 1.77 36.09 819.01 10.00 2371620
20.36 1.78 36.24 819.06 10.00 2371640
20.36 1.78 36.24 819.06 10.00 2371660
20.36 1.78 36.24 819.17 10.00 2371680
20.36 1.78 36.24 819.39 10.00 2371700
20.36 1.79 36.39 818.97 10.00 2371720
20.36 1.79 36.39 819.44 10.00 2371740
20.36 1.79 36.39 818.91 10.00 2371760
20.36 1.73 35.22 819.36 10.00 2371780
20.36 1.73 35.22 820.00 10.00 2371800
20.36 1.73 35.22 819.49 10.00 2371820
20.36 1.73 35.22 819.12 10.00 2371840
20.36 1.77 36.03 819.46 10.00 2371860
20.36 1.77 36.03 820.33 10.00 2371880
20.36 1.77 36.03 819.47 10.00 2371900
20.36 1.77 36.03 819.75 10.00 2371920
20.36 1.73 35.28 819.19 10.00 2371940
20.36 1.73 35.28 819.93 10.00 2371960
20.36 1.73 35.28 819.36 10.00 2371980
20.36 1.81 36.80 819.88 10.00 2372000
20.36 1.81 36.80 820.41 10.00 2372020
20.36 1.81 36.80 819.75 10.00 2372040
20.36 1.81 36.80 819.62 10.00 2372060
20.36 1.78 36.29 820.01 10.00 2372080
20.36 1.78 36.29 819.95 10.00 2372100
20.36 1.78 36.29 820.04 10.00 2372120
20.36 1.68 34.26 819.53 10.00 2372140
20.36 1.68 34.26 819.57 10.00 2372160
20.36 1.68 34.26 820.67 10.00 2372180
20.36 1.68 34.26 819.38 10.00 2372200
20.36 1.73 35.17 820.27 10.00 2372220
20.36 1.73 35.17 820.17 10.00 2372240
20.36 1.73 35.17 820.21 10.00 2372260
20.36 1.73 35.17 820.08 10.00 2372280
20.36 1.67 34.01 820.29 10.00 2372300
20.36 1.67 34.01 820.04 10.00 2372320
20.36 1.67 34.01 819.81 10.00 2372340
20.36 1.72 35.07 820.25 10.00 2372360
20.36 1.72 35.07 819.85 10.00 2372380
20.36 1.72 35.07 820.23 10.00 2372400
20.36 1.72 35.07 819.60 10.00 2372420
20.36 1.71 34.87 819.54 10.00 2372440
20.36 1.71 34.87 819.84 10.00 2372460
20.36 1.71 34.87 819.90 10.00 2372480
20.36 1.71 34.87 819.99 10.00 2372500
20.36 1.72 35.07 820.80 10.00 2372520
20.36 1.72 35.07 820.01 10.00 2372540
20.36 1.72 35.07 820.59 10.00 2372560
20.36 1.64 33.50 820.74 10.00 2372580
20.36 1.64 33.50 820.55 10.00 2372600
20.36 1.64 33.50 819.84 10.00 2372620
20.36 1.64 33.50 820.77 10.00 2372640
20.36 1.69 34.46 820.63 10.00 2372660
20.36 1.69 34.46 820.57 10.00 2372680
20.36 1.69 34.46 821.23 10.00 2372700
20.36 1.64 33.45 820.33 10.00 2372720
20.36 1.64 33.45 820.58 10.00 2372740
20.36 1.64 33.45 820.37 10.00 2372760
20.36 1.64 33.45 820.89 10.00 2372780
20.36 1.71 34.82 820.86 10.00 2372800
20.36 1.71 34.82 820.98 10.00 2372820
20.36 1.71 34.82 820.75 10.00 2372840
20.36 1.71 34.82 821.02 10.00 2372860
20.36 1.66 33.75 821.22 10.00 2372880
20.36 1.66 33.75 821.29 10.00 2372900
20.36 1.66 33.75 820.23 10.00 2372920
20.36 1.74 35.42 820.87 10.00 2372940
20.36 1.74 35.42 820.42 10.00 2372960
20.36 1.74 35.42 820.70 10.00 2372980
20.36 1.74 35.42 821.30 10.00 2373000
20.36 1.69 34.41 820.64 10.00 2373020
20.36 1.69 34.41 820.66 10.00 2373040
20.36 1.69 34.41 821.40 10.00 2373060
20.36 1.64 33.34 821.05 10.00 2373080
20.36 1.64 33.34 821.19 10.00 2373100
20.36 1.64 33.34 821.22 10.00 2373120
20.36 1.64 33.34 821.06 10.00 2373140
20.36 1.58 32.28 821.23 10.00 2373160
20.36 1.58 32.28 820.82 10.00 2373180
20.36 1.58 32.28 821.32 10.00 2373200
20.36 1.58 32.28 821.04 10.00 2373220
20.36 1.68 34.16 821.55 10.00 2373240
20.36 1.68 34.16 821.20 10.00 2373260
20.36 1.68 34.16 821.02 10.00 2373280
20.36 1.62 33.09 820.84 10.00 2373300
20.36 1.62 33.09 821.69 10.00 2373320
20.36 1.62 33.09 821.61 10.00 2373340
20.36 1.62 33.09 820.79 10.00 2373360
20.41 0.28 5.82 820.60 10.00 2373380
20.41 0.28 5.82 821.27 10.00 2373400
20.41 0.28 5.82 821.84 10.00 2373420
20.41 0.28 5.82 821.39 10.00 2373440
20.40 0.01 0.31 821.06 10.00 2373460
20.40 0.01 0.31 821.18 10.00 2373480
20.40 0.01 0.31 820.88 10.00 2373500
20.40 0.01 0.31 820.56 10.00 2373520
20.40 0.01 0.31 820.41 10.00 2373540
20.40 0.01 0.31 820.54 10.00 2373560
20.40 0.01 0.31 821.27 10.00 2373580
20.40 0.01 0.31 820.66 10.00 2373600
20.40 0.01 0.31 820.38 10.00 2373620
20.40 0.01 0.31 820.59 10.00 2373640
20.40 0.01 0.25 820.02 10.00 2373660
20.40 0.01 0.25 819.84 10.00 2373680
20.40 0.01 0.25 819.77 10.00 2373700
20.40 0.01 0.25 819.91 10.00 2373720
20.40 0.01 0.25 819.67 10.00 2373740
20.40 0.01 0.25 819.73 10.00 2373760
20.40 0.01 0.25 819.36 10.00 2373780
20.40 0.01 0.25 819.55 10.00 2373800
20.40 0.01 0.25 819.26 10.00 2373820
20.40 0.01 0.25 819.25 10.00 2373840
20.40 0.01 0.25 820.19 10.00 2373860
20.40 0.01 0.31 819.57 10.00 2373880
20.40 0.01 0.31 819.29 10.00 2373900
20.40 0.01 0.31 819.97 10.00 2373920
20.40 0.01 0.31 818.72 10.00 2373940
20.40 0.01 0.25 819.66 10.00 2373960
20.40 0.01 0.25 819.34 10.00 2373980
20.40 0.01 0.25 818.64 10.00 2374000
20.40 0.01 0.25 819.52 10.00 2374020
20.40 0.01 0.25 818.94 10.00 2374040
20.40 0.01 0.25 819.49 10.00 2374060
20.40 0.01 0.25 818.99 10.00 2374080
20.40 0.01 0.25 819.83 10.00 2374100
20.40 0.01 0.25 817.96 10.00 2374120
20.40 0.01 0.25 819.31 10.00 2374140
20.40 0.01 0.25 818.89 10.00 2374160
20.40 0.01 0.31 818.81 10.00 2374180
20.40 0.01 0.31 818.78 10.00 2374200
20.40 0.01 0.31 818.26 10.00 2374220
20.40 0.02 0.36 818.71 10.00 2374240
20.40 0.02 0.36 818.21 10.00 2374260
20.40 0.02 0.36 818.68 10.00 2374280
20.40 0.02 0.36 818.62 10.00 2374300
20.40 0.02 0.36 817.82 10.00 2374320
20.40 0.02 0.36 817.93 10.00 2374340
20.40 0.02 0.36 818.36 10.00 2374360
20.40 0.02 0.36 818.22 10.00 2374380
20.40 0.02 0.36 817.83 10.00 2374400
20.40 0.02 0.36 817.67 10.00 2374420
20.40 0.02 0.36 817.81 10.00 2374440
20.40 0.02 0.36 817.34 10.00 2374460
20.40 0.02 0.36 817.23 10.00 2374480
20.40 0.02 0.36 817.33 10.00 2374500
20.40 0.02 0.36 817.44 10.00 2374520
20.40 0.02 0.36 817.08 10.00 2374540
20.40 0.02 0.36 817.26 10.00 2374560
20.40 0.02 0.36 817.08 10.00 2374580
20.40 0.02 0.36 817.67 10.00 2374600
20.40 0.02 0.36 817.07 10.00 2374620
20.40 0.02 0.36 817.57 10.00 2374640
20.40 0.02 0.36 817.32 10.00 2374660
20.40 0.02 0.36 817.82 10.00 2374680
20.40 0.02 0.36 817.78 10.00 2374700
20.40 0.02 0.36 817.08 10.00 2374720
20.40 0.02 0.36 817.36 10.00 2374740
20.40 0.02 0.36 817.02 10.00 2374760
20.40 0.02 0.36 817.08 10.00 2374780
20.40 0.02 0.36 816.86 10.00 2374800
20.40 0.02 0.36 816.75 10.00 2374820
20.40 0.02 0.36 816.30 10.00 2374840
20.40 0.02 0.36 816.15 10.00 2374860
20.40 0.02 0.36 816.55 10.00 2374880
20.40 0.02 0.36 816.47 10.00 2374900
20.40 0.02 0.36 815.90 10.00 2374920
20.40 0.02 0.36 815.73 10.00 2374940
20.40 0.02 0.36 816.16 10.00 2374960
20.40 0.02 0.36 816.39 10.00 2374980
20.40 0.02 0.36 816.23 10.00 2375000
20.40 0.02 0.36 816.00 10.00 2375020
20.40 0.02 0.36 816.00 10.00 2375040
20.40 0.02 0.36 815.89 10.00 2375060
20.40 0.02 0.36 816.30 10.00 2375080
20.40 0.02 0.36 816.47 10.00 2375100
