20.40 0.02 0.36 0.00 12.00 2452450
20.40 0.02 0.36 0.00 12.00 2452470
20.40 0.02 0.36 0.00 12.00 2452490
20.40 0.02 0.36 0.00 12.00 2452510
20.40 0.02 0.36 0.00 12.00 2452530
20.40 0.02 0.36 0.00 12.00 2452550
20.40 0.02 0.36 0.00 12.00 2452570
20.40 0.02 0.36 0.00 12.00 2452590
20.40 0.02 0.36 0.00 12.00 2452610
20.40 0.02 0.36 0.00 12.00 2452630
20.40 0.02 0.36 0.00 12.00 2452650
20.40 0.02 0.36 0.00 12.00 2452670
20.40 0.02 0.36 0.00 12.00 2452690
20.40 0.02 0.36 0.00 12.00 2452710
20.40 0.02 0.36 0.00 12.00 2452730
20.40 0.02 0.36 0.00 12.00 2452750
20.40 0.02 0.36 0.00 12.00 2452770
20.40 0.02 0.36 0.00 12.00 2452790
20.40 0.02 0.36 0.00 12.00 2452810
20.40 0.02 0.36 0.00 12.00 2452830
20.40 0.02 0.36 0.00 12.00 2452850
20.40 0.02 0.36 0.00 12.00 2452870
20.40 0.02 0.36 0.00 12.00 2452890
20.40 0.02 0.36 0.00 12.00 2452910
20.40 0.02 0.36 0.00 12.00 2452930
20.40 0.02 0.36 0.00 12.00 2452950
20.40 0.02 0.36 0.00 12.00 2452970
20.40 0.02 0.36 0.00 12.00 2452990
20.40 0.02 0.36 0.00 12.00 2453010
20.40 0.02 0.36 0.00 12.00 2453030
20.40 0.02 0.36 0.00 12.00 2453050
20.40 0.02 0.36 0.00 12.00 2453070
20.40 0.02 0.36 0.00 12.00 2453090
20.40 0.02 0.36 0.00 12.00 2453110
20.40 0.02 0.36 0.00 12.00 2453130
20.40 0.02 0.36 0.00 12.00 2453150
20.40 0.02 0.36 0.00 12.00 2453170
20.40 0.02 0.36 0.00 12.00 2453190
20.40 0.02 0.36 0.00 12.00 2453210
20.40 0.02 0.36 0.00 12.00 2453230
20.40 0.02 0.36 0.00 12.00 2453250
20.40 0.02 0.36 0.00 12.00 2453270
20.40 0.02 0.36 0.00 12.00 2453290
20.40 0.02 0.36 0.00 12.00 2453310
20.40 0.02 0.36 0.00 12.00 2453330
20.40 0.02 0.36 0.00 12.00 2453350
20.40 0.02 0.36 0.00 12.00 2453370
20.40 0.02 0.36 0.00 12.00 2453390
20.40 0.02 0.36 0.00 12.00 2453410
20.40 0.02 0.36 0.00 12.00 2453430
20.40 0.02 0.36 0.00 12.00 2453450
20.40 0.02 0.36 0.00 12.00 2453470
20.40 0.02 0.36 0.00 12.00 2453490
20.40 0.02 0.36 0.00 12.00 2453510
20.40 0.02 0.36 0.00 12.00 2453530
20.40 0.02 0.36 0.00 12.00 2453550
20.40 0.02 0.36 0.00 12.00 2453570
20.40 0.02 0.36 0.00 12.00 2453590
20.40 0.02 0.36 0.00 12.00 2453610
20.40 0.02 0.36 0.00 12.00 2453630
20.40 0.02 0.36 0.00 12.00 2453650
20.40 0.02 0.36 0.00 12.00 2453670
20.40 0.02 0.36 0.00 12.00 2453690
20.40 0.02 0.36 0.00 12.00 2453710
20.40 0.02 0.36 0.00 12.00 2453730
20.40 0.02 0.36 0.00 12.00 2453750
20.40 0.02 0.36 0.00 12.00 2453770
20.40 0.02 0.36 0.00 12.00 2453790
20.40 0.02 0.36 0.00 12.00 2453810
20.40 0.02 0.36 0.00 12.00 2453830
20.40 0.02 0.36 0.00 12.00 2453850
20.40 0.02 0.36 0.00 12.00 2453870
20.40 0.02 0.36 0.00 12.00 2453890
20.40 0.02 0.36 0.00 12.00 2453910
20.40 0.02 0.36 0.00 12.00 2453930
20.40 0.02 0.36 0.00 12.00 2453950
20.40 0.02 0.36 0.00 12.00 2453970
20.40 0.02 0.36 0.00 12.00 2453990
20.40 0.02 0.36 0.00 12.00 2454010
20.40 0.02 0.36 0.00 12.00 2454030
20.40 0.02 0.36 0.00 12.00 2454050
20.40 0.02 0.36 0.00 12.00 2454070
20.40 0.02 0.36 0.00 12.00 2454090
20.40 0.02 0.36 0.00 12.00 2454110
20.40 0.02 0.36 0.00 12.00 2454130
20.40 0.02 0.36 0.00 12.00 2454150
20.40 0.02 0.36 0.00 12.00 2454170
20.40 0.02 0.36 0.00 12.00 2454190
20.40 0.02 0.36 0.00 12.00 2454210
20.40 0.02 0.36 0.00 12.00 2454230
20.40 0.02 0.36 0.00 12.00 2454250
20.40 0.02 0.36 0.00 12.00 2454270
20.40 0.02 0.36 0.00 12.00 2454290
20.40 0.02 0.36 0.00 12.00 2454310
20.40 0.02 0.36 0.00 12.00 2454330
20.40 0.02 0.36 0.00 12.00 2454350
20.40 0.02 0.36 0.00 12.00 2454370
20.40 0.02 0.36 0.00 12.00 2454390
20.40 0.02 0.36 0.00 12.00 2454410
20.40 0.02 0.36 0.00 12.00 2454430
20.40 0.02 0.36 0.00 12.00 2454450
20.40 0.02 0.36 0.00 12.00 2454470
20.40 0.02 0.36 0.00 12.00 2454490
20.40 0.02 0.36 0.00 12.00 2454510
20.40 0.02 0.36 0.00 12.00 2454530
20.40 0.02 0.36 0.00 12.00 2454550
20.40 0.02 0.36 0.00 12.00 2454570
20.40 0.02 0.36 0.00 12.00 2454590
20.40 0.02 0.36 0.00 12.00 2454610
20.40 0.02 0.36 0.00 12.00 2454630
20.40 0.02 0.36 0.00 12.00 2454650
20.40 0.02 0.36 0.00 12.00 2454670
20.40 0.02 0.36 0.00 12.00 2454690
20.40 0.02 0.36 0.00 12.00 2454710
20.40 0.02 0.36 0.00 12.00 2454730
20.40 0.02 0.36 0.00 12.00 2454750
20.40 0.02 0.36 0.00 12.00 2454770
20.40 0.02 0.36 0.00 12.00 2454790
20.40 0.02 0.36 0.00 12.00 2454810
20.40 0.02 0.36 0.00 12.00 2454830
20.40 0.02 0.36 0.00 12.00 2454850
20.40 0.02 0.36 0.00 12.00 2454870
20.40 0.02 0.36 0.00 12.00 2454890
20.40 0.02 0.36 0.00 12.00 2454910
20.40 0.02 0.36 0.00 12.00 2454930
20.40 0.02 0.36 0.00 12.00 2454950
20.40 0.02 0.36 0.00 12.00 2454970
20.40 0.02 0.36 0.00 12.00 2454990
20.40 0.02 0.36 0.00 12.00 2455010
20.40 0.02 0.36 0.00 12.00 2455030
20.40 0.02 0.36 0.00 12.00 2455050
20.40 0.02 0.36 0.00 12.00 2455070
20.40 0.02 0.36 0.00 12.00 2455090
20.40 0.02 0.36 0.00 12.00 2455110
20.40 0.02 0.36 0.00 12.00 2455130
20.40 0.02 0.36 0.00 12.00 2455150
20.40 0.02 0.36 0.00 12.00 2455170
20.40 0.02 0.36 0.00 12.00 2455190
20.40 0.02 0.36 0.00 12.00 2455210
20.40 0.02 0.36 0.00 12.00 2455230
20.40 0.02 0.36 0.00 12.00 2455250
20.40 0.02 0.36 0.00 12.00 2455270
20.40 0.02 0.36 0.00 12.00 2455290
20.40 0.02 0.36 0.00 12.00 2455310
20.40 0.02 0.36 0.00 12.00 2455330
20.40 0.02 0.36 0.00 12.00 2455350
20.40 0.02 0.36 0.00 12.00 2455370
20.40 0.02 0.36 0.00 12.00 2455390
20.40 0.02 0.36 0.00 12.00 2455410
20.40 0.02 0.36 0.00 12.00 2455430
20.40 0.02 0.36 0.00 12.00 2455450
20.40 0.02 0.36 0.00 12.00 2455470
20.40 0.02 0.36 0.00 12.00 2455490
20.40 0.02 0.36 0.00 12.00 2455510
20.36 0.65 13.18 0.00 12.00 2455530
20.36 0.65 13.18 0.00 12.00 2455550
20.36 0.65 13.18 0.00 12.00 2455570
20.34 2.49 50.74 0.00 12.00 2455590
20.34 2.49 50.74 0.00 12.00 2455610
20.34 2.49 50.74 0.00 12.00 2455630
20.34 2.49 50.74 0.00 12.00 2455650
20.31 3.80 77.28 2.96 12.00 2455670
20.31 3.80 77.28 2.96 12.00 2455690
20.31 3.80 77.28 2.96 12.00 2455710
20.31 3.80 77.28 2.96 12.00 2455730
20.30 4.53 91.95 2.96 12.00 2455750
20.30 4.53 91.95 2.96 12.00 2455770
20.30 4.53 91.95 2.94 12.00 2455790
20.30 4.81 97.57 2.94 12.00 2455810
20.30 4.81 97.57 2.94 12.00 2455830
20.30 4.81 97.57 2.94 12.00 2455850
20.30 4.81 97.57 2.94 12.00 2455870
20.29 4.95 100.45 2.94 12.00 2455890
20.29 4.95 100.45 2.94 12.00 2455910
20.29 4.95 100.45 2.93 12.00 2455930
20.29 4.97 100.90 2.93 12.00 2455950
20.29 4.97 100.90 2.93 12.00 2455970
20.29 4.97 100.90 2.93 12.00 2455990
20.29 4.97 100.90 2.93 12.00 2456010
20.29 4.92 99.90 2.93 12.00 2456030
20.29 4.92 99.90 2.93 12.00 2456050
20.29 4.92 99.90 2.93 12.00 2456070
20.29 4.92 99.90 2.92 12.00 2456090
20.30 4.82 97.93 2.92 12.00 2456110
20.30 4.82 97.93 2.92 12.00 2456130
20.30 4.82 97.93 2.92 12.00 2456150
20.30 4.69 95.30 2.92 12.00 2456170
20.30 4.69 95.30 2.92 12.00 2456190
20.30 4.69 95.30 2.92 12.00 2456210
20.30 4.69 95.30 2.92 12.00 2456230
20.30 4.57 92.83 2.92 12.00 2456250
20.30 4.57 92.83 2.92 12.00 2456270
20.30 4.57 92.83 2.92 12.00 2456290
20.30 4.57 92.83 2.92 12.00 2456310
20.30 4.50 91.41 2.92 12.00 2456330
20.30 4.50 91.41 2.92 12.00 2456350
20.30 4.50 91.41 2.92 12.00 2456370
20.31 4.43 89.90 2.92 12.00 2456390
20.31 4.43 89.90 2.92 12.00 2456410
20.31 4.43 89.90 2.92 12.00 2456430
20.31 4.43 89.90 2.92 12.00 2456450
20.31 4.32 87.72 2.92 12.00 2456470
20.31 4.32 87.72 2.93 12.00 2456490
20.31 4.32 87.72 2.93 12.00 2456510
20.31 4.19 85.15 2.93 12.00 2456530
20.31 4.19 85.15 2.93 12.00 2456550
20.31 4.19 85.15 2.93 12.00 2456570
20.31 4.19 85.15 2.93 12.00 2456590
20.31 4.14 84.13 2.93 12.00 2456610
20.31 4.14 84.13 2.94 12.00 2456630
20.31 4.14 84.13 2.94 12.00 2456650
20.31 4.14 84.13 2.94 12.00 2456670
20.31 4.08 82.92 2.95 12.00 2456690
20.31 4.08 82.92 2.95 12.00 2456710
20.31 4.08 82.92 2.95 12.00 2456730
20.31 4.00 81.35 2.96 12.00 2456750
20.31 4.00 81.35 2.96 12.00 2456770
20.31 4.00 81.35 2.97 12.00 2456790
20.31 4.00 81.35 2.97 12.00 2456810
20.31 3.93 79.79 2.98 12.00 2456830
20.31 3.93 79.79 2.99 12.00 2456850
20.31 3.93 79.79 3.00 12.00 2456870
20.31 3.93 79.79 3.01 12.00 2456890
20.31 3.87 78.67 3.02 12.00 2456910
20.31 3.87 78.67 3.03 12.00 2456930
20.31 3.87 78.67 3.04 12.00 2456950
20.32 3.78 76.75 3.06 12.00 2456970
20.32 3.78 76.75 3.07 12.00 2456990
20.32 3.78 76.75 3.09 12.00 2457010
20.32 3.78 76.75 3.12 12.00 2457030
20.32 3.75 76.30 3.13 12.00 2457050
20.32 3.75 76.30 3.14 12.00 2457070
20.32 3.75 76.30 3.16 12.00 2457090
20.32 3.68 74.88 3.18 12.00 2457110
20.32 3.68 74.88 3.23 12.00 2457130
20.32 3.68 74.88 40.58 12.00 2457150
20.32 3.68 74.88 43.65 12.00 2457170
20.32 3.58 72.81 45.68 12.00 2457190
20.32 3.58 72.81 48.80 12.00 2457210
20.32 3.58 72.81 50.14 12.00 2457230
20.32 3.58 72.81 51.40 12.00 2457250
20.31 4.10 83.26 53.61 12.00 2457270
20.31 4.10 83.26 54.64 12.00 2457290
20.31 4.10 83.26 55.64 12.00 2457310
20.30 4.59 93.27 57.49 12.00 2457330
20.30 4.59 93.27 58.44 12.00 2457350
20.30 4.59 93.27 59.24 12.00 2457370
20.30 4.59 93.27 60.94 12.00 2457390
20.29 4.96 100.74 61.72 12.00 2457410
20.29 4.96 100.74 63.27 12.00 2457430
20.29 4.96 100.74 64.03 12.00 2457450
20.29 5.13 104.18 65.46 12.00 2457470
20.29 5.13 104.18 66.20 12.00 2457490
20.29 5.13 104.18 66.90 12.00 2457510
20.29 5.13 104.18 68.23 12.00 2457530
20.29 5.21 105.69 69.57 12.00 2457550
20.29 5.21 105.69 70.25 12.00 2457570
20.29 5.21 105.69 71.48 12.00 2457590
20.29 5.21 105.69 72.12 12.00 2457610
20.28 5.33 108.11 73.39 12.00 2457630
20.28 5.33 108.11 74.03 12.00 2457650
20.28 5.33 108.11 75.26 12.00 2457670
20.28 5.39 109.27 76.45 12.00 2457690
20.28 5.39 109.27 77.12 12.00 2457710
20.28 5.39 109.27 78.29 12.00 2457730
20.28 5.39 109.27 79.44 12.00 2457750
20.28 5.46 110.84 80.02 12.00 2457770
20.28 5.46 110.84 81.15 12.00 2457790
20.28 5.46 110.84 82.29 12.00 2457810
20.28 5.46 110.84 82.83 12.00 2457830
20.28 5.46 110.68 83.97 12.00 2457850
20.28 5.46 110.68 85.13 12.00 2457870
20.28 5.46 110.68 86.28 12.00 2457890
20.28 5.56 112.86 87.37 12.00 2457910
20.28 5.56 112.86 87.92 12.00 2457930
20.28 5.56 112.86 89.08 12.00 2457950
20.28 5.56 112.86 90.19 12.00 2457970
20.28 5.57 112.91 91.28 12.00 2457990
20.28 5.57 112.91 92.33 12.00 2458010
20.28 5.57 112.91 93.36 12.00 2458030
20.28 5.66 114.76 94.47 12.00 2458050
20.28 5.66 114.76 94.99 12.00 2458070
20.28 5.66 114.76 96.06 12.00 2458090
20.28 5.66 114.76 97.00 12.00 2458110
20.28 5.72 115.98 98.09 12.00 2458130
20.28 5.72 115.98 99.08 12.00 2458150
20.28 5.72 115.98 100.09 12.00 2458170
20.28 5.72 115.98 101.02 12.00 2458190
20.27 5.79 117.34 101.93 12.00 2458210
20.27 5.79 117.34 102.97 12.00 2458230
20.27 5.79 117.34 103.87 12.00 2458250
20.27 5.85 118.55 104.85 12.00 2458270
20.27 5.85 118.55 106.24 12.00 2458290
20.27 5.85 118.55 107.26 12.00 2458310
20.27 5.85 118.55 108.06 12.00 2458330
20.26 6.22 126.04 108.97 12.00 2458350
20.26 6.22 126.04 109.85 12.00 2458370
20.26 6.22 126.04 110.76 12.00 2458390
20.26 6.22 126.04 111.72 12.00 2458410
20.25 6.63 134.34 113.02 12.00 2458430
20.25 6.63 134.34 113.83 12.00 2458450
20.25 6.63 134.34 114.73 12.00 2458470
20.25 7.06 143.05 115.50 12.00 2458490
20.25 7.06 143.05 116.40 12.00 2458510
20.25 7.06 143.05 117.72 12.00 2458530
20.25 7.06 143.05 118.56 12.00 2458550
20.24 7.51 152.03 119.46 12.00 2458570
20.24 7.51 152.03 120.67 12.00 2458590
20.24 7.51 152.03 121.59 12.00 2458610
20.23 8.01 162.06 122.48 12.00 2458630
20.23 8.01 162.06 123.69 12.00 2458650
20.23 8.01 162.06 124.59 12.00 2458670
20.23 8.01 162.06 125.89 12.00 2458690
20.22 8.43 170.53 126.58 12.00 2458710
20.22 8.43 170.53 127.97 12.00 2458730
20.22 8.43 170.53 128.80 12.00 2458750
20.22 8.43 170.53 130.09 12.00 2458770
20.21 8.75 176.95 131.03 12.00 2458790
20.21 8.75 176.95 132.23 12.00 2458810
20.21 8.75 176.95 133.11 12.00 2458830
20.20 9.11 184.15 134.37 12.00 2458850
20.20 9.11 184.15 135.31 12.00 2458870
20.20 9.11 184.15 136.58 12.00 2458890
20.20 9.11 184.15 137.85 12.00 2458910
20.20 9.44 190.75 138.68 12.00 2458930
20.20 9.44 190.75 140.02 12.00 2458950
20.20 9.44 190.75 141.32 12.00 2458970
20.19 9.73 196.51 142.17 12.00 2458990
20.19 9.73 196.51 143.46 12.00 2459010
20.19 9.73 196.51 144.74 12.00 2459030
20.19 9.73 196.51 145.57 12.00 2459050
20.18 10.07 203.30 146.76 12.00 2459070
20.18 10.07 203.30 148.02 12.00 2459090
20.18 10.07 203.30 149.37 12.00 2459110
20.18 10.07 203.30 150.57 12.00 2459130
20.18 10.29 207.68 151.88 12.00 2459150
20.18 10.29 207.68 153.14 12.00 2459170
20.18 10.29 207.68 153.89 12.00 2459190
20.17 10.65 214.95 155.24 12.00 2459210
20.17 10.65 214.95 156.29 12.00 2459230
20.17 10.65 214.95 157.71 12.00 2459250
20.17 10.65 214.95 158.83 12.00 2459270
20.17 10.77 217.28 160.10 12.00 2459290
20.17 10.77 217.28 161.29 12.00 2459310
20.17 10.77 217.28 162.53 12.00 2459330
20.17 10.77 217.28 163.53 12.00 2459350
20.17 10.87 219.27 165.24 12.00 2459370
20.17 10.87 219.27 166.28 12.00 2459390
20.17 10.87 219.27 167.59 12.00 2459410
20.16 11.05 222.73 168.81 12.00 2459430
20.16 11.05 222.73 169.97 12.00 2459450
20.16 11.05 222.73 171.06 12.00 2459470
20.16 11.05 222.73 172.50 12.00 2459490
20.16 11.17 225.23 173.88 12.00 2459510
20.16 11.17 225.23 174.92 12.00 2459530
20.16 11.17 225.23 175.95 12.00 2459550
20.16 11.38 229.49 177.36 12.00 2459570
20.16 11.38 229.49 178.50 12.00 2459590
20.16 11.38 229.49 179.57 12.00 2459610
20.16 11.38 229.49 181.10 12.00 2459630
20.15 11.57 233.25 182.25 12.00 2459650
20.15 11.57 233.25 183.33 12.00 2459670
20.15 11.57 233.25 184.67 12.00 2459690
20.15 11.57 233.25 185.83 12.00 2459710
20.15 11.75 236.71 187.18 12.00 2459730
20.15 11.75 236.71 188.38 12.00 2459750
20.15 11.75 236.71 189.88 12.00 2459770
20.15 11.92 240.11 190.75 12.00 2459790
20.15 11.92 240.11 192.11 12.00 2459810
20.15 11.92 240.11 193.13 12.00 2459830
20.15 11.92 240.11 194.48 12.00 2459850
20.14 12.00 241.67 195.83 12.00 2459870
20.14 12.00 241.67 197.02 12.00 2459890
20.14 12.00 241.67 198.31 12.00 2459910
20.14 12.00 241.67 199.51 12.00 2459930
20.15 11.94 240.51 200.58 12.00 2459950
20.15 11.94 240.51 201.90 12.00 2459970
20.15 11.94 240.51 203.31 12.00 2459990
20.14 12.05 242.83 204.31 12.00 2460010
20.14 12.05 242.83 205.55 12.00 2460030
20.14 12.05 242.83 206.58 12.00 2460050
20.14 12.05 242.83 207.83 12.00 2460070
20.14 12.11 244.04 209.24 12.00 2460090
20.14 12.11 244.04 210.22 12.00 2460110
20.14 12.11 244.04 211.36 12.00 2460130
20.14 12.09 243.49 212.65 12.00 2460150
20.14 12.09 243.49 213.94 12.00 2460170
20.14 12.09 243.49 215.15 12.00 2460190
20.14 12.09 243.49 216.40 12.00 2460210
20.14 12.15 244.72 217.60 12.00 2460230
20.14 12.15 244.72 218.70 12.00 2460250
20.14 12.15 244.72 219.96 12.00 2460270
20.14 12.15 244.72 221.23 12.00 2460290
20.14 12.17 245.20 222.42 12.00 2460310
20.14 12.17 245.20 223.48 12.00 2460330
20.14 12.17 245.20 224.74 12.00 2460350
20.14 12.08 243.39 225.74 12.00 2460370
20.14 12.08 243.39 227.34 12.00 2460390
20.14 12.08 243.39 228.27 12.00 2460410
20.14 12.08 243.39 229.35 12.00 2460430
20.14 12.22 246.15 230.47 12.00 2460450
20.14 12.22 246.15 231.66 12.00 2460470
20.14 12.22 246.15 233.08 12.00 2460490
20.14 12.25 246.66 234.14 12.00 2460510
20.14 12.25 246.66 235.12 12.00 2460530
20.14 12.25 246.66 236.38 12.00 2460550
20.14 12.25 246.66 237.64 12.00 2460570
20.14 12.14 244.49 238.68 12.00 2460590
20.14 12.14 244.49 239.49 12.00 2460610
20.14 12.14 244.49 241.12 12.00 2460630
20.14 12.14 244.49 241.89 12.00 2460650
20.14 12.11 243.91 243.50 12.00 2460670
20.14 12.11 243.91 244.49 12.00 2460690
20.14 12.11 243.91 245.44 12.00 2460710
20.14 12.13 244.38 246.63 12.00 2460730
20.14 12.13 244.38 247.66 12.00 2460750
20.14 12.13 244.38 248.94 12.00 2460770
20.14 12.13 244.38 249.93 12.00 2460790
20.14 12.27 247.10 251.17 12.00 2460810
20.14 12.27 247.10 252.16 12.00 2460830
20.14 12.27 247.10 253.16 12.00 2460850
20.14 12.27 247.10 254.84 12.00 2460870
20.14 12.24 246.48 255.46 12.00 2460890
20.14 12.24 246.48 256.67 12.00 2460910
20.14 12.24 246.48 257.95 12.00 2460930
20.14 12.34 248.60 258.94 12.00 2460950
20.14 12.34 248.60 260.05 12.00 2460970
20.14 12.34 248.60 261.19 12.00 2460990
20.14 12.34 248.60 262.19 12.00 2461010
20.14 12.30 247.63 263.15 12.00 2461030
20.14 12.30 247.63 264.50 12.00 2461050
20.14 12.30 247.63 265.72 12.00 2461070
20.14 12.29 247.57 266.83 12.00 2461090
20.14 12.29 247.57 268.00 12.00 2461110
20.14 12.29 247.57 268.84 12.00 2461130
20.14 12.29 247.57 269.97 12.00 2461150
20.14 12.27 247.05 271.10 12.00 2461170
20.14 12.27 247.05 272.32 12.00 2461190
20.14 12.27 247.05 273.32 12.00 2461210
20.14 12.27 247.05 274.66 12.00 2461230
20.14 12.27 247.19 275.23 12.00 2461250
20.14 12.27 247.19 276.70 12.00 2461270
20.14 12.27 247.19 277.67 12.00 2461290
20.14 12.28 247.32 279.04 12.00 2461310
20.14 12.28 247.32 279.92 12.00 2461330
20.14 12.28 247.32 280.86 12.00 2461350
20.14 12.28 247.32 282.06 12.00 2461370
20.14 12.24 246.51 282.89 12.00 2461390
20.14 12.24 246.51 284.03 12.00 2461410
20.14 12.24 246.51 285.10 12.00 2461430
20.14 12.24 246.51 286.15 12.00 2461450
20.14 12.35 248.65 287.28 12.00 2461470
20.14 12.35 248.65 288.31 12.00 2461490
20.14 12.35 248.65 289.37 12.00 2461510
20.14 12.26 247.03 290.25 12.00 2461530
20.14 12.26 247.03 291.38 12.00 2461550
20.14 12.26 247.03 292.51 12.00 2461570
20.14 12.26 247.03 293.55 12.00 2461590
20.14 12.15 244.67 294.63 12.00 2461610
20.14 12.15 244.67 295.54 12.00 2461630
20.14 12.15 244.67 296.57 12.00 2461650
20.14 12.19 245.56 297.43 12.00 2461670
20.14 12.19 245.56 298.75 12.00 2461690
20.14 12.19 245.56 299.71 12.00 2461710
20.14 12.19 245.56 301.13 12.00 2461730
20.14 12.19 245.49 301.85 12.00 2461750
20.14 12.19 245.49 302.74 12.00 2461770
20.14 12.19 245.49 303.87 12.00 2461790
20.14 12.19 245.49 304.87 12.00 2461810
20.14 12.15 244.70 305.98 12.00 2461830
20.14 12.15 244.70 307.01 12.00 2461850
20.14 12.15 244.70 308.09 12.00 2461870
20.14 12.14 244.57 308.84 12.00 2461890
20.14 12.14 244.57 310.10 12.00 2461910
20.14 12.14 244.57 310.99 12.00 2461930
20.14 12.14 244.57 311.99 12.00 2461950
20.14 12.18 245.22 313.06 12.00 2461970
20.14 12.18 245.22 313.97 12.00 2461990
20.14 12.18 245.22 315.13 12.00 2462010
20.14 12.19 245.51 315.93 12.00 2462030
20.14 12.19 245.51 317.12 12.00 2462050
20.14 12.19 245.51 317.91 12.00 2462070
20.14 12.19 245.51 319.12 12.00 2462090
20.14 12.23 246.28 319.99 12.00 2462110
20.14 12.23 246.28 321.08 12.00 2462130
20.14 12.23 246.28 321.99 12.00 2462150
20.14 12.23 246.28 322.87 12.00 2462170
20.14 12.11 243.85 324.09 12.00 2462190
20.14 12.11 243.85 324.99 12.00 2462210
20.14 12.11 243.85 326.10 12.00 2462230
20.14 12.13 244.40 327.10 12.00 2462250
20.14 12.13 244.40 328.04 12.00 2462270
20.14 12.13 244.40 328.76 12.00 2462290
20.14 12.13 244.40 329.94 12.00 2462310
20.14 12.07 243.24 330.86 12.00 2462330
20.14 12.07 243.24 331.93 12.00 2462350
20.14 12.07 243.24 332.77 12.00 2462370
20.14 12.07 243.24 333.79 12.00 2462390
20.14 12.19 245.49 334.81 12.00 2462410
20.14 12.19 245.49 335.49 12.00 2462430
20.14 12.19 245.49 336.57 12.00 2462450
20.14 12.20 245.71 337.61 12.00 2462470
20.14 12.20 245.71 338.46 12.00 2462490
20.14 12.20 245.71 339.53 12.00 2462510
20.14 12.20 245.71 340.46 12.00 2462530
20.14 12.18 245.34 341.44 12.00 2462550
20.14 12.18 245.34 342.52 12.00 2462570
20.14 12.18 245.34 343.55 12.00 2462590
20.14 12.26 246.90 344.39 12.00 2462610
20.14 12.26 246.90 345.35 12.00 2462630
20.14 12.26 246.90 346.62 12.00 2462650
20.14 12.26 246.90 347.25 12.00 2462670
20.14 12.29 247.62 348.20 12.00 2462690
20.14 12.29 247.62 349.15 12.00 2462710
20.14 12.29 247.62 350.27 12.00 2462730
20.14 12.29 247.62 351.14 12.00 2462750
20.14 12.20 245.77 352.22 12.00 2462770
20.14 12.20 245.77 353.04 12.00 2462790
20.14 12.20 245.77 354.15 12.00 2462810
20.14 12.11 243.90 355.19 12.00 2462830
20.14 12.11 243.90 355.87 12.00 2462850
20.14 12.11 243.90 356.70 12.00 2462870
20.14 12.11 243.90 357.76 12.00 2462890
20.14 12.08 243.29 358.67 12.00 2462910
20.14 12.08 243.29 359.60 12.00 2462930
20.14 12.08 243.29 360.27 12.00 2462950
20.14 12.08 243.29 361.56 12.00 2462970
20.14 12.16 244.84 362.28 12.00 2462990
20.14 12.16 244.84 363.38 12.00 2463010
20.14 12.16 244.84 364.20 12.00 2463030
20.14 12.20 245.67 365.39 12.00 2463050
20.14 12.20 245.67 366.12 12.00 2463070
20.14 12.20 245.67 367.06 12.00 2463090
20.14 12.20 245.67 368.18 12.00 2463110
20.14 12.07 243.22 368.82 12.00 2463130
20.14 12.07 243.22 369.92 12.00 2463150
20.14 12.07 243.22 370.91 12.00 2463170
20.14 12.00 241.67 371.60 12.00 2463190
20.14 12.00 241.67 372.16 12.00 2463210
20.14 12.00 241.67 373.66 12.00 2463230
20.14 12.00 241.67 374.16 12.00 2463250
20.14 12.01 241.88 375.21 12.00 2463270
20.14 12.01 241.88 376.25 12.00 2463290
20.14 12.01 241.88 376.91 12.00 2463310
20.14 12.01 241.88 377.54 12.00 2463330
20.14 12.05 242.82 379.02 12.00 2463350
20.14 12.05 242.82 379.92 12.00 2463370
20.14 12.05 242.82 380.54 12.00 2463390
20.14 12.08 243.36 381.51 12.00 2463410
20.14 12.08 243.36 382.71 12.00 2463430
20.14 12.08 243.36 383.37 12.00 2463450
20.14 12.08 243.36 384.37 12.00 2463470
20.14 12.10 243.77 385.19 12.00 2463490
20.14 12.10 243.77 385.99 12.00 2463510
20.14 12.10 243.77 386.86 12.00 2463530
20.14 12.08 243.39 387.75 12.00 2463550
20.14 12.08 243.39 388.92 12.00 2463570
20.14 12.08 243.39 389.80 12.00 2463590
20.14 12.08 243.39 390.51 12.00 2463610
20.14 12.15 244.77 391.64 12.00 2463630
20.14 12.15 244.77 392.26 12.00 2463650
20.14 12.15 244.77 393.08 12.00 2463670
20.14 12.15 244.77 394.04 12.00 2463690
20.14 12.21 246.01 394.92 12.00 2463710
20.14 12.21 246.01 395.73 12.00 2463730
20.14 12.21 246.01 396.73 12.00 2463750
20.14 12.16 244.97 397.84 12.00 2463770
20.14 12.16 244.97 398.10 12.00 2463790
20.14 12.16 244.97 398.95 12.00 2463810
20.14 12.16 244.97 400.28 12.00 2463830
20.14 12.07 243.14 401.13 12.00 2463850
20.14 12.07 243.14 402.12 12.00 2463870
20.14 12.07 243.14 403.01 12.00 2463890
20.14 12.07 243.14 403.68 12.00 2463910
20.14 12.16 244.92 404.35 12.00 2463930
20.14 12.16 244.92 405.93 12.00 2463950
20.14 12.16 244.92 406.15 12.00 2463970
20.14 12.10 243.81 407.23 12.00 2463990
20.14 12.10 243.81 408.33 12.00 2464010
20.14 12.10 243.81 408.95 12.00 2464030
20.14 12.10 243.81 410.13 12.00 2464050
20.14 12.10 243.66 410.82 12.00 2464070
20.14 12.10 243.66 412.12 12.00 2464090
20.14 12.10 243.66 412.54 12.00 2464110
20.14 12.04 242.53 413.10 12.00 2464130
20.14 12.04 242.53 414.15 12.00 2464150
20.14 12.04 242.53 415.00 12.00 2464170
20.14 12.04 242.53 415.92 12.00 2464190
20.14 11.97 241.22 416.62 12.00 2464210
20.14 11.97 241.22 417.17 12.00 2464230
20.14 11.97 241.22 417.95 12.00 2464250
20.14 11.97 241.22 419.14 12.00 2464270
20.15 11.96 240.91 420.12 12.00 2464290
20.15 11.96 240.91 421.03 12.00 2464310
20.15 11.96 240.91 421.89 12.00 2464330
20.15 11.92 240.08 422.63 12.00 2464350
20.15 11.92 240.08 423.69 12.00 2464370
20.15 11.92 240.08 424.26 12.00 2464390
20.15 11.92 240.08 425.21 12.00 2464410
20.14 12.00 241.67 425.97 12.00 2464430
20.14 12.00 241.67 426.92 12.00 2464450
20.14 12.00 241.67 427.65 12.00 2464470
20.14 12.03 242.43 428.55 12.00 2464490
20.15 12.03 242.45 429.05 12.00 2464510
20.15 12.03 242.45 430.08 12.00 2464530
20.15 12.03 242.45 430.87 12.00 2464550
20.15 11.95 240.83 431.57 12.00 2464570
20.15 11.95 240.83 432.35 12.00 2464590
20.15 11.95 240.83 433.23 12.00 2464610
20.15 11.95 240.83 434.38 12.00 2464630
20.15 11.90 239.70 435.27 12.00 2464650
20.15 11.90 239.70 436.17 12.00 2464670
20.15 11.90 239.70 437.02 12.00 2464690
20.15 11.96 240.88 437.61 12.00 2464710
20.15 11.96 240.88 438.42 12.00 2464730
20.15 11.96 240.88 439.12 12.00 2464750
20.15 11.96 240.88 440.18 12.00 2464770
20.14 12.10 243.74 440.79 12.00 2464790
20.14 12.10 243.74 441.75 12.00 2464810
20.14 12.10 243.74 442.58 12.00 2464830
20.14 12.10 243.74 443.34 12.00 2464850
20.14 12.15 244.80 444.37 12.00 2464870
20.14 12.15 244.80 444.90 12.00 2464890
20.14 12.15 244.80 445.73 12.00 2464910
20.15 12.02 242.14 446.58 12.00 2464930
20.15 12.02 242.14 447.64 12.00 2464950
20.15 12.02 242.14 448.07 12.00 2464970
20.15 12.02 242.14 448.74 12.00 2464990
20.15 11.87 239.17 449.70 12.00 2465010
20.15 11.87 239.17 450.58 12.00 2465030
20.15 11.87 239.17 451.35 12.00 2465050
20.15 11.90 239.84 452.69 12.00 2465070
20.15 11.90 239.84 453.22 12.00 2465090
20.15 11.90 239.84 453.57 12.00 2465110
20.15 11.90 239.84 454.80 12.00 2465130
20.15 11.88 239.39 455.20 12.00 2465150
20.15 11.88 239.39 456.34 12.00 2465170
20.15 11.88 239.39 456.93 12.00 2465190
20.15 11.88 239.39 457.90 12.00 2465210
20.15 11.89 239.54 458.71 12.00 2465230
20.15 11.89 239.54 459.46 12.00 2465250
20.15 11.89 239.54 459.92 12.00 2465270
20.15 11.95 240.73 460.91 12.00 2465290
20.15 11.95 240.73 461.99 12.00 2465310
20.15 11.95 240.73 462.49 12.00 2465330
20.15 11.95 240.73 463.23 12.00 2465350
20.14 11.97 241.16 463.97 12.00 2465370
20.14 11.97 241.16 464.80 12.00 2465390
20.14 11.97 241.16 465.81 12.00 2465410
20.14 11.97 241.16 466.48 12.00 2465430
20.14 11.89 239.51 467.06 12.00 2465450
20.14 11.89 239.51 467.99 12.00 2465470
20.14 11.89 239.51 468.67 12.00 2465490
20.14 12.02 242.06 469.62 12.00 2465510
20.14 12.02 242.06 470.57 12.00 2465530
20.14 12.02 242.06 471.11 12.00 2465550
20.14 12.02 242.06 471.93 12.00 2465570
20.14 12.05 242.72 472.85 12.00 2465590
20.14 12.05 242.72 473.35 12.00 2465610
20.14 12.05 242.72 474.45 12.00 2465630
20.14 12.02 242.08 475.18 12.00 2465650
20.14 12.02 242.08 475.75 12.00 2465670
20.14 12.02 242.08 476.75 12.00 2465690
20.14 12.02 242.08 477.43 12.00 2465710
20.15 11.98 241.34 478.32 12.00 2465730
20.15 11.98 241.34 479.23 12.00 2465750
20.15 11.98 241.34 479.95 12.00 2465770
20.15 11.98 241.34 480.62 12.00 2465790
20.15 11.96 241.00 481.51 12.00 2465810
20.15 11.96 241.00 482.21 12.00 2465830
20.15 11.96 241.00 482.52 12.00 2465850
20.14 12.04 242.58 483.82 12.00 2465870
20.14 12.04 242.58 484.05 12.00 2465890
20.14 12.04 242.58 485.12 12.00 2465910
20.14 12.04 242.58 485.83 12.00 2465930
20.14 12.05 242.73 486.63 12.00 2465950
20.14 12.05 242.73 487.41 12.00 2465970
20.14 12.05 242.73 487.84 12.00 2465990
20.14 11.98 241.42 489.21 12.00 2466010
20.15 11.98 241.44 489.66 12.00 2466030
20.15 11.98 241.44 490.44 12.00 2466050
20.15 11.98 241.44 491.59 12.00 2466070
20.14 12.03 242.33 492.22 12.00 2466090
20.14 12.03 242.33 493.06 12.00 2466110
20.14 12.03 242.33 493.41 12.00 2466130
20.14 12.03 242.33 494.29 12.00 2466150
20.14 12.05 242.77 495.40 12.00 2466170
20.14 12.05 242.77 495.67 12.00 2466190
20.14 12.05 242.77 496.91 12.00 2466210
20.15 11.94 240.55 497.42 12.00 2466230
20.15 11.94 240.55 498.04 12.00 2466250
20.15 11.94 240.55 498.82 12.00 2466270
20.15 11.94 240.55 499.45 12.00 2466290
20.14 11.93 240.42 500.49 12.00 2466310
20.14 11.93 240.42 500.86 12.00 2466330
20.14 11.93 240.42 502.01 12.00 2466350
20.14 11.93 240.42 502.73 12.00 2466370
20.14 11.96 241.02 503.34 12.00 2466390
20.14 11.96 241.02 504.37 12.00 2466410
20.14 11.96 241.02 505.01 12.00 2466430
20.15 11.99 241.49 505.97 12.00 2466450
20.15 11.99 241.49 506.15 12.00 2466470
20.15 11.99 241.49 506.98 12.00 2466490
20.15 11.99 241.49 508.01 12.00 2466510
20.14 11.97 241.17 508.70 12.00 2466530
20.14 11.97 241.17 509.52 12.00 2466550
20.14 11.97 241.17 510.33 12.00 2466570
20.15 11.95 240.73 510.81 12.00 2466590
20.15 11.95 240.73 511.54 12.00 2466610
20.15 11.95 240.73 512.25 12.00 2466630
20.15 11.95 240.73 513.10 12.00 2466650
20.14 11.93 240.25 513.84 12.00 2466670
20.14 11.93 240.25 514.42 12.00 2466690
20.14 11.93 240.25 515.14 12.00 2466710
20.14 11.93 240.25 515.90 12.00 2466730
20.15 11.95 240.83 516.64 12.00 2466750
20.15 11.95 240.83 517.62 12.00 2466770
20.15 11.95 240.83 517.95 12.00 2466790
20.15 11.94 240.50 518.91 12.00 2466810
20.15 11.94 240.50 519.63 12.00 2466830
20.15 11.94 240.50 520.37 12.00 2466850
20.15 11.94 240.50 521.13 12.00 2466870
20.14 11.97 241.22 521.98 12.00 2466890
20.14 11.97 241.22 522.07 12.00 2466910
20.14 11.97 241.22 523.48 12.00 2466930
20.14 11.97 241.22 523.91 12.00 2466950
20.15 11.99 241.59 524.65 12.00 2466970
20.15 11.99 241.59 525.10 12.00 2466990
20.15 11.99 241.59 526.33 12.00 2467010
20.14 11.98 241.41 527.02 12.00 2467030
20.14 11.98 241.41 527.65 12.00 2467050
20.14 11.98 241.41 528.85 12.00 2467070
20.14 11.98 241.41 529.06 12.00 2467090
20.14 11.95 240.72 529.59 12.00 2467110
20.14 11.95 240.72 530.42 12.00 2467130
20.14 11.95 240.72 530.98 12.00 2467150
20.15 11.91 240.03 531.45 12.00 2467170
20.15 11.91 240.03 532.96 12.00 2467190
20.15 11.91 240.03 533.35 12.00 2467210
20.15 11.91 240.03 534.22 12.00 2467230
20.15 11.95 240.78 535.05 12.00 2467250
20.15 11.95 240.78 535.40 12.00 2467270
20.15 11.95 240.78 536.36 12.00 2467290
20.15 11.95 240.78 536.87 12.00 2467310
20.15 11.90 239.73 537.62 12.00 2467330
20.15 11.90 239.73 538.53 12.00 2467350
20.15 11.90 239.73 539.38 12.00 2467370
20.15 11.92 240.23 539.91 12.00 2467390
20.15 11.92 240.23 540.80 12.00 2467410
20.15 11.92 240.23 541.14 12.00 2467430
20.15 11.92 240.23 541.87 12.00 2467450
20.14 11.95 240.82 542.56 12.00 2467470
20.14 11.95 240.82 543.28 12.00 2467490
20.14 11.95 240.82 543.78 12.00 2467510
20.14 11.99 241.52 544.93 12.00 2467530
20.14 11.99 241.52 545.43 12.00 2467550
20.14 11.99 241.52 546.05 12.00 2467570
20.14 11.99 241.52 547.10 12.00 2467590
20.14 11.95 240.72 547.55 12.00 2467610
20.14 11.95 240.72 548.33 12.00 2467630
20.14 11.95 240.72 549.03 12.00 2467650
20.14 11.95 240.72 549.26 12.00 2467670
20.15 11.89 239.64 550.41 12.00 2467690
20.15 11.89 239.64 551.16 12.00 2467710
20.15 11.89 239.64 551.17 12.00 2467730
20.15 11.90 239.76 552.57 12.00 2467750
20.15 11.90 239.76 553.03 12.00 2467770
20.15 11.90 239.76 553.69 12.00 2467790
20.15 11.90 239.76 554.79 12.00 2467810
20.14 12.01 241.88 555.15 12.00 2467830
20.14 12.01 241.88 556.13 12.00 2467850
20.14 12.01 241.88 556.49 12.00 2467870
20.14 12.01 241.88 557.32 12.00 2467890
20.14 11.96 240.97 558.06 12.00 2467910
20.14 11.96 240.97 558.91 12.00 2467930
20.14 11.96 240.97 560.05 12.00 2467950
20.15 11.95 240.78 560.52 12.00 2467970
20.15 11.95 240.78 561.06 12.00 2467990
20.15 11.95 240.78 561.66 12.00 2468010
20.15 11.95 240.78 562.54 12.00 2468030
20.14 11.95 240.77 562.94 12.00 2468050
20.14 11.95 240.77 563.90 12.00 2468070
20.14 11.95 240.77 564.31 12.00 2468090
20.15 11.95 240.83 565.06 12.00 2468110
20.15 11.95 240.83 566.14 12.00 2468130
20.15 11.95 240.83 566.08 12.00 2468150
20.15 11.95 240.83 567.16 12.00 2468170
20.15 11.93 240.33 567.35 12.00 2468190
20.15 11.93 240.33 568.62 12.00 2468210
20.15 11.93 240.33 568.96 12.00 2468230
20.15 11.93 240.33 570.11 12.00 2468250
20.15 11.95 240.70 570.83 12.00 2468270
20.15 11.95 240.70 570.99 12.00 2468290
20.15 11.95 240.70 572.12 12.00 2468310
20.14 11.93 240.37 572.55 12.00 2468330
20.14 11.93 240.37 573.22 12.00 2468350
20.14 11.93 240.37 574.04 12.00 2468370
20.14 11.93 240.37 574.64 12.00 2468390
20.15 11.99 241.64 575.15 12.00 2468410
20.15 11.99 241.64 575.76 12.00 2468430
20.15 11.99 241.64 576.67 12.00 2468450
20.15 11.99 241.64 577.51 12.00 2468470
20.14 12.04 242.53 577.21 12.00 2468490
20.14 12.04 242.53 578.53 12.00 2468510
20.14 12.04 242.53 579.35 12.00 2468530
20.15 11.89 239.54 580.01 12.00 2468550
20.15 11.89 239.54 580.63 12.00 2468570
20.15 11.89 239.54 580.99 12.00 2468590
20.15 11.89 239.54 582.27 12.00 2468610
20.15 11.86 238.88 582.69 12.00 2468630
20.15 11.86 238.88 583.29 12.00 2468650
20.15 11.86 238.88 584.21 12.00 2468670
20.14 11.98 241.42 584.62 12.00 2468690
20.14 11.98 241.42 585.41 12.00 2468710
20.14 11.98 241.42 586.21 12.00 2468730
20.14 11.98 241.42 586.45 12.00 2468750
20.15 11.91 239.88 587.58 12.00 2468770
20.15 11.91 239.88 587.53 12.00 2468790
20.15 11.91 239.88 588.66 12.00 2468810
20.15 11.91 239.88 589.24 12.00 2468830
20.15 11.97 241.14 590.39 12.00 2468850
20.15 11.97 241.14 590.76 12.00 2468870
20.15 11.97 241.14 591.61 12.00 2468890
20.15 11.92 240.09 592.05 12.00 2468910
20.15 11.92 240.09 592.03 12.00 2468930
20.15 11.92 240.09 593.34 12.00 2468950
20.15 11.92 240.09 593.94 12.00 2468970
20.15 11.94 240.58 594.80 12.00 2468990
20.15 11.94 240.58 595.20 12.00 2469010
20.15 11.94 240.58 596.21 12.00 2469030
20.15 11.91 239.91 596.58 12.00 2469050
20.15 11.91 239.91 597.49 12.00 2469070
20.15 11.91 239.91 597.75 12.00 2469090
20.15 11.91 239.91 598.21 12.00 2469110
20.15 11.72 236.15 599.06 12.00 2469130
20.15 11.72 236.15 599.83 12.00 2469150
20.15 11.72 236.15 600.41 12.00 2469170
20.15 11.72 236.15 600.78 12.00 2469190
20.14 11.74 236.59 601.14 12.00 2469210
20.14 11.74 236.59 602.57 12.00 2469230
20.14 11.74 236.59 603.09 12.00 2469250
20.15 11.94 240.60 604.24 12.00 2469270
20.15 11.94 240.60 604.97 12.00 2469290
20.15 11.94 240.60 605.07 12.00 2469310
20.15 11.94 240.60 605.71 12.00 2469330
20.15 11.93 240.43 606.27 12.00 2469350
20.15 11.93 240.43 606.46 12.00 2469370
20.15 11.93 240.43 607.39 12.00 2469390
20.15 11.93 240.43 608.28 12.00 2469410
20.15 11.95 240.75 609.03 12.00 2469430
20.15 11.95 240.75 609.44 12.00 2469450
20.15 11.95 240.75 610.53 12.00 2469470
20.14 11.96 240.92 610.25 12.00 2469490
20.14 11.96 240.92 612.28 12.00 2469510
20.14 11.96 240.92 612.35 12.00 2469530
20.14 11.96 240.92 612.89 12.00 2469550
20.15 11.96 240.88 613.43 12.00 2469570
20.15 11.96 240.88 614.58 12.00 2469590
20.15 11.96 240.88 614.82 12.00 2469610
20.15 11.95 240.73 615.41 12.00 2469630
20.15 11.95 240.73 615.94 12.00 2469650
20.15 11.95 240.73 616.38 12.00 2469670
20.15 11.95 240.73 617.48 12.00 2469690
20.15 11.91 239.93 618.09 12.00 2469710
20.15 11.91 239.93 618.85 12.00 2469730
20.15 11.91 239.93 619.67 12.00 2469750
20.15 11.91 239.93 620.08 12.00 2469770
20.15 11.91 239.89 620.86 12.00 2469790
20.15 11.91 239.89 621.72 12.00 2469810
20.15 11.91 239.89 622.27 12.00 2469830
20.15 11.88 239.45 622.72 12.00 2469850
20.15 11.88 239.45 623.09 12.00 2469870
20.15 11.88 239.45 623.43 12.00 2469890
20.15 11.88 239.45 624.29 12.00 2469910
20.15 11.90 239.83 624.51 12.00 2469930
20.15 11.90 239.83 625.50 12.00 2469950
20.15 11.90 239.83 626.21 12.00 2469970
20.15 11.90 239.83 627.19 12.00 2469990
20.15 11.95 240.78 627.24 12.00 2470010
20.15 11.95 240.78 628.13 12.00 2470030
20.15 11.95 240.78 628.81 12.00 2470050
20.15 11.81 238.03 629.62 12.00 2470070
20.15 11.81 238.03 630.13 12.00 2470090
20.15 11.81 238.03 630.96 12.00 2470110
20.15 11.81 238.03 630.96 12.00 2470130
20.15 11.89 239.47 631.55 12.00 2470150
20.15 11.89 239.47 632.90 12.00 2470170
20.15 11.89 239.47 633.06 12.00 2470190
20.15 11.88 239.40 633.69 12.00 2470210
20.15 11.88 239.40 634.32 12.00 2470230
20.15 11.88 239.40 634.92 12.00 2470250
20.15 11.88 239.40 635.47 12.00 2470270
20.14 11.94 240.62 636.46 12.00 2470290
20.14 11.94 240.62 636.96 12.00 2470310
20.14 11.94 240.62 637.33 12.00 2470330
20.14 11.94 240.62 638.37 12.00 2470350
20.14 11.98 241.36 638.72 12.00 2470370
20.14 11.98 241.36 638.81 12.00 2470390
20.14 11.98 241.36 640.25 12.00 2470410
20.15 11.91 239.99 640.75 12.00 2470430
20.15 11.91 239.99 641.48 12.00 2470450
20.15 11.91 239.99 642.05 12.00 2470470
20.15 11.91 239.99 642.03 12.00 2470490
20.15 11.94 240.53 643.09 12.00 2470510
20.15 11.94 240.53 643.38 12.00 2470530
20.15 11.94 240.53 644.51 12.00 2470550
20.15 11.92 240.09 645.06 12.00 2470570
20.15 11.92 240.09 645.95 12.00 2470590
20.15 11.92 240.09 646.19 12.00 2470610
20.15 11.92 240.09 647.05 12.00 2470630
20.15 11.89 239.62 647.17 12.00 2470650
20.15 11.89 239.62 647.58 12.00 2470670
20.15 11.89 239.62 648.59 12.00 2470690
20.15 11.89 239.62 649.11 12.00 2470710
20.15 11.93 240.28 649.96 12.00 2470730
20.15 11.93 240.28 650.92 12.00 2470750
20.15 11.93 240.28 651.28 12.00 2470770
20.15 11.91 239.89 651.93 12.00 2470790
20.15 11.91 239.89 652.48 12.00 2470810
20.15 11.91 239.89 653.07 12.00 2470830
20.15 11.91 239.89 653.69 12.00 2470850
20.14 11.94 240.57 654.26 12.00 2470870
20.14 11.94 240.57 655.02 12.00 2470890
20.14 11.94 240.57 655.14 12.00 2470910
20.14 11.94 240.57 656.11 12.00 2470930
20.15 11.96 241.03 656.69 12.00 2470950
20.15 11.96 241.03 657.15 12.00 2470970
20.15 11.96 241.03 657.70 12.00 2470990
20.14 11.98 241.27 658.57 12.00 2471010
20.14 11.98 241.27 659.22 12.00 2471030
20.14 11.98 241.27 660.49 12.00 2471050
20.14 11.98 241.27 659.80 12.00 2471070
20.15 11.94 240.58 660.51 12.00 2471090
20.15 11.94 240.58 661.51 12.00 2471110
20.15 11.94 240.58 661.80 12.00 2471130
20.15 11.98 241.29 662.60 12.00 2471150
20.15 11.98 241.29 664.01 12.00 2471170
20.15 11.98 241.29 664.09 12.00 2471190
20.15 11.98 241.29 664.16 12.00 2471210
20.15 12.06 243.00 664.81 12.00 2471230
20.15 12.06 243.00 665.86 12.00 2471250
20.15 12.06 243.00 666.53 12.00 2471270
20.15 12.06 243.00 666.92 12.00 2471290
20.14 11.96 240.87 667.78 12.00 2471310
20.14 11.96 240.87 667.83 12.00 2471330
20.14 11.96 240.87 668.90 12.00 2471350
20.15 11.88 239.40 669.39 12.00 2471370
20.15 11.88 239.40 669.67 12.00 2471390
20.15 11.88 239.40 670.17 12.00 2471410
20.15 11.88 239.40 671.46 12.00 2471430
20.15 11.95 240.80 671.76 12.00 2471450
20.15 11.95 240.80 672.46 12.00 2471470
20.15 11.95 240.80 673.14 12.00 2471490
20.15 11.95 240.80 673.64 12.00 2471510
20.15 11.88 239.44 673.63 12.00 2471530
20.15 11.88 239.44 674.87 12.00 2471550
20.15 11.88 239.44 675.51 12.00 2471570
20.15 11.91 239.93 675.72 12.00 2471590
20.15 11.91 239.93 676.45 12.00 2471610
20.15 11.91 239.93 677.03 12.00 2471630
20.15 11.91 239.93 677.88 12.00 2471650
20.15 11.90 239.79 677.85 12.00 2471670
20.15 11.90 239.79 679.36 12.00 2471690
20.15 11.90 239.79 679.08 12.00 2471710
20.15 11.92 240.18 680.03 12.00 2471730
20.15 11.92 240.18 680.35 12.00 2471750
20.15 11.92 240.18 681.79 12.00 2471770
20.15 11.92 240.18 681.79 12.00 2471790
20.15 11.89 239.60 682.25 12.00 2471810
20.15 11.89 239.60 683.29 12.00 2471830
20.15 11.89 239.60 683.86 12.00 2471850
20.15 11.89 239.60 683.78 12.00 2471870
20.15 11.84 238.50 684.45 12.00 2471890
20.15 11.84 238.50 685.35 12.00 2471910
20.15 11.84 238.50 685.28 12.00 2471930
20.15 11.91 240.03 685.78 12.00 2471950
20.15 11.91 240.03 686.91 12.00 2471970
20.15 11.91 240.03 687.55 12.00 2471990
20.15 11.91 240.03 688.33 12.00 2472010
20.15 11.83 238.34 689.20 12.00 2472030
20.15 11.83 238.34 689.35 12.00 2472050
20.15 11.83 238.34 690.42 12.00 2472070
20.15 11.97 241.14 691.06 12.00 2472090
20.15 11.97 241.14 690.67 12.00 2472110
20.15 11.97 241.14 692.15 12.00 2472130
20.15 11.97 241.14 692.55 12.00 2472150
20.15 11.94 240.50 692.46 12.00 2472170
20.15 11.94 240.50 693.81 12.00 2472190
20.15 11.94 240.50 694.51 12.00 2472210
20.15 11.94 240.50 694.53 12.00 2472230
20.14 12.00 241.66 695.15 12.00 2472250
20.14 12.00 241.66 695.51 12.00 2472270
20.14 12.00 241.66 696.66 12.00 2472290
20.15 11.86 238.92 697.24 12.00 2472310
20.15 11.86 238.92 697.59 12.00 2472330
20.15 11.86 238.92 698.18 12.00 2472350
20.15 11.86 238.92 698.04 12.00 2472370
20.33 5.06 102.83 699.26 12.00 2472390
20.33 5.06 102.83 699.15 12.00 2472410
20.33 5.06 102.83 699.03 12.00 2472430
20.33 5.06 102.83 699.86 12.00 2472450
20.26 5.70 115.59 699.94 12.00 2472470
20.26 5.70 115.59 699.95 12.00 2472490
20.26 5.70 115.59 700.19 12.00 2472510
20.23 7.78 157.42 700.68 12.00 2472530
20.23 7.78 157.42 701.34 12.00 2472550
20.23 7.78 157.42 701.30 12.00 2472570
20.23 7.78 157.42 702.03 12.00 2472590
20.22 8.34 168.69 702.00 12.00 2472610
20.22 8.34 168.69 702.58 12.00 2472630
20.22 8.34 168.69 702.95 12.00 2472650
20.21 9.01 182.17 704.01 12.00 2472670
20.21 9.01 182.17 703.94 12.00 2472690
20.21 9.01 182.17 704.53 12.00 2472710
20.21 9.01 182.17 705.22 12.00 2472730
20.21 8.96 181.07 704.58 12.00 2472750
20.21 8.96 181.07 705.56 12.00 2472770
20.21 8.96 181.07 705.63 12.00 2472790
20.21 8.96 181.07 706.81 12.00 2472810
20.21 9.01 182.01 706.13 12.00 2472830
20.21 9.01 182.01 707.61 12.00 2472850
20.21 9.01 182.01 707.60 12.00 2472870
20.20 9.42 190.31 707.96 12.00 2472890
20.20 9.42 190.31 708.62 12.00 2472910
20.20 9.42 190.31 709.25 12.00 2472930
20.20 9.42 190.31 709.59 12.00 2472950
20.21 8.82 178.25 710.24 12.00 2472970
20.21 8.82 178.25 710.42 12.00 2472990
20.21 8.82 178.25 710.93 12.00 2473010
20.21 8.82 178.25 711.14 12.00 2473030
20.20 9.34 188.75 711.89 12.00 2473050
20.20 9.34 188.75 712.19 12.00 2473070
20.20 9.34 188.75 712.72 12.00 2473090
20.21 9.09 183.73 712.76 12.00 2473110
20.21 9.09 183.73 714.02 12.00 2473130
20.21 9.09 183.73 713.91 12.00 2473150
20.21 9.09 183.73 714.29 12.00 2473170
20.21 8.66 175.05 714.71 12.00 2473190
20.21 8.66 175.05 715.35 12.00 2473210
20.21 8.66 175.05 715.91 12.00 2473230
20.21 8.86 179.10 715.41 12.00 2473250
20.21 8.86 179.10 716.37 12.00 2473270
20.21 8.86 179.10 717.28 12.00 2473290
20.21 8.86 179.10 717.45 12.00 2473310
20.20 9.17 185.27 717.87 12.00 2473330
20.20 9.17 185.27 718.10 12.00 2473350
20.20 9.17 185.27 718.49 12.00 2473370
20.20 9.17 185.27 719.51 12.00 2473390
20.22 8.56 173.01 719.53 12.00 2473410
20.22 8.56 173.01 719.61 12.00 2473430
20.22 8.56 173.01 720.45 12.00 2473450
20.21 8.70 175.96 720.72 12.00 2473470
20.21 8.70 175.96 720.89 12.00 2473490
20.21 8.70 175.96 721.95 12.00 2473510
20.21 8.70 175.96 721.64 12.00 2473530
20.21 8.82 178.26 722.40 12.00 2473550
20.21 8.82 178.26 723.14 12.00 2473570
20.21 8.82 178.26 722.92 12.00 2473590
20.21 8.73 176.47 723.83 12.00 2473610
20.21 8.73 176.47 724.33 12.00 2473630
20.21 8.73 176.47 724.40 12.00 2473650
20.21 8.73 176.47 724.94 12.00 2473670
20.22 8.63 174.40 725.21 12.00 2473690
20.22 8.63 174.40 725.55 12.00 2473710
20.22 8.63 174.40 725.79 12.00 2473730
20.22 8.63 174.40 726.35 12.00 2473750
20.22 8.53 172.56 726.77 12.00 2473770
20.22 8.53 172.56 727.26 12.00 2473790
20.22 8.53 172.56 727.33 12.00 2473810
20.22 8.38 169.50 728.63 12.00 2473830
20.22 8.38 169.50 728.14 12.00 2473850
20.22 8.38 169.50 728.85 12.00 2473870
20.22 8.38 169.50 729.48 12.00 2473890
20.22 8.30 167.84 729.16 12.00 2473910
20.22 8.30 167.84 729.97 12.00 2473930
20.22 8.30 167.84 730.37 12.00 2473950
20.22 8.30 167.84 730.99 12.00 2473970
20.23 8.15 164.84 731.21 12.00 2473990
20.23 8.15 164.84 731.13 12.00 2474010
20.23 8.15 164.84 731.96 12.00 2474030
20.23 8.06 162.97 732.03 12.00 2474050
20.23 8.06 162.97 732.76 12.00 2474070
20.23 8.06 162.97 732.40 12.00 2474090
20.23 8.06 162.97 733.07 12.00 2474110
20.23 7.95 160.93 733.73 12.00 2474130
20.23 7.95 160.93 733.85 12.00 2474150
20.23 7.95 160.93 735.21 12.00 2474170
20.23 7.88 159.46 735.03 12.00 2474190
20.23 7.88 159.46 735.13 12.00 2474210
20.23 7.88 159.46 736.02 12.00 2474230
20.23 7.88 159.46 736.18 12.00 2474250
20.23 7.80 157.77 736.00 12.00 2474270
20.23 7.80 157.77 736.83 12.00 2474290
20.23 7.80 157.77 736.72 12.00 2474310
20.23 7.80 157.77 736.97 12.00 2474330
20.24 7.65 154.76 737.58 12.00 2474350
20.24 7.65 154.76 738.10 12.00 2474370
20.24 7.65 154.76 738.01 12.00 2474390
20.24 7.59 153.70 738.46 12.00 2474410
20.24 7.59 153.70 739.34 12.00 2474430
20.24 7.59 153.70 739.28 12.00 2474450
20.24 7.59 153.70 739.60 12.00 2474470
20.24 7.46 150.99 740.26 12.00 2474490
20.24 7.46 150.99 739.59 12.00 2474510
20.24 7.46 150.99 741.04 12.00 2474530
20.24 7.46 150.99 741.42 12.00 2474550
20.24 7.38 149.38 741.72 12.00 2474570
20.24 7.38 149.38 742.07 12.00 2474590
20.24 7.38 149.38 742.17 12.00 2474610
20.24 7.25 146.72 742.41 12.00 2474630
20.24 7.25 146.72 743.24 12.00 2474650
20.24 7.25 146.72 742.98 12.00 2474670
20.24 7.25 146.72 743.63 12.00 2474690
20.24 7.20 145.76 744.07 12.00 2474710
20.24 7.20 145.76 743.90 12.00 2474730
20.24 7.20 145.76 744.77 12.00 2474750
20.25 7.12 144.20 744.90 12.00 2474770
20.25 7.12 144.20 744.93 12.00 2474790
20.25 7.12 144.20 745.82 12.00 2474810
20.25 7.12 144.20 746.09 12.00 2474830
20.25 7.03 142.30 746.48 12.00 2474850
20.25 7.03 142.30 746.84 12.00 2474870
20.25 7.03 142.30 746.68 12.00 2474890
20.25 7.03 142.30 746.93 12.00 2474910
20.25 6.92 140.10 747.28 12.00 2474930
20.25 6.92 140.10 747.52 12.00 2474950
20.25 6.92 140.10 748.20 12.00 2474970
20.25 6.86 138.88 748.56 12.00 2474990
20.25 6.86 138.88 748.75 12.00 2475010
20.25 6.86 138.88 748.90 12.00 2475030
20.25 6.86 138.88 749.52 12.00 2475050
20.25 6.74 136.57 749.73 12.00 2475070
20.25 6.74 136.57 749.90 12.00 2475090
20.25 6.74 136.57 750.08 12.00 2475110
20.26 6.68 135.36 750.13 12.00 2475130
20.26 6.68 135.36 750.24 12.00 2475150
20.26 6.68 135.36 750.81 12.00 2475170
20.26 6.68 135.36 751.49 12.00 2475190
20.26 6.57 133.20 751.92 12.00 2475210
20.26 6.57 133.20 752.30 12.00 2475230
20.26 6.57 133.20 752.39 12.00 2475250
20.26 6.57 133.20 752.20 12.00 2475270
20.26 6.52 132.10 753.01 12.00 2475290
20.26 6.52 132.10 753.10 12.00 2475310
20.26 6.52 132.10 752.79 12.00 2475330
20.26 6.42 130.19 753.81 12.00 2475350
20.26 6.42 130.19 753.93 12.00 2475370
20.26 6.42 130.19 754.50 12.00 2475390
20.26 6.42 130.19 755.01 12.00 2475410
20.26 6.34 128.47 754.58 12.00 2475430
20.26 6.34 128.47 755.28 12.00 2475450
20.26 6.34 128.47 755.67 12.00 2475470
20.26 6.34 128.47 755.18 12.00 2475490
20.26 6.32 128.02 755.53 12.00 2475510
20.26 6.32 128.02 756.08 12.00 2475530
20.26 6.32 128.02 756.46 12.00 2475550
20.27 6.19 125.55 756.99 12.00 2475570
20.27 6.19 125.55 756.55 12.00 2475590
20.27 6.19 125.55 757.56 12.00 2475610
20.27 6.19 125.55 757.45 12.00 2475630
20.27 6.14 124.44 757.75 12.00 2475650
20.27 6.14 124.44 758.68 12.00 2475670
20.27 6.14 124.44 758.36 12.00 2475690
20.27 6.06 122.84 758.80 12.00 2475710
20.27 6.06 122.84 758.41 12.00 2475730
20.27 6.06 122.84 759.44 12.00 2475750
20.27 6.06 122.84 759.68 12.00 2475770
20.27 5.99 121.53 759.64 12.00 2475790
20.27 5.99 121.53 760.96 12.00 2475810
20.27 5.99 121.53 760.00 12.00 2475830
20.27 5.99 121.53 760.43 12.00 2475850
20.27 5.93 120.27 760.75 12.00 2475870
20.27 5.93 120.27 760.45 12.00 2475890
20.27 5.93 120.27 760.98 12.00 2475910
20.27 5.85 118.55 761.39 12.00 2475930
20.27 5.85 118.55 761.39 12.00 2475950
20.27 5.85 118.55 761.07 12.00 2475970
20.27 5.85 118.55 762.81 12.00 2475990
20.27 5.76 116.89 762.31 12.00 2476010
20.27 5.76 116.89 762.97 12.00 2476030
20.27 5.76 116.89 762.98 12.00 2476050
20.27 5.76 116.89 763.89 12.00 2476070
20.28 5.72 115.98 763.55 12.00 2476090
20.28 5.72 115.98 763.82 12.00 2476110
20.28 5.72 115.98 764.07 12.00 2476130
20.28 5.62 113.96 764.21 12.00 2476150
20.28 5.62 113.96 764.73 12.00 2476170
20.28 5.62 113.96 764.61 12.00 2476190
20.28 5.62 113.96 765.09 12.00 2476210
20.28 5.59 113.36 765.23 12.00 2476230
20.28 5.59 113.36 764.93 12.00 2476250
20.28 5.59 113.36 765.28 12.00 2476270
20.28 5.52 112.05 765.71 12.00 2476290
20.28 5.52 112.05 765.90 12.00 2476310
20.28 5.52 112.05 766.52 12.00 2476330
20.28 5.52 112.05 766.71 12.00 2476350
20.28 5.46 110.84 767.76 12.00 2476370
20.28 5.46 110.84 767.64 12.00 2476390
20.28 5.46 110.84 767.43 12.00 2476410
20.28 5.46 110.84 767.77 12.00 2476430
20.28 5.41 109.68 768.13 12.00 2476450
20.28 5.41 109.68 767.97 12.00 2476470
20.28 5.41 109.68 767.97 12.00 2476490
20.28 5.33 108.22 769.05 12.00 2476510
20.28 5.33 108.22 768.14 12.00 2476530
20.28 5.33 108.22 769.02 12.00 2476550
20.28 5.33 108.22 768.97 12.00 2476570
20.29 5.27 107.01 769.44 12.00 2476590
20.29 5.27 107.01 769.26 12.00 2476610
20.29 5.27 107.01 769.84 12.00 2476630
20.29 5.25 106.45 770.44 12.00 2476650
20.29 5.25 106.45 770.42 12.00 2476670
20.29 5.25 106.45 770.20 12.00 2476690
20.29 5.25 106.45 770.72 12.00 2476710
20.29 5.20 105.44 771.68 12.00 2476730
20.29 5.20 105.44 771.25 12.00 2476750
20.29 5.20 105.44 771.69 12.00 2476770
20.29 5.20 105.44 771.40 12.00 2476790
20.29 5.10 103.52 771.95 12.00 2476810
20.29 5.10 103.52 772.47 12.00 2476830
20.29 5.10 103.52 772.33 12.00 2476850
20.29 5.07 102.87 772.11 12.00 2476870
20.29 5.07 102.87 772.88 12.00 2476890
20.29 5.07 102.87 772.64 12.00 2476910
20.29 5.07 102.87 773.47 12.00 2476930
20.29 5.00 101.51 773.56 12.00 2476950
20.29 5.00 101.51 773.45 12.00 2476970
20.29 5.00 101.51 774.48 12.00 2476990
20.29 5.00 101.51 773.42 12.00 2477010
20.29 4.97 100.86 774.60 12.00 2477030
20.29 4.97 100.86 774.01 12.00 2477050
20.29 4.97 100.86 774.84 12.00 2477070
20.29 4.90 99.44 774.79 12.00 2477090
20.29 4.90 99.44 773.86 12.00 2477110
20.29 4.90 99.44 774.79 12.00 2477130
20.29 4.90 99.44 775.85 12.00 2477150
20.30 4.87 98.89 775.65 12.00 2477170
20.30 4.87 98.89 776.24 12.00 2477190
20.30 4.87 98.89 775.63 12.00 2477210
20.30 4.78 97.02 775.89 12.00 2477230
20.30 4.78 97.02 775.85 12.00 2477250
20.30 4.78 97.02 776.10 12.00 2477270
20.30 4.78 97.02 776.53 12.00 2477290
20.30 4.77 96.92 777.17 12.00 2477310
20.30 4.77 96.92 776.93 12.00 2477330
20.30 4.77 96.92 776.77 12.00 2477350
20.30 4.77 96.92 777.68 12.00 2477370
20.30 4.69 95.30 777.54 12.00 2477390
20.30 4.69 95.30 777.81 12.00 2477410
20.30 4.69 95.30 778.16 12.00 2477430
20.30 4.66 94.54 778.39 12.00 2477450
20.30 4.66 94.54 777.92 12.00 2477470
20.30 4.66 94.54 778.62 12.00 2477490
20.30 4.66 94.54 778.80 12.00 2477510
20.30 4.58 92.98 778.47 12.00 2477530
20.30 4.58 92.98 779.16 12.00 2477550
20.30 4.58 92.98 779.15 12.00 2477570
20.30 4.57 92.78 779.81 12.00 2477590
20.30 4.57 92.77 779.21 12.00 2477610
20.30 4.57 92.77 779.97 12.00 2477630
20.30 4.57 92.77 780.48 12.00 2477650
20.30 4.52 91.76 780.05 12.00 2477670
20.30 4.52 91.76 780.64 12.00 2477690
20.30 4.52 91.76 781.21 12.00 2477710
20.30 4.52 91.76 780.42 12.00 2477730
20.30 4.47 90.80 780.05 12.00 2477750
20.30 4.47 90.80 780.86 12.00 2477770
20.30 4.47 90.80 781.89 12.00 2477790
20.30 4.42 89.84 781.73 12.00 2477810
20.30 4.42 89.84 781.61 12.00 2477830
20.30 4.42 89.84 782.10 12.00 2477850
20.30 4.42 89.84 782.73 12.00 2477870
20.31 4.39 89.14 782.25 12.00 2477890
20.31 4.39 89.14 782.43 12.00 2477910
20.31 4.39 89.14 782.99 12.00 2477930
20.31 4.39 89.14 782.64 12.00 2477950
20.31 4.34 88.08 782.88 12.00 2477970
20.31 4.34 88.08 782.97 12.00 2477990
20.31 4.34 88.08 783.09 12.00 2478010
20.31 4.30 87.42 783.14 12.00 2478030
20.31 4.30 87.42 783.35 12.00 2478050
20.31 4.30 87.42 783.38 12.00 2478070
20.31 4.30 87.42 783.18 12.00 2478090
20.31 4.22 85.70 783.77 12.00 2478110
20.31 4.22 85.70 784.07 12.00 2478130
20.31 4.22 85.70 784.36 12.00 2478150
20.31 4.20 85.34 784.43 12.00 2478170
20.31 4.20 85.34 784.72 12.00 2478190
20.31 4.20 85.34 785.10 12.00 2478210
20.31 4.20 85.34 784.97 12.00 2478230
20.31 4.14 84.18 785.02 12.00 2478250
20.31 4.14 84.18 785.07 12.00 2478270
20.31 4.14 84.18 785.10 12.00 2478290
20.31 4.14 84.18 785.71 12.00 2478310
20.31 4.14 84.03 785.63 12.00 2478330
20.31 4.14 84.03 786.07 12.00 2478350
20.31 4.14 84.03 785.69 12.00 2478370
20.31 4.05 82.21 786.31 12.00 2478390
20.31 4.05 82.21 786.86 12.00 2478410
20.31 4.05 82.21 786.66 12.00 2478430
20.31 4.05 82.21 786.62 12.00 2478450
20.31 4.05 82.21 787.29 12.00 2478470
20.31 4.05 82.21 786.61 12.00 2478490
20.31 4.05 82.21 787.19 12.00 2478510
20.31 4.05 82.21 787.47 12.00 2478530
20.31 3.98 80.90 787.55 12.00 2478550
20.31 3.98 80.90 788.26 12.00 2478570
20.31 3.98 80.90 787.88 12.00 2478590
20.31 3.99 81.05 787.97 12.00 2478610
20.31 3.99 81.05 788.75 12.00 2478630
20.31 3.99 81.05 788.18 12.00 2478650
20.31 3.99 81.05 788.28 12.00 2478670
20.31 3.94 79.99 788.26 12.00 2478690
20.31 3.94 79.99 789.06 12.00 2478710
20.31 3.94 79.99 789.05 12.00 2478730
20.31 3.93 79.79 788.63 12.00 2478750
20.31 3.93 79.79 789.05 12.00 2478770
20.31 3.93 79.79 788.50 12.00 2478790
20.31 3.93 79.79 789.26 12.00 2478810
20.31 3.82 77.70 789.14 12.00 2478830
20.31 3.82 77.70 790.17 12.00 2478850
20.31 3.82 77.70 789.67 12.00 2478870
20.31 3.82 77.70 789.82 12.00 2478890
20.32 3.83 77.86 789.78 12.00 2478910
20.32 3.83 77.86 790.33 12.00 2478930
20.32 3.83 77.86 790.30 12.00 2478950
20.32 3.77 76.70 791.39 12.00 2478970
20.32 3.77 76.70 790.80 12.00 2478990
20.32 3.77 76.70 791.24 12.00 2479010
20.32 3.77 76.70 791.29 12.00 2479030
20.32 3.76 76.44 791.24 12.00 2479050
20.32 3.76 76.44 791.42 12.00 2479070
20.32 3.76 76.44 791.47 12.00 2479090
20.32 3.72 75.58 790.73 12.00 2479110
20.32 3.72 75.59 791.59 12.00 2479130
20.32 3.72 75.59 791.97 12.00 2479150
20.32 3.72 75.59 791.79 12.00 2479170
20.32 3.70 75.13 792.15 12.00 2479190
20.32 3.70 75.13 792.20 12.00 2479210
20.32 3.70 75.13 792.17 12.00 2479230
20.32 3.70 75.13 792.72 12.00 2479250
20.32 3.66 74.32 792.77 12.00 2479270
20.32 3.66 74.32 793.16 12.00 2479290
20.32 3.66 74.32 792.58 12.00 2479310
20.32 3.62 73.61 792.97 12.00 2479330
20.32 3.62 73.61 792.71 12.00 2479350
20.32 3.62 73.61 793.02 12.00 2479370
20.32 3.62 73.61 793.65 12.00 2479390
20.32 3.59 72.96 793.49 12.00 2479410
20.32 3.59 72.96 793.56 12.00 2479430
20.32 3.59 72.96 793.56 12.00 2479450
20.32 3.59 72.96 793.99 12.00 2479470
20.32 3.58 72.75 794.29 12.00 2479490
20.32 3.58 72.75 794.17 12.00 2479510
20.32 3.58 72.75 794.55 12.00 2479530
20.32 3.50 71.08 793.98 12.00 2479550
20.32 3.50 71.08 794.37 12.00 2479570
20.32 3.50 71.08 794.88 12.00 2479590
20.32 3.50 71.08 795.36 12.00 2479610
20.32 3.52 71.64 794.53 12.00 2479630
20.32 3.52 71.64 794.54 12.00 2479650
20.32 3.52 71.64 795.02 12.00 2479670
20.32 3.44 70.02 794.70 12.00 2479690
20.32 3.44 70.02 795.50 12.00 2479710
20.32 3.44 70.02 795.99 12.00 2479730
20.32 3.44 70.02 795.47 12.00 2479750
20.32 3.44 69.97 795.89 12.00 2479770
20.32 3.44 69.97 796.01 12.00 2479790
20.32 3.44 69.97 796.09 12.00 2479810
20.32 3.44 69.97 796.63 12.00 2479830
20.32 3.41 69.31 796.52 12.00 2479850
20.32 3.41 69.31 796.28 12.00 2479870
20.32 3.41 69.31 796.43 12.00 2479890
20.33 3.39 69.01 796.37 12.00 2479910
20.33 3.39 69.01 796.38 12.00 2479930
20.33 3.39 69.01 797.38 12.00 2479950
20.33 3.39 69.01 796.25 12.00 2479970
20.32 3.37 68.44 796.84 12.00 2479990
20.32 3.37 68.44 797.16 12.00 2480010
20.32 3.37 68.44 797.11 12.00 2480030
20.32 3.37 68.44 797.18 12.00 2480050
20.33 3.30 67.03 797.55 12.00 2480070
20.33 3.30 67.03 796.92 12.00 2480090
20.33 3.30 67.03 797.45 12.00 2480110
20.33 3.30 67.18 797.40 12.00 2480130
20.33 3.30 67.18 797.98 12.00 2480150
20.33 3.30 67.18 798.21 12.00 2480170
20.33 3.30 67.18 798.08 12.00 2480190
20.33 3.28 66.67 798.23 12.00 2480210
20.33 3.28 66.67 798.66 12.00 2480230
20.33 3.28 66.67 798.96 12.00 2480250
20.33 3.26 66.32 798.86 12.00 2480270
20.33 3.26 66.32 798.95 12.00 2480290
20.33 3.26 66.32 798.61 12.00 2480310
20.33 3.26 66.32 798.88 12.00 2480330
20.33 3.20 65.10 798.66 12.00 2480350
20.33 3.20 65.10 799.20 12.00 2480370
20.33 3.20 65.10 799.46 12.00 2480390
20.33 3.20 65.10 799.00 12.00 2480410
20.33 3.21 65.26 799.54 12.00 2480430
20.33 3.21 65.26 800.18 12.00 2480450
20.33 3.21 65.26 799.68 12.00 2480470
20.33 3.17 64.50 800.00 12.00 2480490
20.33 3.17 64.50 799.52 12.00 2480510
20.33 3.17 64.50 799.47 12.00 2480530
20.33 3.17 64.50 800.11 12.00 2480550
20.33 3.16 64.30 799.95 12.00 2480570
20.33 3.16 64.30 800.30 12.00 2480590
20.33 3.16 64.30 800.83 12.00 2480610
20.33 3.15 64.09 800.35 12.00 2480630
20.33 3.15 64.09 800.94 12.00 2480650
20.33 3.15 64.09 800.62 12.00 2480670
20.33 3.15 64.09 801.15 12.00 2480690
20.33 3.08 62.67 800.68 12.00 2480710
20.33 3.08 62.67 800.85 12.00 2480730
20.33 3.08 62.67 800.92 12.00 2480750
20.33 3.08 62.67 800.93 12.00 2480770
20.33 3.09 62.78 801.42 12.00 2480790
20.33 3.09 62.78 801.25 12.00 2480810
20.33 3.09 62.78 801.25 12.00 2480830
20.33 3.05 61.97 801.68 12.00 2480850
20.33 3.05 61.97 801.71 12.00 2480870
20.33 3.05 61.97 801.61 12.00 2480890
20.33 3.05 61.97 802.04 12.00 2480910
20.33 3.02 61.40 802.30 12.00 2480930
20.33 3.02 61.40 801.53 12.00 2480950
20.33 3.02 61.40 802.18 12.00 2480970
20.33 3.02 61.40 802.19 12.00 2480990
20.33 2.96 60.24 802.64 12.00 2481010
20.33 2.96 60.24 801.90 12.00 2481030
20.33 2.96 60.24 803.20 12.00 2481050
20.33 2.96 60.29 802.43 12.00 2481070
20.33 2.96 60.29 802.66 12.00 2481090
20.33 2.96 60.29 802.50 12.00 2481110
20.33 2.96 60.29 803.18 12.00 2481130
20.33 2.96 60.29 803.54 12.00 2481150
20.33 2.96 60.29 803.00 12.00 2481170
20.33 2.96 60.29 802.48 12.00 2481190
20.33 2.92 59.48 803.04 12.00 2481210
20.33 2.92 59.48 803.80 12.00 2481230
20.33 2.92 59.48 803.45 12.00 2481250
20.33 2.92 59.48 803.47 12.00 2481270
20.34 2.90 58.98 803.89 12.00 2481290
20.34 2.90 58.98 803.68 12.00 2481310
20.34 2.90 58.98 804.05 12.00 2481330
20.34 2.90 58.98 804.21 12.00 2481350
20.33 2.90 59.02 803.76 12.00 2481370
20.33 2.90 59.02 804.35 12.00 2481390
20.33 2.90 59.02 803.98 12.00 2481410
20.34 2.87 58.31 803.99 12.00 2481430
20.34 2.87 58.31 804.56 12.00 2481450
20.34 2.87 58.31 804.77 12.00 2481470
20.34 2.87 58.31 804.49 12.00 2481490
20.34 2.82 57.40 805.25 12.00 2481510
20.34 2.82 57.40 804.68 12.00 2481530
20.34 2.82 57.40 804.13 12.00 2481550
20.34 2.82 57.40 804.58 12.00 2481570
20.34 2.83 57.56 804.46 12.00 2481590
20.34 2.83 57.56 804.95 12.00 2481610
20.34 2.83 57.56 805.15 12.00 2481630
20.34 2.80 57.05 805.21 12.00 2481650
20.34 2.80 57.05 805.74 12.00 2481670
20.34 2.80 57.05 805.55 12.00 2481690
20.34 2.80 57.05 805.30 12.00 2481710
20.34 2.78 56.64 805.95 12.00 2481730
20.34 2.78 56.64 805.81 12.00 2481750
20.34 2.78 56.64 805.60 12.00 2481770
20.34 2.76 56.23 804.85 12.00 2481790
20.34 2.76 56.23 805.73 12.00 2481810
20.34 2.76 56.23 806.26 12.00 2481830
20.34 2.76 56.23 806.19 12.00 2481850
20.34 2.71 55.07 805.99 12.00 2481870
20.34 2.71 55.07 806.31 12.00 2481890
20.34 2.71 55.07 806.54 12.00 2481910
20.34 2.71 55.07 806.65 12.00 2481930
20.34 2.71 55.22 806.38 12.00 2481950
20.34 2.71 55.22 806.94 12.00 2481970
20.34 2.71 55.22 806.70 12.00 2481990
20.34 2.68 54.56 806.89 12.00 2482010
20.34 2.68 54.56 806.30 12.00 2482030
20.34 2.68 54.56 807.17 12.00 2482050
20.34 2.68 54.56 806.74 12.00 2482070
20.34 2.66 54.21 806.66 12.00 2482090
20.34 2.66 54.21 806.87 12.00 2482110
20.34 2.66 54.21 807.29 12.00 2482130
20.34 2.62 53.29 807.54 12.00 2482150
20.34 2.62 53.30 807.88 12.00 2482170
20.34 2.62 53.30 807.94 12.00 2482190
20.34 2.62 53.30 807.37 12.00 2482210
20.34 2.63 53.60 807.95 12.00 2482230
20.34 2.63 53.60 807.93 12.00 2482250
20.34 2.63 53.60 808.12 12.00 2482270
20.34 2.63 53.60 807.78 12.00 2482290
20.34 2.59 52.74 808.11 12.00 2482310
20.34 2.59 52.74 807.88 12.00 2482330
20.34 2.59 52.74 808.14 12.00 2482350
20.34 2.60 52.89 807.83 12.00 2482370
20.34 2.60 52.89 807.63 12.00 2482390
20.34 2.60 52.89 808.37 12.00 2482410
20.34 2.60 52.89 808.48 12.00 2482430
20.34 2.57 52.23 808.58 12.00 2482450
20.34 2.57 52.23 808.90 12.00 2482470
20.34 2.57 52.23 808.35 12.00 2482490
20.34 2.57 52.23 808.52 12.00 2482510
20.34 2.54 51.72 807.78 12.00 2482530
20.34 2.54 51.72 808.63 12.00 2482550
20.34 2.54 51.72 808.67 12.00 2482570
20.34 2.52 51.27 808.83 12.00 2482590
20.34 2.52 51.27 809.20 12.00 2482610
20.34 2.52 51.27 808.99 12.00 2482630
20.34 2.52 51.27 808.78 12.00 2482650
20.34 2.53 51.47 808.72 12.00 2482670
20.34 2.53 51.47 809.63 12.00 2482690
20.34 2.53 51.47 808.73 12.00 2482710
20.34 2.47 50.20 808.93 12.00 2482730
20.34 2.47 50.20 809.56 12.00 2482750
20.34 2.47 50.20 810.59 12.00 2482770
20.34 2.47 50.20 809.78 12.00 2482790
20.34 2.45 49.79 809.76 12.00 2482810
20.34 2.45 49.79 809.54 12.00 2482830
20.34 2.45 49.79 809.49 12.00 2482850
20.34 2.45 49.79 809.31 12.00 2482870
20.34 2.45 49.90 809.78 12.00 2482890
20.34 2.45 49.90 811.03 12.00 2482910
20.34 2.45 49.90 810.00 12.00 2482930
20.34 2.47 50.20 810.68 12.00 2482950
20.34 2.47 50.20 810.59 12.00 2482970
20.34 2.47 50.20 809.97 12.00 2482990
20.34 2.47 50.20 810.32 12.00 2483010
20.35 2.42 49.34 810.11 12.00 2483030
20.35 2.42 49.34 810.38 12.00 2483050
20.35 2.42 49.34 810.11 12.00 2483070
20.35 2.42 49.34 810.34 12.00 2483090
20.34 2.45 49.84 810.10 12.00 2483110
20.34 2.45 49.84 810.92 12.00 2483130
20.34 2.45 49.84 810.06 12.00 2483150
20.35 2.36 48.12 810.58 12.00 2483170
20.35 2.36 48.12 810.92 12.00 2483190
20.35 2.36 48.12 811.12 12.00 2483210
20.35 2.36 48.12 811.18 12.00 2483230
20.35 2.39 48.68 811.55 12.00 2483250
20.35 2.39 48.68 811.21 12.00 2483270
20.35 2.39 48.68 811.32 12.00 2483290
20.35 2.32 47.26 810.92 12.00 2483310
20.35 2.32 47.26 811.30 12.00 2483330
20.35 2.32 47.26 811.17 12.00 2483350
20.35 2.32 47.26 811.42 12.00 2483370
20.35 2.39 48.68 811.13 12.00 2483390
20.35 2.39 48.68 811.93 12.00 2483410
20.35 2.39 48.68 811.92 12.00 2483430
20.35 2.39 48.68 811.81 12.00 2483450
20.35 2.34 47.62 810.98 12.00 2483470
20.35 2.34 47.62 811.64 12.00 2483490
20.35 2.34 47.62 812.06 12.00 2483510
20.35 2.32 47.31 811.66 12.00 2483530
20.35 2.32 47.31 811.53 12.00 2483550
20.35 2.32 47.31 811.92 12.00 2483570
20.35 2.32 47.31 812.69 12.00 2483590
20.35 2.28 46.35 812.15 12.00 2483610
20.35 2.28 46.35 811.93 12.00 2483630
20.35 2.28 46.35 812.48 12.00 2483650
20.35 2.29 46.60 812.64 12.00 2483670
20.35 2.29 46.60 812.31 12.00 2483690
20.35 2.29 46.60 811.98 12.00 2483710
20.35 2.29 46.60 812.47 12.00 2483730
20.35 2.26 46.04 813.48 12.00 2483750
20.35 2.26 46.04 812.63 12.00 2483770
20.35 2.26 46.04 812.69 12.00 2483790
20.35 2.26 46.04 811.51 12.00 2483810
20.35 2.23 45.38 812.81 12.00 2483830
20.35 2.23 45.38 812.41 12.00 2483850
20.35 2.23 45.38 813.42 12.00 2483870
20.35 2.21 44.93 813.20 12.00 2483890
20.35 2.21 44.93 812.69 12.00 2483910
20.35 2.21 44.93 812.83 12.00 2483930
20.35 2.21 44.93 813.17 12.00 2483950
20.35 2.30 46.80 813.04 12.00 2483970
20.35 2.30 46.80 813.20 12.00 2483990
20.35 2.30 46.80 812.98 12.00 2484010
20.35 2.30 46.80 813.56 12.00 2484030
20.35 2.19 44.62 813.26 12.00 2484050
20.35 2.19 44.62 813.35 12.00 2484070
20.35 2.19 44.62 813.50 12.00 2484090
20.35 2.20 44.82 813.50 12.00 2484110
20.35 2.20 44.82 813.67 12.00 2484130
20.35 2.20 44.82 813.45 12.00 2484150
20.35 2.20 44.82 813.55 12.00 2484170
20.35 2.17 44.21 813.23 12.00 2484190
20.35 2.17 44.21 812.98 12.00 2484210
20.35 2.17 44.21 813.64 12.00 2484230
20.35 2.19 44.57 814.29 12.00 2484250
20.35 2.19 44.57 813.53 12.00 2484270
20.35 2.19 44.57 814.66 12.00 2484290
20.35 2.19 44.57 814.89 12.00 2484310
20.35 2.09 42.49 814.09 12.00 2484330
20.35 2.09 42.49 814.93 12.00 2484350
20.35 2.09 42.49 813.97 12.00 2484370
20.35 2.09 42.49 814.75 12.00 2484390
20.35 2.18 44.37 814.39 12.00 2484410
20.35 2.18 44.37 814.10 12.00 2484430
20.35 2.18 44.37 814.42 12.00 2484450
20.35 2.09 42.54 814.34 12.00 2484470
20.35 2.09 42.54 814.29 12.00 2484490
20.35 2.09 42.54 814.64 12.00 2484510
20.35 2.09 42.54 814.55 12.00 2484530
20.35 2.10 42.74 815.44 12.00 2484550
20.35 2.10 42.74 814.96 12.00 2484570
20.35 2.10 42.74 814.66 12.00 2484590
20.35 2.10 42.74 814.80 12.00 2484610
20.35 2.05 41.77 814.39 12.00 2484630
20.35 2.05 41.77 815.26 12.00 2484650
20.35 2.05 41.77 814.25 12.00 2484670
20.35 2.10 42.69 814.70 12.00 2484690
20.35 2.10 42.69 814.96 12.00 2484710
20.35 2.10 42.69 815.11 12.00 2484730
20.35 2.10 42.69 815.01 12.00 2484750
20.35 2.06 41.98 814.83 12.00 2484770
20.35 2.06 41.98 815.55 12.00 2484790
20.35 2.06 41.98 815.08 12.00 2484810
20.35 2.08 42.33 815.59 12.00 2484830
20.35 2.08 42.33 815.74 12.00 2484850
20.35 2.08 42.33 815.42 12.00 2484870
20.35 2.08 42.33 814.22 12.00 2484890
20.35 2.05 41.73 815.47 12.00 2484910
20.35 2.05 41.73 815.32 12.00 2484930
20.35 2.05 41.73 815.78 12.00 2484950
20.35 2.05 41.73 815.39 12.00 2484970
20.35 2.04 41.52 815.64 12.00 2484990
20.35 2.04 41.52 814.85 12.00 2485010
20.35 2.04 41.52 815.87 12.00 2485030
20.35 2.02 41.06 815.36 12.00 2485050
20.35 2.02 41.06 815.48 12.00 2485070
20.35 2.02 41.06 815.75 12.00 2485090
20.35 2.02 41.06 816.04 12.00 2485110
20.35 2.02 41.07 815.18 12.00 2485130
20.35 2.02 41.07 815.35 12.00 2485150
20.35 2.02 41.07 815.88 12.00 2485170
20.35 2.00 40.61 817.08 12.00 2485190
20.35 2.00 40.61 816.18 12.00 2485210
20.35 2.00 40.61 816.47 12.00 2485230
20.35 2.00 40.61 816.25 12.00 2485250
20.35 2.03 41.42 816.45 12.00 2485270
20.35 2.03 41.42 816.10 12.00 2485290
20.35 2.03 41.42 816.45 12.00 2485310
20.35 2.03 41.42 816.24 12.00 2485330
20.36 1.98 40.31 815.80 12.00 2485350
20.36 1.98 40.31 817.00 12.00 2485370
20.36 1.98 40.31 816.55 12.00 2485390
20.35 2.04 41.47 816.36 12.00 2485410
20.35 2.04 41.47 816.53 12.00 2485430
20.35 2.04 41.47 816.18 12.00 2485450
20.35 2.04 41.47 817.05 12.00 2485470
20.36 1.97 40.20 817.05 12.00 2485490
20.36 1.97 40.20 816.59 12.00 2485510
20.36 1.97 40.20 816.86 12.00 2485530
20.36 1.97 40.20 815.95 12.00 2485550
20.35 1.97 40.10 816.74 12.00 2485570
20.35 1.97 40.10 816.67 12.00 2485590
20.35 1.97 40.10 817.23 12.00 2485610
20.35 1.96 40.00 817.05 12.00 2485630
20.35 1.96 40.00 816.98 12.00 2485650
20.35 1.96 40.00 816.72 12.00 2485670
20.35 1.96 40.00 816.10 12.00 2485690
20.35 1.98 40.25 816.80 12.00 2485710
20.35 1.98 40.25 816.92 12.00 2485730
20.35 1.98 40.25 817.19 12.00 2485750
20.36 1.91 38.88 818.23 12.00 2485770
20.36 1.91 38.88 817.56 12.00 2485790
20.36 1.91 38.88 817.16 12.00 2485810
20.36 1.91 38.88 817.86 12.00 2485830
20.36 1.97 40.05 817.31 12.00 2485850
20.36 1.97 40.05 817.71 12.00 2485870
20.36 1.97 40.05 817.14 12.00 2485890
20.36 1.97 40.05 817.63 12.00 2485910
20.36 1.90 38.63 817.51 12.00 2485930
20.36 1.90 38.63 817.13 12.00 2485950
20.36 1.90 38.63 817.34 12.00 2485970
20.36 1.94 39.44 818.46 12.00 2485990
20.36 1.94 39.44 817.48 12.00 2486010
20.36 1.94 39.44 817.63 12.00 2486030
20.36 1.94 39.44 817.85 12.00 2486050
20.36 1.89 38.53 818.11 12.00 2486070
20.36 1.89 38.53 818.14 12.00 2486090
20.36 1.89 38.53 817.54 12.00 2486110
20.36 1.89 38.53 818.13 12.00 2486130
20.35 1.91 38.98 818.06 12.00 2486150
20.35 1.91 38.98 817.31 12.00 2486170
20.35 1.91 38.98 818.17 12.00 2486190
20.36 1.91 38.88 818.99 12.00 2486210
20.36 1.91 38.88 818.30 12.00 2486230
20.36 1.91 38.88 818.67 12.00 2486250
20.36 1.91 38.88 818.23 12.00 2486270
20.36 1.91 38.88 817.88 12.00 2486290
20.36 1.91 38.88 818.41 12.00 2486310
20.36 1.91 38.88 818.22 12.00 2486330
20.36 1.89 38.42 818.81 12.00 2486350
20.36 1.89 38.42 818.25 12.00 2486370
20.36 1.89 38.42 818.16 12.00 2486390
20.36 1.89 38.42 818.25 12.00 2486410
20.36 1.83 37.26 818.57 12.00 2486430
20.36 1.83 37.26 818.70 12.00 2486450
20.36 1.83 37.26 818.51 12.00 2486470
20.36 1.83 37.26 818.78 12.00 2486490
20.36 1.79 36.39 818.71 12.00 2486510
20.36 1.79 36.39 817.97 12.00 2486530
20.36 1.79 36.39 818.60 12.00 2486550
20.36 1.84 37.41 818.73 12.00 2486570
20.36 1.84 37.41 818.55 12.00 2486590
20.36 1.84 37.41 818.81 12.00 2486610
20.36 1.84 37.41 818.64 12.00 2486630
20.36 1.83 37.36 818.88 12.00 2486650
20.36 1.83 37.36 818.16 12.00 2486670
20.36 1.83 37.36 819.44 12.00 2486690
20.36 1.84 37.46 818.84 12.00 2486710
20.36 1.84 37.46 818.91 12.00 2486730
20.36 1.84 37.46 819.02 12.00 2486750
20.36 1.84 37.46 819.56 12.00 2486770
20.36 1.86 37.97 819.26 12.00 2486790
20.36 1.86 37.97 819.58 12.00 2486810
20.36 1.86 37.97 819.01 12.00 2486830
20.36 1.86 37.97 818.84 12.00 2486850
20.36 1.83 37.31 819.08 12.00 2486870
20.36 1.83 37.31 819.09 12.00 2486890
20.36 1.83 37.31 818.42 12.00 2486910
20.36 1.74 35.38 819.09 12.00 2486930
20.36 1.74 35.38 819.19 12.00 2486950
20.36 1.74 35.38 819.25 12.00 2486970
20.36 1.74 35.38 818.91 12.00 2486990
20.36 1.78 36.24 819.50 12.00 2487010
20.36 1.78 36.24 818.97 12.00 2487030
20.36 1.78 36.24 819.65 12.00 2487050
20.36 1.78 36.24 819.37 12.00 2487070
20.36 1.75 35.63 819.25 12.00 2487090
20.36 1.75 35.63 819.55 12.00 2487110
20.36 1.75 35.63 819.76 12.00 2487130
20.36 1.81 36.95 819.54 12.00 2487150
20.36 1.81 36.95 819.31 12.00 2487170
20.36 1.81 36.95 819.80 12.00 2487190
20.36 1.81 36.95 820.24 12.00 2487210
20.36 1.77 35.99 819.76 12.00 2487230
20.36 1.77 35.99 819.55 12.00 2487250
20.36 1.77 35.99 820.33 12.00 2487270
20.36 1.73 35.32 819.48 12.00 2487290
20.36 1.73 35.32 819.82 12.00 2487310
20.36 1.73 35.32 819.82 12.00 2487330
20.36 1.73 35.32 819.71 12.00 2487350
20.36 1.77 36.09 820.64 12.00 2487370
20.36 1.77 36.09 819.71 12.00 2487390
20.36 1.77 36.09 820.55 12.00 2487410
20.36 1.77 36.09 819.58 12.00 2487430
20.36 1.80 36.60 820.03 12.00 2487450
20.36 1.80 36.60 820.66 12.00 2487470
20.36 1.80 36.60 820.43 12.00 2487490
20.36 1.73 35.28 820.03 12.00 2487510
20.36 1.73 35.28 819.54 12.00 2487530
20.36 1.73 35.28 820.45 12.00 2487550
20.36 1.73 35.28 820.28 12.00 2487570
20.36 1.82 37.10 820.39 12.00 2487590
20.36 1.82 37.10 820.36 12.00 2487610
20.36 1.82 37.10 819.66 12.00 2487630
20.36 1.82 37.10 820.23 12.00 2487650
20.36 1.71 34.87 819.83 12.00 2487670
20.36 1.71 34.87 820.50 12.00 2487690
20.36 1.71 34.87 820.29 12.00 2487710
20.36 1.71 34.92 820.12 12.00 2487730
20.36 1.71 34.92 820.78 12.00 2487750
20.36 1.71 34.92 820.92 12.00 2487770
20.36 1.71 34.92 819.97 12.00 2487790
20.36 1.72 35.07 820.38 12.00 2487810
20.36 1.72 35.07 820.85 12.00 2487830
20.36 1.72 35.07 821.01 12.00 2487850
20.36 1.73 35.22 820.46 12.00 2487870
20.36 1.73 35.22 820.69 12.00 2487890
20.36 1.73 35.22 820.61 12.00 2487910
20.36 1.73 35.22 820.94 12.00 2487930
20.36 1.72 35.02 821.11 12.00 2487950
20.36 1.72 35.02 820.70 12.00 2487970
20.36 1.72 35.02 820.77 12.00 2487990
20.36 1.72 35.02 821.38 12.00 2488010
20.36 1.71 34.87 820.95 12.00 2488030
20.36 1.71 34.87 820.50 12.00 2488050
20.36 1.71 34.87 820.84 12.00 2488070
20.36 1.70 34.56 820.77 12.00 2488090
20.36 1.70 34.56 820.88 12.00 2488110
20.36 1.70 34.56 821.55 12.00 2488130
20.36 1.70 34.56 820.08 12.00 2488150
20.36 1.69 34.51 820.67 12.00 2488170
20.36 1.69 34.51 821.20 12.00 2488190
20.36 1.69 34.51 821.41 12.00 2488210
20.36 1.71 34.87 821.03 12.00 2488230
20.36 1.71 34.87 821.31 12.00 2488250
20.36 1.71 34.87 821.14 12.00 2488270
20.36 1.71 34.87 820.98 12.00 2488290
20.36 1.68 34.16 822.56 12.00 2488310
20.36 1.68 34.16 821.59 12.00 2488330
20.36 1.68 34.16 821.16 12.00 2488350
20.36 1.68 34.16 821.43 12.00 2488370
20.36 1.73 35.22 820.60 12.00 2488390
20.36 1.73 35.22 820.88 12.00 2488410
20.36 1.73 35.22 820.70 12.00 2488430
20.36 1.66 33.90 820.98 12.00 2488450
20.36 1.66 33.90 821.19 12.00 2488470
20.36 1.66 33.90 821.13 12.00 2488490
20.36 1.66 33.90 821.87 12.00 2488510
20.36 1.66 33.75 821.13 12.00 2488530
20.36 1.66 33.75 820.91 12.00 2488550
20.36 1.66 33.75 821.31 12.00 2488570
20.36 1.66 33.75 821.59 12.00 2488590
20.36 1.68 34.16 820.95 12.00 2488610
20.36 1.68 34.16 822.15 12.00 2488630
20.36 1.68 34.16 822.00 12.00 2488650
20.36 1.63 33.24 821.46 12.00 2488670
20.36 1.63 33.24 821.46 12.00 2488690
20.36 1.63 33.24 821.82 12.00 2488710
20.36 1.63 33.24 822.04 12.00 2488730
20.36 1.66 33.80 821.93 12.00 2488750
20.36 1.66 33.80 821.84 12.00 2488770
20.36 1.66 33.80 821.46 12.00 2488790
20.36 1.70 34.61 821.92 12.00 2488810
20.36 1.70 34.61 822.06 12.00 2488830
20.36 1.70 34.61 822.08 12.00 2488850
20.36 1.70 34.61 821.14 12.00 2488870
20.36 1.65 33.65 821.56 12.00 2488890
20.36 1.65 33.65 821.84 12.00 2488910
20.36 1.65 33.65 821.45 12.00 2488930
20.36 1.65 33.65 821.88 12.00 2488950
20.36 1.67 34.00 821.68 12.00 2488970
20.36 1.67 34.00 821.67 12.00 2488990
20.36 1.67 34.00 822.06 12.00 2489010
20.36 1.67 34.01 821.78 12.00 2489030
20.36 1.67 34.01 822.45 12.00 2489050
20.36 1.67 34.01 821.79 12.00 2489070
20.36 1.67 34.01 822.26 12.00 2489090
20.36 1.56 31.82 822.31 12.00 2489110
20.36 1.56 31.82 821.42 12.00 2489130
20.36 1.56 31.82 821.94 12.00 2489150
20.36 1.56 31.82 822.15 12.00 2489170
20.36 1.64 33.44 821.91 12.00 2489190
20.36 1.64 33.44 822.32 12.00 2489210
20.36 1.64 33.44 822.15 12.00 2489230
20.36 1.59 32.33 822.35 12.00 2489250
20.36 1.59 32.33 822.14 12.00 2489270
20.36 1.59 32.33 822.94 12.00 2489290
20.36 1.59 32.33 822.02 12.00 2489310
20.36 1.61 32.88 822.30 12.00 2489330
20.36 1.61 32.88 823.46 12.00 2489350
20.36 1.61 32.88 821.95 12.00 2489370
20.36 1.68 34.26 821.82 12.00 2489390
20.36 1.68 34.26 822.53 12.00 2489410
20.36 1.68 34.26 822.70 12.00 2489430
20.36 1.68 34.26 822.13 12.00 2489450
20.36 1.58 32.12 822.91 12.00 2489470
20.36 1.58 32.12 823.01 12.00 2489490
20.36 1.58 32.12 822.95 12.00 2489510
20.36 1.58 32.12 823.02 12.00 2489530
20.36 1.55 31.62 822.75 12.00 2489550
20.36 1.55 31.62 821.93 12.00 2489570
20.36 1.55 31.62 823.06 12.00 2489590
20.36 1.58 32.12 822.67 12.00 2489610
20.36 1.58 32.12 822.33 12.00 2489630
20.36 1.58 32.12 822.12 12.00 2489650
20.36 1.58 32.12 823.25 12.00 2489670
20.36 1.56 31.72 822.88 12.00 2489690
20.36 1.56 31.72 823.01 12.00 2489710
20.36 1.56 31.72 822.81 12.00 2489730
20.36 1.60 32.58 822.04 12.00 2489750
20.36 1.60 32.58 822.84 12.00 2489770
20.36 1.60 32.58 822.40 12.00 2489790
20.36 1.60 32.58 822.51 12.00 2489810
20.36 1.59 32.33 823.19 12.00 2489830
20.36 1.59 32.33 822.90 12.00 2489850
20.36 1.59 32.33 823.17 12.00 2489870
20.36 1.59 32.33 822.91 12.00 2489890
20.36 1.58 32.23 822.81 12.00 2489910
20.36 1.58 32.23 823.35 12.00 2489930
20.36 1.58 32.23 821.85 12.00 2489950
20.36 1.61 32.73 823.44 12.00 2489970
20.36 1.61 32.73 823.17 12.00 2489990
20.36 1.61 32.73 822.89 12.00 2490010
20.36 1.61 32.73 822.90 12.00 2490030
20.36 1.63 33.19 823.54 12.00 2490050
20.36 1.63 33.19 823.28 12.00 2490070
20.36 1.63 33.19 823.12 12.00 2490090
20.36 1.63 33.19 823.40 12.00 2490110
20.36 1.58 32.28 823.27 12.00 2490130
20.36 1.58 32.28 822.95 12.00 2490150
20.36 1.58 32.28 823.17 12.00 2490170
20.36 1.55 31.61 822.95 12.00 2490190
20.36 1.55 31.61 823.20 12.00 2490210
20.36 1.55 31.61 822.72 12.00 2490230
20.36 1.55 31.61 823.24 12.00 2490250
20.37 1.53 31.21 823.19 12.00 2490270
20.37 1.53 31.21 823.09 12.00 2490290
20.37 1.53 31.21 823.49 12.00 2490310
20.42 0.02 0.41 823.20 12.00 2490330
20.42 0.02 0.41 822.81 12.00 2490350
20.42 0.02 0.41 823.32 12.00 2490370
20.42 0.02 0.41 823.03 12.00 2490390
20.40 0.01 0.25 822.76 12.00 2490410
20.40 0.01 0.25 822.66 12.00 2490430
20.40 0.01 0.25 822.90 12.00 2490450
20.40 0.01 0.25 822.41 12.00 2490470
20.40 0.01 0.25 822.65 12.00 2490490
20.40 0.01 0.25 822.73 12.00 2490510
20.40 0.01 0.25 822.84 12.00 2490530
20.40 0.01 0.25 822.57 12.00 2490550
20.40 0.01 0.25 822.89 12.00 2490570
20.40 0.01 0.25 822.31 12.00 2490590
20.40 0.01 0.25 822.64 12.00 2490610
20.40 0.01 0.25 821.41 12.00 2490630
20.40 0.01 0.25 821.95 12.00 2490650
20.40 0.01 0.25 822.11 12.00 2490670
20.40 0.01 0.25 821.18 12.00 2490690
20.40 0.01 0.25 822.26 12.00 2490710
20.40 0.01 0.25 821.96 12.00 2490730
20.40 0.01 0.25 821.65 12.00 2490750
20.40 0.01 0.25 821.28 12.00 2490770
20.40 0.01 0.25 821.92 12.00 2490790
20.40 0.01 0.25 821.60 12.00 2490810
20.40 0.01 0.25 821.54 12.00 2490830
20.40 0.01 0.25 821.54 12.00 2490850
20.40 0.01 0.25 821.13 12.00 2490870
20.40 0.01 0.25 821.33 12.00 2490890
20.40 0.01 0.25 821.75 12.00 2490910
20.40 0.01 0.25 822.00 12.00 2490930
20.40 0.01 0.25 821.21 12.00 2490950
20.40 0.01 0.25 820.96 12.00 2490970
20.40 0.01 0.25 820.25 12.00 2490990
20.40 0.01 0.25 821.45 12.00 2491010
20.40 0.01 0.25 821.40 12.00 2491030
20.40 0.01 0.25 820.37 12.00 2491050
20.40 0.01 0.25 820.93 12.00 2491070
20.40 0.01 0.25 821.24 12.00 2491090
20.40 0.01 0.25 820.76 12.00 2491110
20.40 0.01 0.31 820.77 12.00 2491130
20.40 0.01 0.31 821.40 12.00 2491150
20.40 0.01 0.31 820.42 12.00 2491170
20.40 0.01 0.31 820.08 12.00 2491190
20.40 0.02 0.36 820.28 12.00 2491210
20.40 0.02 0.36 819.91 12.00 2491230
20.40 0.02 0.36 820.73 12.00 2491250
20.40 0.02 0.36 820.64 12.00 2491270
20.40 0.02 0.36 820.19 12.00 2491290
20.40 0.02 0.36 820.49 12.00 2491310
20.40 0.02 0.36 819.68 12.00 2491330
20.40 0.02 0.36 820.57 12.00 2491350
20.40 0.02 0.36 820.04 12.00 2491370
20.40 0.02 0.36 819.54 12.00 2491390
20.40 0.02 0.36 819.41 12.00 2491410
20.40 0.02 0.36 820.14 12.00 2491430
20.40 0.02 0.36 819.47 12.00 2491450
20.40 0.02 0.36 820.32 12.00 2491470
20.40 0.02 0.36 820.09 12.00 2491490
20.40 0.02 0.36 819.90 12.00 2491510
20.40 0.02 0.36 819.55 12.00 2491530
20.40 0.02 0.36 819.37 12.00 2491550
20.40 0.02 0.36 819.40 12.00 2491570
20.40 0.02 0.36 819.19 12.00 2491590
20.40 0.02 0.36 818.97 12.00 2491610
20.40 0.02 0.36 819.55 12.00 2491630
20.40 0.02 0.36 818.99 12.00 2491650
20.40 0.02 0.36 819.14 12.00 2491670
20.40 0.02 0.36 819.14 12.00 2491690
20.40 0.02 0.36 819.03 12.00 2491710
20.40 0.02 0.36 818.09 12.00 2491730
20.40 0.02 0.36 818.67 12.00 2491750
20.40 0.02 0.36 819.00 12.00 2491770
20.40 0.02 0.36 819.09 12.00 2491790
20.40 0.02 0.36 819.11 12.00 2491810
20.40 0.02 0.36 818.26 12.00 2491830
20.40 0.02 0.36 818.02 12.00 2491850
20.40 0.02 0.36 818.74 12.00 2491870
20.40 0.02 0.36 818.25 12.00 2491890
20.40 0.02 0.36 818.79 12.00 2491910
