20.40 0.02 0.36 0.00 8.00 2244410
20.40 0.02 0.36 0.00 8.00 2244430
20.40 0.02 0.36 0.00 8.00 2244450
20.40 0.02 0.36 0.00 8.00 2244470
20.40 0.02 0.36 0.00 8.00 2244490
20.40 0.02 0.36 0.00 8.00 2244510
20.40 0.02 0.36 0.00 8.00 2244530
20.40 0.02 0.36 0.00 8.00 2244550
20.40 0.02 0.36 0.00 8.00 2244570
20.40 0.02 0.36 0.00 8.00 2244590
20.40 0.02 0.36 0.00 8.00 2244610
20.40 0.02 0.36 0.00 8.00 2244630
20.40 0.02 0.36 0.00 8.00 2244650
20.40 0.02 0.36 0.00 8.00 2244670
20.40 0.02 0.36 0.00 8.00 2244690
20.40 0.02 0.36 0.00 8.00 2244710
20.40 0.02 0.36 0.00 8.00 2244730
20.40 0.02 0.36 0.00 8.00 2244750
20.40 0.02 0.36 0.00 8.00 2244770
20.40 0.02 0.36 0.00 8.00 2244790
20.40 0.02 0.36 0.00 8.00 2244810
20.40 0.02 0.36 0.00 8.00 2244830
20.40 0.02 0.36 0.00 8.00 2244850
20.40 0.02 0.36 0.00 8.00 2244870
20.40 0.02 0.36 0.00 8.00 2244890
20.40 0.02 0.36 0.00 8.00 2244910
20.40 0.02 0.36 0.00 8.00 2244930
20.40 0.02 0.36 0.00 8.00 2244950
20.40 0.02 0.36 0.00 8.00 2244970
20.40 0.02 0.36 0.00 8.00 2244990
20.40 0.02 0.36 0.00 8.00 2245010
20.40 0.02 0.36 0.00 8.00 2245030
20.40 0.02 0.36 0.00 8.00 2245050
20.40 0.02 0.36 0.00 8.00 2245070
20.40 0.02 0.36 0.00 8.00 2245090
20.40 0.02 0.36 0.00 8.00 2245110
20.40 0.02 0.36 0.00 8.00 2245130
20.40 0.02 0.36 0.00 8.00 2245150
20.40 0.02 0.36 0.00 8.00 2245170
20.40 0.02 0.36 0.00 8.00 2245190
20.40 0.02 0.36 0.00 8.00 2245210
20.40 0.02 0.36 0.00 8.00 2245230
20.40 0.02 0.36 0.00 8.00 2245250
20.40 0.02 0.36 0.00 8.00 2245270
20.40 0.02 0.36 0.00 8.00 2245290
20.40 0.02 0.36 0.00 8.00 2245310
20.40 0.02 0.36 0.00 8.00 2245330
20.40 0.02 0.36 0.00 8.00 2245350
20.40 0.02 0.36 0.00 8.00 2245370
20.40 0.02 0.36 0.00 8.00 2245390
20.40 0.02 0.36 0.00 8.00 2245410
20.40 0.02 0.36 0.00 8.00 2245430
20.40 0.02 0.36 0.00 8.00 2245450
20.40 0.02 0.36 0.00 8.00 2245470
20.40 0.02 0.36 0.00 8.00 2245490
20.40 0.02 0.36 0.00 8.00 2245510
20.40 0.02 0.36 0.00 8.00 2245530
20.40 0.02 0.36 0.00 8.00 2245550
20.40 0.02 0.36 0.00 8.00 2245570
20.40 0.02 0.36 0.00 8.00 2245590
20.40 0.02 0.36 0.00 8.00 2245610
20.40 0.02 0.36 0.00 8.00 2245630
20.40 0.02 0.36 0.00 8.00 2245650
20.40 0.02 0.36 0.00 8.00 2245670
20.40 0.02 0.36 0.00 8.00 2245690
20.40 0.02 0.36 0.00 8.00 2245710
20.40 0.02 0.36 0.00 8.00 2245730
20.40 0.02 0.36 0.00 8.00 2245750
20.40 0.02 0.36 0.00 8.00 2245770
20.37 0.53 10.85 0.00 8.00 2245790
20.37 0.53 10.85 0.00 8.00 2245810
20.37 0.53 10.85 7.15 8.00 2245830
20.33 2.47 50.32 7.15 8.00 2245850
20.33 2.47 50.32 7.15 8.00 2245870
20.33 2.47 50.32 7.15 8.00 2245890
20.33 2.47 50.32 7.15 8.00 2245910
20.31 3.86 78.40 7.15 8.00 2245930
20.31 3.86 78.40 7.15 8.00 2245950
20.31 3.86 78.40 7.15 8.00 2245970
20.30 4.72 95.74 7.15 8.00 2245990
20.30 4.72 95.74 7.03 8.00 2246010
20.30 4.72 95.74 7.03 8.00 2246030
20.30 4.72 95.74 7.03 8.00 2246050
20.29 5.00 101.46 7.03 8.00 2246070
20.29 5.00 101.46 6.98 8.00 2246090
20.29 5.00 101.46 6.98 8.00 2246110
20.29 5.00 101.46 6.98 8.00 2246130
20.29 5.16 104.73 6.98 8.00 2246150
20.29 5.16 104.73 6.95 8.00 2246170
20.29 5.16 104.73 6.95 8.00 2246190
20.29 5.09 103.28 6.92 8.00 2246210
20.29 5.09 103.28 6.92 8.00 2246230
20.29 5.09 103.28 6.92 8.00 2246250
20.29 5.09 103.28 6.90 8.00 2246270
20.29 5.04 102.27 6.90 8.00 2246290
20.29 5.04 102.27 6.89 8.00 2246310
20.29 5.04 102.27 6.89 8.00 2246330
20.29 5.04 102.27 6.88 8.00 2246350
20.29 4.98 101.10 6.88 8.00 2246370
20.29 4.98 101.10 6.87 8.00 2246390
20.29 4.98 101.10 6.87 8.00 2246410
20.29 4.96 100.61 6.86 8.00 2246430
20.29 4.96 100.61 6.86 8.00 2246450
20.29 4.96 100.61 6.86 8.00 2246470
20.29 4.96 100.61 6.86 8.00 2246490
20.30 4.85 98.53 6.86 8.00 2246510
20.30 4.85 98.53 6.85 8.00 2246530
20.30 4.85 98.53 6.85 8.00 2246550
20.30 4.68 95.11 6.85 8.00 2246570
20.30 4.68 95.11 6.85 8.00 2246590
20.30 4.68 95.11 6.85 8.00 2246610
20.30 4.68 95.11 6.85 8.00 2246630
20.30 4.60 93.44 6.85 8.00 2246650
20.30 4.60 93.44 6.85 8.00 2246670
20.30 4.60 93.44 6.85 8.00 2246690
20.30 4.60 93.44 6.85 8.00 2246710
20.30 4.48 90.96 6.86 8.00 2246730
20.30 4.48 90.96 6.86 8.00 2246750
20.30 4.48 90.96 6.86 8.00 2246770
20.30 4.47 90.76 6.87 8.00 2246790
20.30 4.47 90.76 6.87 8.00 2246810
20.30 4.47 90.76 6.87 8.00 2246830
20.30 4.47 90.76 6.88 8.00 2246850
20.31 4.35 88.33 6.89 8.00 2246870
20.31 4.35 88.33 6.89 8.00 2246890
20.31 4.35 88.33 6.90 8.00 2246910
20.31 4.35 88.33 6.91 8.00 2246930
20.31 4.26 86.61 6.92 8.00 2246950
20.31 4.26 86.61 6.94 8.00 2246970
20.31 4.26 86.61 6.95 8.00 2246990
20.31 4.17 84.64 6.97 8.00 2247010
20.31 4.17 84.64 6.98 8.00 2247030
20.31 4.17 84.64 7.01 8.00 2247050
20.31 4.17 84.64 7.03 8.00 2247070
20.31 4.12 83.68 7.05 8.00 2247090
20.31 4.12 83.68 7.08 8.00 2247110
20.31 4.12 83.68 7.11 8.00 2247130
20.31 4.02 81.66 7.14 8.00 2247150
20.31 4.02 81.66 7.18 8.00 2247170
20.31 4.02 81.66 7.25 8.00 2247190
20.31 4.02 81.66 7.29 8.00 2247210
20.31 3.92 79.58 7.33 8.00 2247230
20.31 3.92 79.58 7.38 8.00 2247250
20.31 3.92 79.58 7.42 8.00 2247270
20.31 3.92 79.58 7.47 8.00 2247290
20.32 3.85 78.22 7.56 8.00 2247310
20.32 3.85 78.22 7.62 8.00 2247330
20.32 3.85 78.22 7.68 8.00 2247350
20.32 3.79 76.95 7.78 8.00 2247370
20.32 3.79 76.95 43.10 8.00 2247390
20.32 3.79 76.95 45.42 8.00 2247410
20.32 3.79 76.95 47.28 8.00 2247430
20.32 3.79 77.00 48.83 8.00 2247450
20.32 3.79 77.00 51.54 8.00 2247470
20.32 3.79 77.00 52.76 8.00 2247490
20.30 4.36 88.57 53.89 8.00 2247510
20.30 4.36 88.57 55.98 8.00 2247530
20.30 4.36 88.57 57.00 8.00 2247550
20.30 4.36 88.57 57.95 8.00 2247570
20.29 4.82 97.87 59.74 8.00 2247590
20.29 4.82 97.87 60.54 8.00 2247610
20.29 4.82 97.87 62.25 8.00 2247630
20.29 4.82 97.87 63.04 8.00 2247650
20.29 5.06 102.71 64.58 8.00 2247670
20.29 5.06 102.71 65.31 8.00 2247690
20.29 5.06 102.71 66.84 8.00 2247710
20.29 5.22 105.94 67.50 8.00 2247730
20.29 5.22 105.94 68.97 8.00 2247750
20.29 5.22 105.94 69.56 8.00 2247770
20.29 5.22 105.94 70.93 8.00 2247790
20.28 5.32 107.92 71.57 8.00 2247810
20.28 5.32 107.92 72.86 8.00 2247830
20.28 5.32 107.92 73.52 8.00 2247850
20.28 5.32 107.92 74.76 8.00 2247870
20.28 5.46 110.84 75.97 8.00 2247890
20.28 5.46 110.84 76.64 8.00 2247910
20.28 5.46 110.84 77.75 8.00 2247930
20.28 5.47 110.95 79.00 8.00 2247950
20.28 5.47 110.95 79.56 8.00 2247970
20.28 5.47 110.95 80.77 8.00 2247990
20.28 5.47 110.95 81.90 8.00 2248010
20.28 5.52 112.00 82.52 8.00 2248030
20.28 5.52 112.00 83.66 8.00 2248050
20.28 5.52 112.00 84.80 8.00 2248070
20.28 5.64 114.42 85.89 8.00 2248090
20.28 5.64 114.42 86.45 8.00 2248110
20.28 5.64 114.42 87.58 8.00 2248130
20.28 5.64 114.42 88.72 8.00 2248150
20.28 5.70 115.68 89.79 8.00 2248170
20.28 5.70 115.68 90.91 8.00 2248190
20.28 5.70 115.68 92.07 8.00 2248210
20.28 5.70 115.68 93.14 8.00 2248230
20.28 5.67 114.92 93.68 8.00 2248250
20.28 5.67 114.92 94.65 8.00 2248270
20.28 5.67 114.92 95.72 8.00 2248290
20.28 5.76 116.79 96.82 8.00 2248310
20.28 5.76 116.79 97.78 8.00 2248330
20.28 5.76 116.79 98.87 8.00 2248350
20.28 5.76 116.79 99.88 8.00 2248370
20.28 5.75 116.64 100.74 8.00 2248390
20.28 5.75 116.64 101.78 8.00 2248410
20.28 5.75 116.64 102.75 8.00 2248430
20.28 5.75 116.64 103.70 8.00 2248450
20.27 5.79 117.44 104.70 8.00 2248470
20.27 5.79 117.44 105.64 8.00 2248490
20.27 5.79 117.44 106.58 8.00 2248510
20.27 5.91 119.90 107.91 8.00 2248530
20.27 5.91 119.90 108.83 8.00 2248550
20.27 5.91 119.90 109.77 8.00 2248570
20.27 5.91 119.90 110.62 8.00 2248590
20.27 6.03 122.22 111.47 8.00 2248610
20.27 6.03 122.22 112.41 8.00 2248630
20.27 6.03 122.22 113.69 8.00 2248650
20.26 6.28 127.21 114.52 8.00 2248670
20.26 6.28 127.21 115.46 8.00 2248690
20.26 6.28 127.21 116.28 8.00 2248710
20.26 6.28 127.21 117.54 8.00 2248730
20.26 6.40 129.78 118.39 8.00 2248750
20.26 6.40 129.78 119.24 8.00 2248770
20.26 6.40 129.78 120.15 8.00 2248790
20.26 6.40 129.78 121.29 8.00 2248810
20.26 6.59 133.50 122.08 8.00 2248830
20.26 6.59 133.50 122.90 8.00 2248850
20.26 6.59 133.50 124.14 8.00 2248870
20.25 6.81 138.02 124.91 8.00 2248890
20.25 6.81 138.02 125.97 8.00 2248910
20.25 6.81 138.02 126.89 8.00 2248930
20.25 6.81 138.02 128.12 8.00 2248950
20.25 6.96 140.89 128.82 8.00 2248970
20.25 6.96 140.89 129.64 8.00 2248990
20.25 6.96 140.89 130.80 8.00 2249010
20.25 7.08 143.30 131.49 8.00 2249030
20.25 7.08 143.30 132.83 8.00 2249050
20.25 7.08 143.30 133.92 8.00 2249070
20.25 7.08 143.30 134.60 8.00 2249090
20.24 7.20 145.71 135.82 8.00 2249110
20.24 7.20 145.71 136.58 8.00 2249130
20.24 7.20 145.71 137.66 8.00 2249150
20.24 7.20 145.71 138.44 8.00 2249170
20.24 7.36 149.03 139.60 8.00 2249190
20.24 7.36 149.03 140.60 8.00 2249210
20.24 7.36 149.03 141.39 8.00 2249230
20.24 7.40 149.84 142.57 8.00 2249250
20.24 7.40 149.84 143.66 8.00 2249270
20.24 7.40 149.84 144.80 8.00 2249290
20.24 7.40 149.84 145.48 8.00 2249310
20.24 7.54 152.59 146.58 8.00 2249330
20.24 7.54 152.59 147.75 8.00 2249350
20.24 7.54 152.59 148.73 8.00 2249370
20.24 7.54 152.59 149.41 8.00 2249390
20.24 7.63 154.50 150.40 8.00 2249410
20.24 7.63 154.50 151.43 8.00 2249430
20.24 7.63 154.50 152.56 8.00 2249450
20.23 7.71 155.96 153.58 8.00 2249470
20.23 7.71 155.96 154.55 8.00 2249490
20.23 7.71 155.96 155.56 8.00 2249510
20.23 7.71 155.96 156.29 8.00 2249530
20.23 7.72 156.15 157.28 8.00 2249550
20.23 7.72 156.15 158.30 8.00 2249570
20.23 7.72 156.15 159.43 8.00 2249590
20.23 7.80 157.91 160.27 8.00 2249610
20.23 7.80 157.91 161.33 8.00 2249630
20.23 7.80 157.91 162.34 8.00 2249650
20.23 7.80 157.91 163.30 8.00 2249670
20.23 7.80 157.86 164.12 8.00 2249690
20.23 7.80 157.86 165.12 8.00 2249710
20.23 7.80 157.86 166.13 8.00 2249730
20.23 7.80 157.86 167.40 8.00 2249750
20.23 7.85 158.76 168.37 8.00 2249770
20.23 7.85 158.76 169.24 8.00 2249790
20.23 7.85 158.76 170.22 8.00 2249810
20.23 7.93 160.53 171.12 8.00 2249830
20.23 7.93 160.53 172.04 8.00 2249850
20.23 7.93 160.53 173.28 8.00 2249870
20.23 7.93 160.53 174.31 8.00 2249890
20.23 8.00 161.87 175.14 8.00 2249910
20.23 8.00 161.87 175.97 8.00 2249930
20.23 8.00 161.87 177.00 8.00 2249950
20.23 8.00 161.87 177.94 8.00 2249970
20.23 7.98 161.53 178.90 8.00 2249990
20.23 7.98 161.53 179.93 8.00 2250010
20.23 7.98 161.53 181.00 8.00 2250030
20.23 8.09 163.69 181.80 8.00 2250050
20.23 8.09 163.69 182.71 8.00 2250070
20.23 8.09 163.69 183.78 8.00 2250090
20.23 8.09 163.69 184.52 8.00 2250110
20.23 8.10 163.88 185.87 8.00 2250130
20.23 8.10 163.88 186.57 8.00 2250150
20.23 8.10 163.88 187.48 8.00 2250170
20.23 8.16 164.99 188.48 8.00 2250190
20.23 8.16 164.99 189.27 8.00 2250210
20.23 8.16 164.99 190.54 8.00 2250230
20.23 8.16 164.99 191.36 8.00 2250250
20.23 8.19 165.64 192.34 8.00 2250270
20.23 8.19 165.64 193.11 8.00 2250290
20.23 8.19 165.64 194.23 8.00 2250310
20.23 8.19 165.64 194.89 8.00 2250330
20.23 8.12 164.20 195.99 8.00 2250350
20.23 8.12 164.20 197.09 8.00 2250370
20.23 8.12 164.20 197.95 8.00 2250390
20.23 8.15 164.83 198.85 8.00 2250410
20.23 8.15 164.83 199.62 8.00 2250430
20.23 8.15 164.83 200.72 8.00 2250450
20.23 8.15 164.83 201.78 8.00 2250470
20.23 8.11 164.09 202.76 8.00 2250490
20.23 8.11 164.09 203.42 8.00 2250510
20.23 8.11 164.09 204.43 8.00 2250530
20.22 8.22 166.19 205.36 8.00 2250550
20.22 8.22 166.19 206.10 8.00 2250570
20.22 8.22 166.19 207.18 8.00 2250590
20.22 8.22 166.19 208.11 8.00 2250610
20.23 8.18 165.49 209.12 8.00 2250630
20.23 8.18 165.49 209.81 8.00 2250650
20.23 8.18 165.49 210.78 8.00 2250670
20.23 8.18 165.49 211.66 8.00 2250690
20.22 8.19 165.63 212.55 8.00 2250710
20.22 8.19 165.63 213.56 8.00 2250730
20.22 8.19 165.63 214.39 8.00 2250750
20.22 8.16 165.08 215.41 8.00 2250770
20.22 8.16 165.08 216.38 8.00 2250790
20.22 8.16 165.08 217.26 8.00 2250810
20.22 8.16 165.08 218.14 8.00 2250830
20.23 8.15 164.84 219.09 8.00 2250850
20.23 8.15 164.84 220.04 8.00 2250870
20.23 8.15 164.84 220.71 8.00 2250890
20.23 8.15 164.84 221.94 8.00 2250910
20.23 8.20 165.85 222.57 8.00 2250930
20.23 8.20 165.85 223.56 8.00 2250950
20.23 8.20 165.85 224.38 8.00 2250970
20.22 8.21 165.99 225.21 8.00 2250990
20.22 8.21 165.99 226.05 8.00 2251010
20.22 8.21 165.99 226.97 8.00 2251030
20.22 8.21 165.99 227.85 8.00 2251050
20.23 8.16 165.01 228.58 8.00 2251070
20.23 8.16 165.01 229.47 8.00 2251090
20.23 8.16 165.01 230.50 8.00 2251110
20.23 8.18 165.40 231.29 8.00 2251130
20.23 8.18 165.40 232.16 8.00 2251150
20.23 8.18 165.40 233.07 8.00 2251170
20.23 8.18 165.40 233.85 8.00 2251190
20.22 8.28 167.55 234.81 8.00 2251210
20.22 8.28 167.55 235.48 8.00 2251230
20.22 8.28 167.55 236.45 8.00 2251250
20.22 8.28 167.55 237.25 8.00 2251270
20.22 8.26 167.00 238.39 8.00 2251290
20.22 8.26 167.00 239.03 8.00 2251310
20.22 8.26 167.00 239.79 8.00 2251330
20.22 8.27 167.19 241.00 8.00 2251350
20.22 8.27 167.19 241.63 8.00 2251370
20.22 8.27 167.19 242.58 8.00 2251390
20.22 8.27 167.19 243.22 8.00 2251410
20.22 8.27 167.25 244.11 8.00 2251430
20.22 8.27 167.25 245.05 8.00 2251450
20.22 8.27 167.25 245.90 8.00 2251470
20.22 8.24 166.59 246.53 8.00 2251490
20.22 8.24 166.58 247.78 8.00 2251510
20.22 8.24 166.58 248.42 8.00 2251530
20.22 8.24 166.58 249.39 8.00 2251550
20.23 8.15 164.88 250.24 8.00 2251570
20.23 8.15 164.88 251.02 8.00 2251590
20.23 8.15 164.88 251.75 8.00 2251610
20.23 8.15 164.88 252.76 8.00 2251630
20.23 8.13 164.49 253.47 8.00 2251650
20.23 8.13 164.49 254.55 8.00 2251670
20.23 8.13 164.49 254.92 8.00 2251690
20.23 8.09 163.74 255.95 8.00 2251710
20.23 8.09 163.74 256.95 8.00 2251730
20.23 8.09 163.74 257.65 8.00 2251750
20.23 8.09 163.74 258.32 8.00 2251770
20.23 8.08 163.49 259.24 8.00 2251790
20.23 8.08 163.49 260.03 8.00 2251810
20.23 8.08 163.49 260.92 8.00 2251830
20.23 8.08 163.49 261.74 8.00 2251850
20.23 8.02 162.34 262.57 8.00 2251870
20.23 8.02 162.34 263.34 8.00 2251890
20.23 8.02 162.34 264.08 8.00 2251910
20.23 8.00 161.78 264.84 8.00 2251930
20.23 8.00 161.78 265.58 8.00 2251950
20.23 8.00 161.78 266.42 8.00 2251970
20.23 8.00 161.78 267.32 8.00 2251990
20.23 8.11 164.14 267.99 8.00 2252010
20.23 8.11 164.14 268.91 8.00 2252030
20.23 8.11 164.14 269.66 8.00 2252050
20.23 8.16 165.14 270.39 8.00 2252070
20.23 8.16 165.14 271.18 8.00 2252090
20.23 8.16 165.14 271.73 8.00 2252110
20.23 8.16 165.14 272.51 8.00 2252130
20.23 8.20 165.79 273.68 8.00 2252150
20.23 8.20 165.79 274.50 8.00 2252170
20.23 8.20 165.79 275.21 8.00 2252190
20.23 8.20 165.79 276.04 8.00 2252210
20.22 8.22 166.19 276.87 8.00 2252230
20.22 8.22 166.19 277.69 8.00 2252250
20.22 8.22 166.19 278.46 8.00 2252270
20.22 8.18 165.43 279.30 8.00 2252290
20.22 8.18 165.43 280.02 8.00 2252310
20.22 8.18 165.43 280.94 8.00 2252330
20.22 8.18 165.43 281.57 8.00 2252350
20.22 8.17 165.28 282.35 8.00 2252370
20.22 8.17 165.28 283.01 8.00 2252390
20.22 8.17 165.28 283.80 8.00 2252410
20.22 8.17 165.28 284.66 8.00 2252430
20.23 8.20 165.85 285.49 8.00 2252450
20.23 8.20 165.85 286.04 8.00 2252470
20.23 8.20 165.85 286.69 8.00 2252490
20.23 8.21 166.01 287.84 8.00 2252510
20.23 8.21 166.01 288.55 8.00 2252530
20.23 8.21 166.01 289.18 8.00 2252550
20.23 8.21 166.01 290.10 8.00 2252570
20.23 8.12 164.33 290.68 8.00 2252590
20.23 8.12 164.33 291.66 8.00 2252610
20.23 8.12 164.33 292.32 8.00 2252630
20.23 8.16 165.14 293.08 8.00 2252650
20.23 8.16 165.14 293.98 8.00 2252670
20.23 8.16 165.14 294.89 8.00 2252690
20.23 8.16 165.14 295.56 8.00 2252710
20.23 8.12 164.29 296.19 8.00 2252730
20.23 8.12 164.29 296.81 8.00 2252750
20.23 8.12 164.29 297.90 8.00 2252770
20.23 8.12 164.29 298.46 8.00 2252790
20.23 8.15 164.78 299.00 8.00 2252810
20.23 8.15 164.78 299.98 8.00 2252830
20.23 8.15 164.78 300.64 8.00 2252850
20.23 8.10 163.78 301.53 8.00 2252870
20.23 8.10 163.78 302.17 8.00 2252890
20.23 8.10 163.78 302.74 8.00 2252910
20.23 8.10 163.78 303.60 8.00 2252930
20.23 8.16 164.99 304.18 8.00 2252950
20.23 8.16 164.99 305.37 8.00 2252970
20.23 8.16 164.99 305.85 8.00 2252990
20.23 8.15 164.78 306.91 8.00 2253010
20.23 8.15 164.80 307.36 8.00 2253030
20.23 8.15 164.80 308.18 8.00 2253050
20.23 8.15 164.80 308.87 8.00 2253070
20.22 8.23 166.39 309.74 8.00 2253090
20.22 8.23 166.39 310.34 8.00 2253110
20.22 8.23 166.39 311.09 8.00 2253130
20.22 8.23 166.39 311.87 8.00 2253150
20.23 8.15 164.93 312.48 8.00 2253170
20.23 8.15 164.93 313.37 8.00 2253190
20.23 8.15 164.93 313.97 8.00 2253210
20.23 8.10 163.79 314.74 8.00 2253230
20.23 8.10 163.79 315.55 8.00 2253250
20.23 8.10 163.79 316.17 8.00 2253270
20.23 8.10 163.79 317.35 8.00 2253290
20.23 8.11 164.02 317.78 8.00 2253310
20.23 8.11 164.02 318.46 8.00 2253330
20.23 8.11 164.02 319.56 8.00 2253350
20.23 8.11 164.02 320.11 8.00 2253370
20.23 8.06 163.14 320.62 8.00 2253390
20.23 8.06 163.14 321.45 8.00 2253410
20.23 8.06 163.14 322.18 8.00 2253430
20.23 8.14 164.64 322.75 8.00 2253450
20.23 8.14 164.64 323.47 8.00 2253470
20.23 8.14 164.64 324.35 8.00 2253490
20.23 8.14 164.64 324.90 8.00 2253510
20.23 8.11 164.03 325.40 8.00 2253530
20.23 8.11 164.03 326.18 8.00 2253550
20.23 8.11 164.03 327.02 8.00 2253570
20.23 8.04 162.69 327.99 8.00 2253590
20.23 8.04 162.69 328.52 8.00 2253610
20.23 8.04 162.69 329.21 8.00 2253630
20.23 8.04 162.69 329.99 8.00 2253650
20.23 8.06 163.08 330.30 8.00 2253670
20.23 8.06 163.08 331.31 8.00 2253690
20.23 8.06 163.08 332.38 8.00 2253710
20.23 8.06 163.08 332.80 8.00 2253730
20.23 8.09 163.63 333.37 8.00 2253750
20.23 8.09 163.63 334.02 8.00 2253770
20.23 8.09 163.63 334.71 8.00 2253790
20.23 8.07 163.20 335.68 8.00 2253810
20.23 8.07 163.20 336.26 8.00 2253830
20.23 8.07 163.20 336.98 8.00 2253850
20.23 8.07 163.20 337.90 8.00 2253870
20.23 8.04 162.58 337.86 8.00 2253890
20.23 8.04 162.58 339.16 8.00 2253910
20.23 8.04 162.58 339.60 8.00 2253930
20.23 8.04 162.58 340.38 8.00 2253950
20.23 8.03 162.43 340.88 8.00 2253970
20.23 8.03 162.43 341.75 8.00 2253990
20.23 8.03 162.43 342.46 8.00 2254010
20.23 8.01 161.97 343.18 8.00 2254030
20.23 8.01 161.97 344.03 8.00 2254050
20.23 8.01 161.97 344.40 8.00 2254070
20.23 8.01 161.97 345.29 8.00 2254090
20.23 8.09 163.69 345.83 8.00 2254110
20.23 8.09 163.69 346.83 8.00 2254130
20.23 8.09 163.69 347.27 8.00 2254150
20.23 8.04 162.58 348.02 8.00 2254170
20.23 8.04 162.58 348.67 8.00 2254190
20.23 8.04 162.58 349.24 8.00 2254210
20.23 8.04 162.58 349.86 8.00 2254230
20.23 8.06 163.08 351.11 8.00 2254250
20.23 8.06 163.08 351.45 8.00 2254270
20.23 8.06 163.08 352.03 8.00 2254290
20.23 8.06 163.08 352.78 8.00 2254310
20.23 8.00 161.78 353.57 8.00 2254330
20.23 8.00 161.78 354.19 8.00 2254350
20.23 8.00 161.78 354.80 8.00 2254370
20.23 7.99 161.72 355.30 8.00 2254390
20.23 7.99 161.72 355.66 8.00 2254410
20.23 7.99 161.72 356.72 8.00 2254430
20.23 7.99 161.72 357.46 8.00 2254450
20.23 8.02 162.17 358.05 8.00 2254470
20.23 8.02 162.17 358.68 8.00 2254490
20.23 8.02 162.17 359.40 8.00 2254510
20.23 8.02 162.22 360.01 8.00 2254530
20.23 8.02 162.24 360.83 8.00 2254550
20.23 8.02 162.24 361.45 8.00 2254570
20.23 8.02 162.24 362.08 8.00 2254590
20.23 7.97 161.33 362.53 8.00 2254610
20.23 7.97 161.33 363.43 8.00 2254630
20.23 7.97 161.33 364.02 8.00 2254650
20.23 7.97 161.33 364.81 8.00 2254670
20.23 8.11 164.09 365.34 8.00 2254690
20.23 8.11 164.09 365.79 8.00 2254710
20.23 8.11 164.09 366.81 8.00 2254730
20.23 8.16 165.10 367.29 8.00 2254750
20.23 8.16 165.10 367.94 8.00 2254770
20.23 8.16 165.10 368.62 8.00 2254790
20.23 8.16 165.10 369.29 8.00 2254810
20.23 8.12 164.21 369.97 8.00 2254830
20.23 8.12 164.21 370.38 8.00 2254850
20.23 8.12 164.21 371.36 8.00 2254870
20.23 8.12 164.21 372.05 8.00 2254890
20.23 8.00 161.79 372.43 8.00 2254910
20.23 8.00 161.79 373.34 8.00 2254930
20.23 8.00 161.79 374.08 8.00 2254950
20.23 8.01 162.08 374.45 8.00 2254970
20.23 8.01 162.08 375.16 8.00 2254990
20.23 8.01 162.08 375.87 8.00 2255010
20.23 8.01 162.08 376.57 8.00 2255030
20.23 8.05 162.78 376.84 8.00 2255050
20.23 8.05 162.78 377.87 8.00 2255070
20.23 8.05 162.78 378.54 8.00 2255090
20.23 7.97 161.28 378.96 8.00 2255110
20.23 7.97 161.28 379.99 8.00 2255130
20.23 7.97 161.28 380.38 8.00 2255150
20.23 7.97 161.28 380.80 8.00 2255170
20.23 7.95 160.81 381.60 8.00 2255190
20.23 7.95 160.81 382.18 8.00 2255210
20.23 7.95 160.81 382.89 8.00 2255230
20.23 7.95 160.81 383.66 8.00 2255250
20.23 7.94 160.73 384.21 8.00 2255270
20.23 7.94 160.73 385.11 8.00 2255290
20.23 7.94 160.73 385.24 8.00 2255310
20.23 7.92 160.23 385.97 8.00 2255330
20.23 7.92 160.23 386.51 8.00 2255350
20.23 7.92 160.23 386.99 8.00 2255370
20.23 7.92 160.23 387.97 8.00 2255390
20.23 7.93 160.53 388.37 8.00 2255410
20.23 7.93 160.53 389.26 8.00 2255430
20.23 7.93 160.53 389.76 8.00 2255450
20.23 7.93 160.53 390.57 8.00 2255470
20.23 7.94 160.61 391.27 8.00 2255490
20.23 7.94 160.61 391.64 8.00 2255510
20.23 7.94 160.61 392.45 8.00 2255530
20.23 8.03 162.53 392.87 8.00 2255550
20.23 8.03 162.53 393.64 8.00 2255570
20.23 8.03 162.53 394.22 8.00 2255590
20.23 8.03 162.53 394.80 8.00 2255610
20.23 8.05 162.93 395.44 8.00 2255630
20.23 8.05 162.93 396.02 8.00 2255650
20.23 8.05 162.93 396.57 8.00 2255670
20.23 8.02 162.18 397.24 8.00 2255690
20.23 8.02 162.18 397.91 8.00 2255710
20.23 8.02 162.18 398.68 8.00 2255730
20.23 8.02 162.18 399.07 8.00 2255750
20.23 8.02 162.23 399.69 8.00 2255770
20.23 8.02 162.23 400.50 8.00 2255790
20.23 8.02 162.23 401.40 8.00 2255810
20.23 8.02 162.23 401.58 8.00 2255830
20.23 8.03 162.39 401.86 8.00 2255850
20.23 8.03 162.39 403.14 8.00 2255870
20.23 8.03 162.39 403.40 8.00 2255890
20.23 7.96 161.13 404.00 8.00 2255910
20.23 7.96 161.13 404.95 8.00 2255930
20.23 7.96 161.13 405.35 8.00 2255950
20.23 7.96 161.13 405.59 8.00 2255970
20.23 8.08 163.55 406.60 8.00 2255990
20.23 8.08 163.55 407.14 8.00 2256010
20.23 8.08 163.55 408.07 8.00 2256030
20.23 8.02 162.12 408.79 8.00 2256050
20.23 8.02 162.12 409.17 8.00 2256070
20.23 8.02 162.12 409.71 8.00 2256090
20.23 8.02 162.12 410.43 8.00 2256110
20.23 8.00 161.83 410.87 8.00 2256130
20.23 8.00 161.83 411.10 8.00 2256150
20.23 8.00 161.83 412.08 8.00 2256170
20.23 8.00 161.83 412.96 8.00 2256190
20.23 7.97 161.28 413.28 8.00 2256210
20.23 7.97 161.28 413.69 8.00 2256230
20.23 7.97 161.28 414.47 8.00 2256250
20.23 7.99 161.59 414.92 8.00 2256270
20.23 7.99 161.59 415.88 8.00 2256290
20.23 7.99 161.59 416.67 8.00 2256310
20.23 7.99 161.59 416.96 8.00 2256330
20.23 7.98 161.48 417.50 8.00 2256350
20.23 7.98 161.48 418.15 8.00 2256370
20.23 7.98 161.48 418.60 8.00 2256390
20.23 7.98 161.48 419.30 8.00 2256410
20.23 8.02 162.36 419.95 8.00 2256430
20.23 8.02 162.36 420.36 8.00 2256450
20.23 8.02 162.36 421.15 8.00 2256470
20.23 7.93 160.47 422.10 8.00 2256490
20.23 7.93 160.47 422.32 8.00 2256510
20.23 7.93 160.47 422.79 8.00 2256530
20.23 7.93 160.47 423.27 8.00 2256550
20.23 7.97 161.27 424.24 8.00 2256570
20.23 7.97 161.27 424.15 8.00 2256590
20.23 7.97 161.27 425.16 8.00 2256610
20.23 7.89 159.62 425.51 8.00 2256630
20.23 7.89 159.62 426.39 8.00 2256650
20.23 7.89 159.62 427.13 8.00 2256670
20.23 7.89 159.62 427.47 8.00 2256690
20.23 7.97 161.22 427.97 8.00 2256710
20.23 7.97 161.22 428.83 8.00 2256730
20.23 7.97 161.22 429.50 8.00 2256750
20.23 7.97 161.22 429.97 8.00 2256770
20.23 8.00 161.83 430.51 8.00 2256790
20.23 8.00 161.83 431.18 8.00 2256810
20.23 8.00 161.83 431.81 8.00 2256830
20.23 7.98 161.38 432.32 8.00 2256850
20.23 7.98 161.38 432.87 8.00 2256870
20.23 7.98 161.38 433.55 8.00 2256890
20.23 7.98 161.38 434.06 8.00 2256910
20.23 7.89 159.72 434.49 8.00 2256930
20.23 7.89 159.72 435.11 8.00 2256950
20.23 7.89 159.72 435.74 8.00 2256970
20.23 7.89 159.72 436.21 8.00 2256990
20.23 8.00 161.87 436.73 8.00 2257010
20.23 8.00 161.87 437.22 8.00 2257030
20.23 8.00 161.87 438.01 8.00 2257050
20.23 8.03 162.40 438.37 8.00 2257070
20.23 8.03 162.40 438.95 8.00 2257090
20.23 8.03 162.40 439.83 8.00 2257110
20.23 8.03 162.40 440.22 8.00 2257130
20.23 7.96 161.07 440.93 8.00 2257150
20.23 7.96 161.07 441.65 8.00 2257170
20.23 7.96 161.07 441.84 8.00 2257190
20.23 8.01 162.07 442.67 8.00 2257210
20.23 8.01 162.07 443.14 8.00 2257230
20.23 8.01 162.07 443.91 8.00 2257250
20.23 8.01 162.07 444.46 8.00 2257270
20.23 8.04 162.63 445.51 8.00 2257290
20.23 8.04 162.63 445.89 8.00 2257310
20.23 8.04 162.63 446.49 8.00 2257330
20.23 8.04 162.63 446.80 8.00 2257350
20.23 7.94 160.57 447.26 8.00 2257370
20.23 7.94 160.57 447.78 8.00 2257390
20.23 7.94 160.57 448.50 8.00 2257410
20.23 7.86 158.97 449.11 8.00 2257430
20.23 7.86 158.97 449.53 8.00 2257450
20.23 7.86 158.97 449.81 8.00 2257470
20.23 7.86 158.97 450.52 8.00 2257490
20.23 7.85 158.93 451.17 8.00 2257510
20.23 7.85 158.93 451.77 8.00 2257530
20.23 7.85 158.93 452.29 8.00 2257550
20.23 7.94 160.66 452.84 8.00 2257570
20.23 7.94 160.66 453.23 8.00 2257590
20.23 7.94 160.66 453.93 8.00 2257610
20.23 7.94 160.66 454.52 8.00 2257630
20.23 8.05 162.92 454.87 8.00 2257650
20.23 8.05 162.92 455.70 8.00 2257670
20.23 8.05 162.92 456.46 8.00 2257690
20.23 8.05 162.92 456.76 8.00 2257710
20.23 7.98 161.54 457.41 8.00 2257730
20.23 7.98 161.54 457.90 8.00 2257750
20.23 7.98 161.54 458.71 8.00 2257770
20.23 7.95 160.87 459.11 8.00 2257790
20.23 7.95 160.87 459.53 8.00 2257810
20.23 7.95 160.87 460.42 8.00 2257830
20.23 7.95 160.87 460.88 8.00 2257850
20.23 8.00 161.83 461.64 8.00 2257870
20.23 8.00 161.83 461.87 8.00 2257890
20.23 8.00 161.83 462.58 8.00 2257910
20.23 8.00 161.83 463.08 8.00 2257930
20.23 8.01 162.07 463.04 8.00 2257950
20.23 8.01 162.07 464.48 8.00 2257970
20.23 8.01 162.07 464.53 8.00 2257990
20.23 7.93 160.47 465.06 8.00 2258010
20.23 7.93 160.47 465.58 8.00 2258030
20.23 7.93 160.47 466.62 8.00 2258050
20.23 7.93 160.47 466.65 8.00 2258070
20.23 7.98 161.55 467.45 8.00 2258090
20.23 7.98 161.55 467.93 8.00 2258110
20.23 7.98 161.55 468.20 8.00 2258130
20.23 7.93 160.42 468.75 8.00 2258150
20.23 7.93 160.42 469.72 8.00 2258170
20.23 7.93 160.42 470.10 8.00 2258190
20.23 7.93 160.42 470.71 8.00 2258210
20.23 7.97 161.17 471.09 8.00 2258230
20.23 7.97 161.17 471.75 8.00 2258250
20.23 7.97 161.17 472.26 8.00 2258270
20.23 7.97 161.17 472.71 8.00 2258290
20.23 7.91 160.12 473.56 8.00 2258310
20.23 7.91 160.12 473.97 8.00 2258330
20.23 7.91 160.12 474.21 8.00 2258350
20.23 8.00 161.83 475.00 8.00 2258370
20.23 8.00 161.83 475.51 8.00 2258390
20.23 8.00 161.83 475.79 8.00 2258410
20.23 8.00 161.83 476.47 8.00 2258430
20.23 7.94 160.73 476.97 8.00 2258450
20.23 7.94 160.73 477.36 8.00 2258470
20.23 7.94 160.73 478.50 8.00 2258490
20.23 7.94 160.73 478.90 8.00 2258510
20.23 7.92 160.32 479.47 8.00 2258530
20.23 7.92 160.32 479.77 8.00 2258550
20.23 7.92 160.32 480.64 8.00 2258570
20.23 7.96 161.07 481.01 8.00 2258590
20.23 7.96 161.07 481.80 8.00 2258610
20.23 7.96 161.07 482.07 8.00 2258630
20.23 7.96 161.07 482.61 8.00 2258650
20.23 7.87 159.27 483.15 8.00 2258670
20.23 7.87 159.27 483.61 8.00 2258690
20.23 7.87 159.27 484.61 8.00 2258710
20.23 7.97 161.29 484.82 8.00 2258730
20.23 7.97 161.29 484.90 8.00 2258750
20.23 7.97 161.29 485.44 8.00 2258770
20.23 7.97 161.29 485.89 8.00 2258790
20.23 7.91 160.08 486.64 8.00 2258810
20.23 7.91 160.08 487.46 8.00 2258830
20.23 7.91 160.08 487.86 8.00 2258850
20.23 7.91 160.08 488.26 8.00 2258870
20.23 7.97 161.33 488.80 8.00 2258890
20.23 7.97 161.33 489.65 8.00 2258910
20.23 7.97 161.33 489.98 8.00 2258930
20.23 7.96 161.03 490.50 8.00 2258950
20.23 7.96 161.03 490.95 8.00 2258970
20.23 7.96 161.03 491.54 8.00 2258990
20.23 7.96 161.03 492.40 8.00 2259010
20.23 7.91 160.03 492.68 8.00 2259030
20.23 7.91 160.03 493.17 8.00 2259050
20.23 7.91 160.03 493.62 8.00 2259070
20.23 7.86 159.12 494.16 8.00 2259090
20.23 7.86 159.12 494.72 8.00 2259110
20.23 7.86 159.12 495.21 8.00 2259130
20.23 7.86 159.12 495.57 8.00 2259150
20.23 7.87 159.22 496.37 8.00 2259170
20.23 7.87 159.22 496.84 8.00 2259190
20.23 7.87 159.22 497.31 8.00 2259210
20.23 7.87 159.22 497.83 8.00 2259230
20.23 7.86 159.13 498.16 8.00 2259250
20.23 7.86 159.13 498.95 8.00 2259270
20.23 7.86 159.13 499.32 8.00 2259290
20.23 7.91 160.12 499.95 8.00 2259310
20.23 7.91 160.12 500.24 8.00 2259330
20.23 7.91 160.12 500.99 8.00 2259350
20.23 7.91 160.12 501.59 8.00 2259370
20.23 7.95 160.78 501.77 8.00 2259390
20.23 7.95 160.78 502.61 8.00 2259410
20.23 7.95 160.78 502.95 8.00 2259430
20.23 7.95 160.78 503.54 8.00 2259450
20.23 8.03 162.45 504.27 8.00 2259470
20.23 8.03 162.45 504.35 8.00 2259490
20.23 8.03 162.45 505.03 8.00 2259510
20.23 7.99 161.69 505.68 8.00 2259530
20.23 7.99 161.69 506.26 8.00 2259550
20.23 7.99 161.69 506.82 8.00 2259570
20.23 7.99 161.69 507.08 8.00 2259590
20.23 7.95 160.94 507.88 8.00 2259610
20.23 7.95 160.94 508.13 8.00 2259630
20.23 7.95 160.94 508.77 8.00 2259650
20.23 8.02 162.34 509.26 8.00 2259670
20.23 8.02 162.34 509.48 8.00 2259690
20.23 8.02 162.34 510.40 8.00 2259710
20.23 8.02 162.34 510.66 8.00 2259730
20.23 7.96 161.08 511.40 8.00 2259750
20.23 7.96 161.08 511.64 8.00 2259770
20.23 7.96 161.08 512.52 8.00 2259790
20.23 7.96 161.08 512.98 8.00 2259810
20.23 7.97 161.27 512.68 8.00 2259830
20.23 7.97 161.27 513.71 8.00 2259850
20.23 7.97 161.27 514.43 8.00 2259870
20.23 7.94 160.68 515.12 8.00 2259890
20.23 7.94 160.68 515.57 8.00 2259910
20.23 7.94 160.68 515.66 8.00 2259930
20.23 7.94 160.68 516.18 8.00 2259950
20.23 7.94 160.59 516.87 8.00 2259970
20.23 7.94 160.59 517.39 8.00 2259990
20.23 7.94 160.59 517.67 8.00 2260010
20.23 7.94 160.59 518.52 8.00 2260030
20.23 7.96 161.02 518.98 8.00 2260050
20.23 7.96 161.02 519.34 8.00 2260070
20.23 7.96 161.02 519.61 8.00 2260090
20.23 7.85 158.92 520.58 8.00 2260110
20.23 7.85 158.92 520.80 8.00 2260130
20.23 7.85 158.92 521.73 8.00 2260150
20.23 7.85 158.92 522.09 8.00 2260170
20.23 7.93 160.38 522.34 8.00 2260190
20.23 7.93 160.38 522.81 8.00 2260210
20.23 7.93 160.38 523.44 8.00 2260230
20.23 7.97 161.16 523.82 8.00 2260250
20.23 7.97 161.16 524.17 8.00 2260270
20.23 7.97 161.16 524.96 8.00 2260290
20.23 7.97 161.16 525.56 8.00 2260310
20.23 7.90 159.92 525.97 8.00 2260330
20.23 7.90 159.92 526.56 8.00 2260350
20.23 7.90 159.92 527.01 8.00 2260370
20.23 7.90 159.92 527.61 8.00 2260390
20.23 7.96 161.13 527.84 8.00 2260410
20.23 7.96 161.13 528.23 8.00 2260430
20.23 7.96 161.13 528.76 8.00 2260450
20.23 7.96 161.07 529.59 8.00 2260470
20.23 7.96 161.07 530.09 8.00 2260490
20.23 7.96 161.07 530.30 8.00 2260510
20.23 7.96 161.07 530.47 8.00 2260530
20.23 7.90 159.86 531.17 8.00 2260550
20.23 7.90 159.86 531.85 8.00 2260570
20.23 7.90 159.86 532.50 8.00 2260590
20.23 7.98 161.44 533.01 8.00 2260610
20.23 7.98 161.44 533.37 8.00 2260630
20.23 7.98 161.44 533.67 8.00 2260650
20.23 7.98 161.44 534.47 8.00 2260670
20.23 7.98 161.44 535.09 8.00 2260690
20.23 7.98 161.44 535.30 8.00 2260710
20.23 7.98 161.44 535.59 8.00 2260730
20.23 7.98 161.44 536.17 8.00 2260750
20.23 7.90 159.92 537.10 8.00 2260770
20.23 7.90 159.92 537.61 8.00 2260790
20.23 7.90 159.92 537.95 8.00 2260810
20.23 7.91 159.97 538.38 8.00 2260830
20.23 7.91 159.97 538.63 8.00 2260850
20.23 7.91 159.97 539.22 8.00 2260870
20.23 7.91 159.97 539.99 8.00 2260890
20.23 7.91 160.07 540.11 8.00 2260910
20.23 7.91 160.07 540.71 8.00 2260930
20.23 7.91 160.07 541.19 8.00 2260950
20.23 7.91 160.07 541.93 8.00 2260970
20.23 7.93 160.43 542.03 8.00 2260990
20.23 7.93 160.43 542.31 8.00 2261010
20.23 7.93 160.43 543.17 8.00 2261030
20.23 7.88 159.51 543.49 8.00 2261050
20.23 7.88 159.51 543.90 8.00 2261070
20.23 7.88 159.51 544.73 8.00 2261090
20.23 7.88 159.51 545.42 8.00 2261110
20.23 7.92 160.33 545.65 8.00 2261130
20.23 7.92 160.33 546.32 8.00 2261150
20.23 7.92 160.33 546.71 8.00 2261170
20.23 7.91 159.96 547.18 8.00 2261190
20.23 7.91 159.96 547.84 8.00 2261210
20.23 7.91 159.96 547.58 8.00 2261230
20.23 7.91 159.96 548.47 8.00 2261250
20.23 7.91 160.11 549.22 8.00 2261270
20.23 7.91 160.11 549.73 8.00 2261290
20.23 7.91 160.11 549.96 8.00 2261310
20.23 7.91 160.11 550.11 8.00 2261330
20.23 7.89 159.68 550.50 8.00 2261350
20.23 7.89 159.68 551.49 8.00 2261370
20.23 7.89 159.68 551.95 8.00 2261390
20.23 7.87 159.17 552.54 8.00 2261410
20.23 7.87 159.17 552.42 8.00 2261430
20.23 7.87 159.17 552.74 8.00 2261450
20.23 7.87 159.17 553.39 8.00 2261470
20.23 7.84 158.66 554.24 8.00 2261490
20.23 7.84 158.66 554.95 8.00 2261510
20.23 7.84 158.66 554.86 8.00 2261530
20.23 7.91 160.03 556.03 8.00 2261550
20.23 7.91 160.02 556.02 8.00 2261570
20.23 7.91 160.02 556.33 8.00 2261590
20.23 7.91 160.02 557.18 8.00 2261610
20.23 7.97 161.17 557.78 8.00 2261630
20.23 7.97 161.17 557.99 8.00 2261650
20.23 7.97 161.17 558.63 8.00 2261670
20.23 7.97 161.17 559.01 8.00 2261690
20.23 7.94 160.58 559.42 8.00 2261710
20.23 7.94 160.58 560.31 8.00 2261730
20.23 7.94 160.58 559.90 8.00 2261750
20.23 7.90 159.88 561.57 8.00 2261770
20.23 7.90 159.88 561.57 8.00 2261790
20.23 7.90 159.88 561.93 8.00 2261810
20.23 7.90 159.88 562.10 8.00 2261830
20.23 7.87 159.27 562.89 8.00 2261850
20.23 7.87 159.27 563.15 8.00 2261870
20.23 7.87 159.27 563.73 8.00 2261890
20.23 7.87 159.27 564.21 8.00 2261910
20.23 7.92 160.22 564.84 8.00 2261930
20.23 7.92 160.22 564.53 8.00 2261950
20.23 7.92 160.22 565.53 8.00 2261970
20.23 7.97 161.23 565.96 8.00 2261990
20.23 7.97 161.23 566.55 8.00 2262010
20.23 7.97 161.23 567.04 8.00 2262030
20.23 7.97 161.23 567.81 8.00 2262050
20.23 7.98 161.48 568.40 8.00 2262070
20.23 7.98 161.48 568.46 8.00 2262090
20.23 7.98 161.48 569.01 8.00 2262110
20.23 7.92 160.17 569.08 8.00 2262130
20.23 7.92 160.17 569.91 8.00 2262150
20.23 7.92 160.17 570.24 8.00 2262170
20.23 7.92 160.17 570.21 8.00 2262190
20.23 7.93 160.42 571.37 8.00 2262210
20.23 7.93 160.42 571.75 8.00 2262230
20.23 7.93 160.42 572.01 8.00 2262250
20.23 7.93 160.42 573.27 8.00 2262270
20.23 7.88 159.45 573.18 8.00 2262290
20.23 7.88 159.45 573.58 8.00 2262310
20.23 7.88 159.45 574.07 8.00 2262330
20.23 7.93 160.37 574.85 8.00 2262350
20.23 7.93 160.37 575.25 8.00 2262370
20.23 7.93 160.37 575.83 8.00 2262390
20.23 7.93 160.37 576.40 8.00 2262410
20.23 7.86 159.01 576.24 8.00 2262430
20.23 7.86 159.01 577.08 8.00 2262450
20.23 7.86 159.01 577.41 8.00 2262470
20.23 7.86 159.01 577.71 8.00 2262490
20.23 7.94 160.68 578.12 8.00 2262510
20.23 7.94 160.68 578.64 8.00 2262530
20.23 7.94 160.68 578.87 8.00 2262550
20.23 8.02 162.18 579.51 8.00 2262570
20.23 8.02 162.18 580.02 8.00 2262590
20.23 8.02 162.18 580.09 8.00 2262610
20.23 8.02 162.18 581.29 8.00 2262630
20.23 7.95 160.83 581.52 8.00 2262650
20.23 7.95 160.83 582.30 8.00 2262670
20.23 7.95 160.83 582.58 8.00 2262690
20.23 7.97 161.28 582.54 8.00 2262710
20.23 7.97 161.28 583.24 8.00 2262730
20.23 7.97 161.28 584.00 8.00 2262750
20.23 7.97 161.28 584.31 8.00 2262770
20.23 7.94 160.58 584.64 8.00 2262790
20.23 7.94 160.58 585.63 8.00 2262810
20.23 7.94 160.58 585.24 8.00 2262830
20.23 7.94 160.58 586.21 8.00 2262850
20.23 7.90 159.92 586.38 8.00 2262870
20.23 7.90 159.92 586.99 8.00 2262890
20.23 7.90 159.92 587.09 8.00 2262910
20.23 7.91 160.02 587.88 8.00 2262930
20.23 7.91 160.02 588.25 8.00 2262950
20.23 7.91 160.02 588.93 8.00 2262970
20.23 7.91 160.02 589.17 8.00 2262990
20.23 7.93 160.37 590.14 8.00 2263010
20.23 7.93 160.37 589.68 8.00 2263030
20.23 7.93 160.37 590.71 8.00 2263050
20.23 7.92 160.32 590.89 8.00 2263070
20.23 7.92 160.32 591.30 8.00 2263090
20.23 7.92 160.32 591.91 8.00 2263110
20.23 7.92 160.32 592.07 8.00 2263130
20.23 7.92 160.26 593.00 8.00 2263150
20.23 7.92 160.26 592.97 8.00 2263170
20.23 7.92 160.26 593.57 8.00 2263190
20.23 7.92 160.26 594.41 8.00 2263210
20.23 7.93 160.42 594.47 8.00 2263230
20.23 7.93 160.42 594.84 8.00 2263250
20.23 7.93 160.42 595.78 8.00 2263270
20.23 7.93 160.37 596.23 8.00 2263290
20.23 7.93 160.37 596.74 8.00 2263310
20.23 7.93 160.37 597.06 8.00 2263330
20.23 7.93 160.37 597.50 8.00 2263350
20.23 8.01 161.98 597.60 8.00 2263370
20.23 8.01 161.98 598.12 8.00 2263390
20.23 8.01 161.98 598.72 8.00 2263410
20.23 8.01 161.98 599.27 8.00 2263430
20.23 7.93 160.52 599.36 8.00 2263450
20.23 7.93 160.52 599.86 8.00 2263470
20.23 7.93 160.52 600.38 8.00 2263490
20.23 8.01 161.99 601.22 8.00 2263510
20.23 8.01 161.99 601.55 8.00 2263530
20.23 8.01 161.99 602.06 8.00 2263550
20.23 8.01 161.99 602.18 8.00 2263570
20.23 7.89 159.72 602.99 8.00 2263590
20.23 7.89 159.72 602.99 8.00 2263610
20.23 7.89 159.72 603.75 8.00 2263630
20.23 7.89 159.61 603.99 8.00 2263650
20.23 7.89 159.61 604.33 8.00 2263670
20.23 7.89 159.61 605.05 8.00 2263690
20.23 7.89 159.61 605.57 8.00 2263710
20.23 7.93 160.53 606.13 8.00 2263730
20.23 7.93 160.53 605.96 8.00 2263750
20.23 7.93 160.53 607.11 8.00 2263770
20.23 7.93 160.53 606.98 8.00 2263790
20.23 7.83 158.36 607.82 8.00 2263810
20.23 7.83 158.36 608.49 8.00 2263830
20.23 7.83 158.36 608.98 8.00 2263850
20.23 7.92 160.27 608.30 8.00 2263870
20.23 7.92 160.27 609.22 8.00 2263890
20.23 7.92 160.27 610.11 8.00 2263910
20.23 7.92 160.27 610.00 8.00 2263930
20.23 7.91 160.08 610.49 8.00 2263950
20.23 7.91 160.08 610.58 8.00 2263970
20.23 7.91 160.08 611.27 8.00 2263990
20.23 7.91 160.08 612.31 8.00 2264010
20.23 7.92 160.17 612.61 8.00 2264030
20.23 7.92 160.17 613.06 8.00 2264050
20.23 7.92 160.17 613.07 8.00 2264070
20.23 7.93 160.43 613.96 8.00 2264090
20.23 7.93 160.43 614.48 8.00 2264110
20.23 7.93 160.43 615.23 8.00 2264130
20.23 7.93 160.43 614.79 8.00 2264150
20.23 7.91 160.08 615.85 8.00 2264170
20.23 7.91 160.08 616.12 8.00 2264190
20.23 7.91 160.08 616.40 8.00 2264210
20.23 7.93 160.37 616.09 8.00 2264230
20.23 7.93 160.37 617.55 8.00 2264250
20.23 7.93 160.37 617.40 8.00 2264270
20.23 7.93 160.37 618.23 8.00 2264290
20.23 7.92 160.22 618.32 8.00 2264310
20.23 7.92 160.22 619.25 8.00 2264330
20.23 7.92 160.22 619.66 8.00 2264350
20.23 7.92 160.22 619.57 8.00 2264370
20.23 7.84 158.67 620.27 8.00 2264390
20.23 7.84 158.67 620.62 8.00 2264410
20.23 7.84 158.67 621.03 8.00 2264430
20.23 7.89 159.62 621.55 8.00 2264450
20.23 7.89 159.62 622.06 8.00 2264470
20.23 7.89 159.62 622.12 8.00 2264490
20.23 7.89 159.62 622.90 8.00 2264510
20.23 7.87 159.32 623.52 8.00 2264530
20.23 7.87 159.32 623.72 8.00 2264550
20.23 7.87 159.32 624.02 8.00 2264570
20.23 7.89 159.62 624.02 8.00 2264590
20.23 7.89 159.62 624.82 8.00 2264610
20.23 7.89 159.62 625.25 8.00 2264630
20.23 7.89 159.62 625.74 8.00 2264650
20.23 7.92 160.32 626.00 8.00 2264670
20.23 7.92 160.32 626.56 8.00 2264690
20.23 7.92 160.32 627.13 8.00 2264710
20.23 7.92 160.32 626.74 8.00 2264730
20.23 7.89 159.72 627.83 8.00 2264750
20.23 7.89 159.72 628.07 8.00 2264770
20.23 7.89 159.72 628.91 8.00 2264790
20.23 7.91 160.03 629.21 8.00 2264810
20.23 7.91 160.03 629.56 8.00 2264830
20.23 7.91 160.03 629.68 8.00 2264850
20.23 7.91 160.03 630.38 8.00 2264870
20.23 7.90 159.92 631.03 8.00 2264890
20.23 7.90 159.92 631.85 8.00 2264910
20.23 7.90 159.92 631.17 8.00 2264930
20.23 7.90 159.92 632.32 8.00 2264950
20.23 7.94 160.62 633.00 8.00 2264970
20.23 7.94 160.62 633.19 8.00 2264990
20.23 7.94 160.62 633.63 8.00 2265010
20.23 7.97 161.32 633.89 8.00 2265030
20.23 7.97 161.32 634.26 8.00 2265050
20.23 7.97 161.32 634.59 8.00 2265070
20.23 7.97 161.32 634.98 8.00 2265090
20.23 7.95 160.77 635.37 8.00 2265110
20.23 7.95 160.77 635.59 8.00 2265130
20.23 7.95 160.77 636.63 8.00 2265150
20.23 7.91 160.13 636.59 8.00 2265170
20.23 7.91 160.13 637.51 8.00 2265190
20.23 7.91 160.13 638.35 8.00 2265210
20.23 7.91 160.13 638.41 8.00 2265230
20.23 7.87 159.33 638.61 8.00 2265250
20.23 7.87 159.33 638.96 8.00 2265270
20.23 7.87 159.33 639.42 8.00 2265290
20.23 7.87 159.33 639.67 8.00 2265310
20.23 7.89 159.72 639.90 8.00 2265330
20.23 7.89 159.72 640.62 8.00 2265350
20.23 7.89 159.72 640.92 8.00 2265370
20.23 7.93 160.52 640.88 8.00 2265390
20.23 7.93 160.52 642.49 8.00 2265410
20.23 7.93 160.52 642.38 8.00 2265430
20.23 7.93 160.52 642.97 8.00 2265450
20.23 7.91 160.08 643.31 8.00 2265470
20.23 7.91 160.08 644.00 8.00 2265490
20.23 7.91 160.08 643.90 8.00 2265510
20.23 7.91 160.08 643.80 8.00 2265530
20.23 7.91 160.03 644.69 8.00 2265550
20.23 7.91 160.03 645.70 8.00 2265570
20.23 7.91 160.03 645.76 8.00 2265590
20.23 7.90 159.92 646.21 8.00 2265610
20.23 7.90 159.92 646.38 8.00 2265630
20.23 7.90 159.92 646.99 8.00 2265650
20.23 7.90 159.92 646.99 8.00 2265670
20.23 7.89 159.67 648.05 8.00 2265690
20.23 7.89 159.67 648.31 8.00 2265710
20.23 7.89 159.67 648.48 8.00 2265730
20.23 7.92 160.32 649.29 8.00 2265750
20.23 7.92 160.32 649.53 8.00 2265770
20.23 7.92 160.32 649.78 8.00 2265790
20.23 7.92 160.32 650.10 8.00 2265810
20.23 7.89 159.57 650.89 8.00 2265830
20.23 7.89 159.57 650.67 8.00 2265850
20.23 7.89 159.57 651.07 8.00 2265870
20.23 7.89 159.57 652.32 8.00 2265890
20.23 7.96 160.97 652.08 8.00 2265910
20.23 7.96 160.97 652.88 8.00 2265930
20.23 7.96 160.97 653.78 8.00 2265950
20.23 7.91 160.07 654.17 8.00 2265970
20.23 7.91 160.07 653.82 8.00 2265990
20.23 7.91 160.07 654.66 8.00 2266010
20.23 7.91 160.07 654.71 8.00 2266030
20.23 7.88 159.52 654.89 8.00 2266050
20.23 7.88 159.52 655.59 8.00 2266070
20.23 7.88 159.52 655.90 8.00 2266090
20.23 7.91 160.07 656.47 8.00 2266110
20.23 7.91 160.07 656.89 8.00 2266130
20.23 7.91 160.07 658.04 8.00 2266150
20.23 7.91 160.07 657.93 8.00 2266170
20.23 7.90 159.88 658.10 8.00 2266190
20.23 7.90 159.88 658.91 8.00 2266210
20.23 7.90 159.88 658.57 8.00 2266230
20.23 7.90 159.88 659.47 8.00 2266250
20.23 7.92 160.27 659.65 8.00 2266270
20.23 7.92 160.27 660.24 8.00 2266290
20.23 7.92 160.27 660.60 8.00 2266310
20.23 7.91 160.12 661.17 8.00 2266330
20.23 7.91 160.12 660.71 8.00 2266350
20.23 7.91 160.12 661.87 8.00 2266370
20.23 7.91 160.12 662.19 8.00 2266390
20.23 7.86 159.12 662.90 8.00 2266410
20.23 7.86 159.12 663.48 8.00 2266430
20.23 7.86 159.12 663.51 8.00 2266450
20.23 7.86 159.12 663.84 8.00 2266470
20.23 7.88 159.51 663.98 8.00 2266490
20.23 7.88 159.51 664.41 8.00 2266510
20.23 7.88 159.51 665.06 8.00 2266530
20.23 7.95 160.77 665.19 8.00 2266550
20.23 7.95 160.77 665.71 8.00 2266570
20.23 7.95 160.77 666.13 8.00 2266590
20.23 7.95 160.77 666.43 8.00 2266610
20.23 7.94 160.64 667.14 8.00 2266630
20.23 7.94 160.64 667.18 8.00 2266650
20.23 7.94 160.64 667.84 8.00 2266670
20.23 7.90 159.92 668.11 8.00 2266690
20.23 7.90 159.92 669.26 8.00 2266710
20.23 7.90 159.92 668.94 8.00 2266730
20.23 7.90 159.92 669.03 8.00 2266750
20.23 7.95 160.83 669.67 8.00 2266770
20.23 7.95 160.83 670.32 8.00 2266790
20.23 7.95 160.83 670.57 8.00 2266810
20.23 7.95 160.83 670.80 8.00 2266830
20.23 7.88 159.42 671.37 8.00 2266850
20.23 7.88 159.42 671.40 8.00 2266870
20.23 7.88 159.42 672.32 8.00 2266890
20.23 7.91 160.01 672.56 8.00 2266910
20.23 7.91 160.01 672.83 8.00 2266930
20.23 7.91 160.01 673.38 8.00 2266950
20.23 7.91 160.01 673.80 8.00 2266970
20.23 7.91 160.12 674.23 8.00 2266990
20.23 7.91 160.12 674.19 8.00 2267010
20.23 7.91 160.12 675.09 8.00 2267030
20.23 7.91 160.12 674.93 8.00 2267050
20.23 7.90 159.77 676.22 8.00 2267070
20.23 7.90 159.77 676.12 8.00 2267090
20.23 7.90 159.77 676.94 8.00 2267110
20.23 7.92 160.32 677.29 8.00 2267130
20.23 7.92 160.32 677.90 8.00 2267150
20.23 7.92 160.32 678.47 8.00 2267170
20.23 7.92 160.32 677.68 8.00 2267190
20.23 7.93 160.53 678.69 8.00 2267210
20.23 7.93 160.53 678.89 8.00 2267230
20.23 7.93 160.53 678.96 8.00 2267250
20.23 7.93 160.46 679.76 8.00 2267270
20.23 7.93 160.46 680.26 8.00 2267290
20.23 7.93 160.46 680.47 8.00 2267310
20.23 7.93 160.46 680.62 8.00 2267330
20.23 7.94 160.64 681.55 8.00 2267350
20.23 7.94 160.64 681.50 8.00 2267370
20.23 7.94 160.64 682.28 8.00 2267390
20.23 7.94 160.64 681.97 8.00 2267410
20.23 7.95 160.83 682.87 8.00 2267430
20.23 7.95 160.83 683.36 8.00 2267450
20.23 7.95 160.83 684.11 8.00 2267470
20.23 7.93 160.38 684.08 8.00 2267490
20.23 7.93 160.38 684.53 8.00 2267510
20.23 7.93 160.38 684.82 8.00 2267530
20.23 7.93 160.38 685.57 8.00 2267550
20.23 7.90 159.83 685.78 8.00 2267570
20.23 7.90 159.83 687.27 8.00 2267590
20.23 7.90 159.83 686.23 8.00 2267610
20.23 7.88 159.47 686.61 8.00 2267630
20.23 7.88 159.47 687.42 8.00 2267650
20.23 7.88 159.47 688.10 8.00 2267670
20.23 7.88 159.47 688.19 8.00 2267690
20.23 7.94 160.63 688.64 8.00 2267710
20.23 7.94 160.63 688.78 8.00 2267730
20.23 7.94 160.63 688.85 8.00 2267750
20.23 7.94 160.63 689.44 8.00 2267770
20.23 7.91 160.08 689.58 8.00 2267790
20.23 7.91 160.08 690.23 8.00 2267810
20.23 7.91 160.08 691.12 8.00 2267830
20.23 7.91 160.02 691.29 8.00 2267850
20.23 7.91 160.02 691.99 8.00 2267870
20.23 7.91 160.02 691.60 8.00 2267890
20.23 7.91 160.02 692.17 8.00 2267910
20.23 7.87 159.27 692.84 8.00 2267930
20.23 7.87 159.27 693.12 8.00 2267950
20.23 7.87 159.27 693.87 8.00 2267970
20.23 7.87 159.27 693.52 8.00 2267990
20.23 7.91 160.07 694.32 8.00 2268010
20.23 7.91 160.07 694.24 8.00 2268030
20.23 7.91 160.07 695.44 8.00 2268050
20.23 7.90 159.78 695.31 8.00 2268070
20.23 7.90 159.78 695.52 8.00 2268090
20.23 7.90 159.78 696.13 8.00 2268110
20.23 7.90 159.78 696.27 8.00 2268130
20.23 7.90 159.86 697.03 8.00 2268150
20.23 7.90 159.86 697.86 8.00 2268170
20.23 7.90 159.86 697.70 8.00 2268190
20.23 7.87 159.16 698.52 8.00 2268210
20.23 7.87 159.16 698.16 8.00 2268230
20.23 7.87 159.16 699.22 8.00 2268250
20.23 7.87 159.16 699.31 8.00 2268270
20.23 7.96 161.10 699.68 8.00 2268290
20.23 7.96 161.10 699.25 8.00 2268310
20.23 7.96 161.10 700.71 8.00 2268330
20.23 7.96 161.10 700.84 8.00 2268350
20.23 8.07 163.28 701.48 8.00 2268370
20.23 8.07 163.28 701.09 8.00 2268390
20.23 8.07 163.28 702.58 8.00 2268410
20.23 7.90 159.77 702.87 8.00 2268430
20.23 7.90 159.77 702.76 8.00 2268450
20.23 7.90 159.77 703.20 8.00 2268470
20.23 7.90 159.77 703.41 8.00 2268490
20.23 7.95 160.78 704.09 8.00 2268510
20.23 7.95 160.78 704.13 8.00 2268530
20.23 7.95 160.78 704.70 8.00 2268550
20.23 7.95 160.78 704.39 8.00 2268570
20.23 7.89 159.63 705.53 8.00 2268590
20.23 7.89 159.63 705.81 8.00 2268610
20.23 7.89 159.63 706.38 8.00 2268630
20.23 7.88 159.47 707.19 8.00 2268650
20.23 7.88 159.47 707.31 8.00 2268670
20.23 7.88 159.47 706.99 8.00 2268690
20.23 7.88 159.47 707.88 8.00 2268710
20.23 7.83 158.47 707.98 8.00 2268730
20.23 7.83 158.47 708.52 8.00 2268750
20.23 7.83 158.47 709.30 8.00 2268770
20.23 7.89 159.73 708.95 8.00 2268790
20.23 7.89 159.73 709.43 8.00 2268810
20.23 7.89 159.73 710.43 8.00 2268830
20.23 7.89 159.73 710.38 8.00 2268850
20.23 7.84 158.65 710.81 8.00 2268870
20.23 7.84 158.65 710.89 8.00 2268890
20.23 7.84 158.65 711.61 8.00 2268910
20.23 7.84 158.65 711.84 8.00 2268930
20.23 7.89 159.57 712.28 8.00 2268950
20.23 7.89 159.57 712.54 8.00 2268970
20.23 7.89 159.57 712.99 8.00 2268990
20.23 7.93 160.52 713.55 8.00 2269010
20.23 7.93 160.52 713.89 8.00 2269030
20.23 7.93 160.52 714.23 8.00 2269050
20.23 7.93 160.52 714.32 8.00 2269070
20.23 7.91 160.12 715.35 8.00 2269090
20.23 7.91 160.12 714.97 8.00 2269110
20.23 7.91 160.12 715.82 8.00 2269130
20.23 7.95 160.78 716.14 8.00 2269150
20.23 7.95 160.78 716.53 8.00 2269170
20.23 7.95 160.78 716.97 8.00 2269190
20.23 7.95 160.78 716.80 8.00 2269210
20.23 7.92 160.27 717.66 8.00 2269230
20.23 7.92 160.27 718.12 8.00 2269250
20.23 7.92 160.27 717.72 8.00 2269270
20.23 7.92 160.27 719.00 8.00 2269290
20.23 7.91 159.97 718.64 8.00 2269310
20.23 7.91 159.97 718.94 8.00 2269330
20.23 7.91 159.97 720.36 8.00 2269350
20.23 7.85 158.83 720.12 8.00 2269370
20.23 7.85 158.83 720.57 8.00 2269390
20.23 7.85 158.83 721.07 8.00 2269410
20.23 7.85 158.83 721.37 8.00 2269430
20.23 7.89 159.72 720.76 8.00 2269450
20.23 7.89 159.72 722.61 8.00 2269470
20.23 7.89 159.72 722.36 8.00 2269490
20.23 7.89 159.72 722.04 8.00 2269510
20.23 7.85 158.92 723.04 8.00 2269530
20.23 7.85 158.92 723.52 8.00 2269550
20.23 7.85 158.92 723.66 8.00 2269570
20.23 7.89 159.62 724.21 8.00 2269590
20.23 7.89 159.62 724.57 8.00 2269610
20.23 7.89 159.62 725.18 8.00 2269630
20.23 7.89 159.62 725.51 8.00 2269650
20.23 7.92 160.22 726.08 8.00 2269670
20.23 7.92 160.22 726.17 8.00 2269690
20.23 7.92 160.22 726.36 8.00 2269710
20.23 7.88 159.47 727.01 8.00 2269730
20.23 7.88 159.47 727.76 8.00 2269750
20.23 7.88 159.47 727.59 8.00 2269770
20.23 7.88 159.47 727.78 8.00 2269790
20.23 7.85 158.82 728.13 8.00 2269810
20.23 7.85 158.82 728.67 8.00 2269830
20.23 7.85 158.82 729.07 8.00 2269850
20.23 7.85 158.82 729.32 8.00 2269870
20.23 7.90 159.93 729.59 8.00 2269890
20.23 7.90 159.93 730.03 8.00 2269910
20.23 7.90 159.93 730.92 8.00 2269930
20.23 7.92 160.22 730.65 8.00 2269950
20.23 7.92 160.22 731.31 8.00 2269970
20.23 7.92 160.22 731.58 8.00 2269990
20.23 7.92 160.22 731.98 8.00 2270010
20.23 7.95 160.78 732.19 8.00 2270030
20.23 7.95 160.78 732.55 8.00 2270050
20.23 7.95 160.78 733.22 8.00 2270070
20.23 7.95 160.78 734.01 8.00 2270090
20.23 7.98 161.47 733.97 8.00 2270110
20.23 7.98 161.47 733.97 8.00 2270130
20.23 7.98 161.47 734.41 8.00 2270150
20.23 7.91 160.13 734.96 8.00 2270170
20.23 7.91 160.13 735.24 8.00 2270190
20.23 7.91 160.13 735.78 8.00 2270210
20.23 7.91 160.13 736.20 8.00 2270230
20.23 7.88 159.46 736.63 8.00 2270250
20.23 7.88 159.46 736.68 8.00 2270270
20.23 7.88 159.46 737.06 8.00 2270290
20.23 7.94 160.58 737.62 8.00 2270310
20.23 7.94 160.58 738.08 8.00 2270330
20.23 7.94 160.58 738.13 8.00 2270350
20.23 7.94 160.58 738.82 8.00 2270370
20.23 7.91 160.07 738.81 8.00 2270390
20.23 7.91 160.07 739.31 8.00 2270410
20.23 7.91 160.07 740.09 8.00 2270430
20.23 7.91 160.07 739.88 8.00 2270450
20.23 7.98 161.37 740.67 8.00 2270470
20.23 7.98 161.37 740.47 8.00 2270490
20.23 7.98 161.37 740.33 8.00 2270510
20.23 7.99 161.59 741.31 8.00 2270530
20.23 7.99 161.59 741.48 8.00 2270550
20.23 7.99 161.59 742.22 8.00 2270570
20.23 7.99 161.59 743.03 8.00 2270590
20.23 8.03 162.40 742.98 8.00 2270610
20.23 8.03 162.40 743.34 8.00 2270630
20.23 8.03 162.40 743.94 8.00 2270650
20.23 7.97 161.22 744.49 8.00 2270670
20.23 7.97 161.22 744.32 8.00 2270690
20.23 7.97 161.22 744.97 8.00 2270710
20.23 7.97 161.22 744.77 8.00 2270730
20.23 8.00 161.88 745.63 8.00 2270750
20.23 8.00 161.88 746.17 8.00 2270770
20.23 8.00 161.88 746.28 8.00 2270790
20.23 8.00 161.88 746.66 8.00 2270810
20.23 7.94 160.62 747.04 8.00 2270830
20.23 7.94 160.62 747.44 8.00 2270850
20.23 7.94 160.62 747.78 8.00 2270870
20.24 7.59 153.65 748.38 8.00 2270890
20.24 7.59 153.65 747.77 8.00 2270910
20.24 7.59 153.65 748.69 8.00 2270930
20.24 7.59 153.65 748.56 8.00 2270950
20.37 2.33 47.42 748.72 8.00 2270970
20.37 2.33 47.42 749.10 8.00 2270990
20.37 2.33 47.42 748.64 8.00 2271010
20.37 2.33 47.42 749.16 8.00 2271030
20.33 2.88 58.50 749.00 8.00 2271050
20.33 2.88 58.50 749.89 8.00 2271070
20.33 2.88 58.50 749.74 8.00 2271090
20.29 4.52 91.83 749.32 8.00 2271110
20.29 4.52 91.83 750.13 8.00 2271130
20.29 4.52 91.83 749.84 8.00 2271150
20.29 4.52 91.83 750.21 8.00 2271170
20.28 5.43 110.17 750.80 8.00 2271190
20.28 5.43 110.17 750.81 8.00 2271210
20.28 5.43 110.17 750.84 8.00 2271230
20.28 5.58 113.09 751.21 8.00 2271250
20.28 5.58 113.09 751.67 8.00 2271270
20.28 5.58 113.09 751.68 8.00 2271290
20.28 5.58 113.09 752.14 8.00 2271310
20.26 6.54 132.43 752.07 8.00 2271330
20.26 6.54 132.43 752.48 8.00 2271350
20.26 6.54 132.43 752.48 8.00 2271370
20.26 6.54 132.43 753.24 8.00 2271390
20.26 6.44 130.59 753.57 8.00 2271410
20.26 6.44 130.59 753.56 8.00 2271430
20.26 6.44 130.59 754.48 8.00 2271450
20.26 6.37 129.02 754.70 8.00 2271470
20.26 6.37 129.02 754.41 8.00 2271490
20.26 6.37 129.02 754.84 8.00 2271510
20.26 6.37 129.02 754.99 8.00 2271530
20.26 6.28 127.21 755.49 8.00 2271550
20.26 6.28 127.21 755.57 8.00 2271570
20.26 6.28 127.21 756.02 8.00 2271590
20.26 6.20 125.64 755.87 8.00 2271610
20.27 6.20 125.66 756.88 8.00 2271630
20.27 6.20 125.66 757.48 8.00 2271650
20.27 6.20 125.66 756.85 8.00 2271670
20.27 6.12 124.15 757.49 8.00 2271690
20.27 6.12 124.15 757.99 8.00 2271710
20.27 6.12 124.15 758.42 8.00 2271730
20.27 6.12 124.15 757.81 8.00 2271750
20.27 6.06 122.89 758.40 8.00 2271770
20.27 6.06 122.89 758.57 8.00 2271790
20.27 6.06 122.89 759.40 8.00 2271810
20.27 5.99 121.48 759.34 8.00 2271830
20.27 5.99 121.48 759.69 8.00 2271850
20.27 5.99 121.48 759.94 8.00 2271870
20.27 5.99 121.48 759.92 8.00 2271890
20.27 5.91 119.85 760.27 8.00 2271910
20.27 5.91 119.85 760.47 8.00 2271930
20.27 5.91 119.85 760.57 8.00 2271950
20.27 5.91 119.85 761.60 8.00 2271970
20.27 5.85 118.70 760.86 8.00 2271990
20.27 5.85 118.70 760.96 8.00 2272010
20.27 5.85 118.70 761.84 8.00 2272030
20.28 5.77 117.04 762.63 8.00 2272050
20.28 5.77 117.04 762.00 8.00 2272070
20.28 5.77 117.04 762.53 8.00 2272090
20.28 5.77 117.04 763.45 8.00 2272110
20.28 5.73 116.19 763.30 8.00 2272130
20.28 5.73 116.19 763.66 8.00 2272150
20.28 5.73 116.19 763.60 8.00 2272170
20.28 5.59 113.31 763.99 8.00 2272190
20.28 5.59 113.31 764.53 8.00 2272210
20.28 5.59 113.31 764.04 8.00 2272230
20.28 5.59 113.31 764.39 8.00 2272250
20.28 5.54 112.29 764.58 8.00 2272270
20.28 5.54 112.29 764.58 8.00 2272290
20.28 5.54 112.29 764.83 8.00 2272310
20.28 5.54 112.29 765.51 8.00 2272330
20.28 5.52 111.95 765.56 8.00 2272350
20.28 5.52 111.95 765.25 8.00 2272370
20.28 5.52 111.95 765.89 8.00 2272390
20.28 5.45 110.59 766.31 8.00 2272410
20.28 5.45 110.59 766.73 8.00 2272430
20.28 5.45 110.59 767.06 8.00 2272450
20.28 5.45 110.59 766.71 8.00 2272470
20.28 5.40 109.48 767.15 8.00 2272490
20.28 5.40 109.48 766.86 8.00 2272510
20.28 5.40 109.48 767.54 8.00 2272530
20.28 5.40 109.48 767.84 8.00 2272550
20.28 5.34 108.37 768.18 8.00 2272570
20.28 5.34 108.37 768.94 8.00 2272590
20.28 5.34 108.37 769.01 8.00 2272610
20.29 5.26 106.71 768.43 8.00 2272630
20.29 5.26 106.71 769.13 8.00 2272650
20.29 5.26 106.71 769.37 8.00 2272670
20.29 5.26 106.71 769.62 8.00 2272690
20.29 5.22 105.94 769.21 8.00 2272710
20.29 5.22 105.94 769.95 8.00 2272730
20.29 5.22 105.94 769.54 8.00 2272750
20.29 5.14 104.39 769.40 8.00 2272770
20.29 5.14 104.39 770.43 8.00 2272790
20.29 5.14 104.39 770.98 8.00 2272810
20.29 5.14 104.39 771.03 8.00 2272830
20.29 5.11 103.68 771.43 8.00 2272850
20.29 5.11 103.68 771.18 8.00 2272870
20.29 5.11 103.68 771.58 8.00 2272890
20.29 5.11 103.68 771.70 8.00 2272910
20.29 5.02 101.96 772.33 8.00 2272930
20.29 5.02 101.96 772.13 8.00 2272950
20.29 5.02 101.96 772.64 8.00 2272970
20.29 4.97 100.96 772.51 8.00 2272990
20.29 4.97 100.96 773.29 8.00 2273010
20.29 4.97 100.96 773.32 8.00 2273030
20.29 4.97 100.96 773.05 8.00 2273050
20.29 4.95 100.55 773.35 8.00 2273070
20.29 4.95 100.55 774.15 8.00 2273090
20.29 4.95 100.55 773.61 8.00 2273110
20.29 4.87 98.82 774.10 8.00 2273130
20.29 4.87 98.83 774.59 8.00 2273150
20.29 4.87 98.83 774.90 8.00 2273170
20.29 4.87 98.83 774.52 8.00 2273190
20.30 4.83 98.13 774.78 8.00 2273210
20.30 4.83 98.13 775.36 8.00 2273230
20.30 4.83 98.13 775.58 8.00 2273250
20.30 4.83 98.13 775.77 8.00 2273270
20.30 4.78 97.12 775.59 8.00 2273290
20.30 4.78 97.12 775.96 8.00 2273310
20.30 4.78 97.12 775.76 8.00 2273330
20.30 4.74 96.20 776.10 8.00 2273350
20.30 4.74 96.20 776.60 8.00 2273370
20.30 4.74 96.20 776.76 8.00 2273390
20.30 4.74 96.20 776.47 8.00 2273410
20.30 4.68 94.99 777.19 8.00 2273430
20.30 4.68 94.99 777.55 8.00 2273450
20.30 4.68 94.99 776.68 8.00 2273470
20.30 4.68 94.99 777.77 8.00 2273490
20.30 4.66 94.65 778.94 8.00 2273510
20.30 4.66 94.65 778.18 8.00 2273530
20.30 4.66 94.65 777.81 8.00 2273550
20.30 4.59 93.23 778.19 8.00 2273570
20.30 4.59 93.23 778.87 8.00 2273590
20.30 4.59 93.23 778.20 8.00 2273610
20.30 4.59 93.23 777.85 8.00 2273630
20.30 4.56 92.52 778.85 8.00 2273650
20.30 4.56 92.52 779.37 8.00 2273670
20.30 4.56 92.52 778.76 8.00 2273690
20.30 4.49 91.26 780.11 8.00 2273710
20.30 4.49 91.26 779.74 8.00 2273730
20.30 4.49 91.26 779.89 8.00 2273750
20.30 4.49 91.26 779.98 8.00 2273770
20.30 4.46 90.50 780.65 8.00 2273790
20.30 4.46 90.50 780.03 8.00 2273810
20.30 4.46 90.50 780.54 8.00 2273830
20.30 4.46 90.50 780.54 8.00 2273850
20.30 4.39 89.23 781.30 8.00 2273870
20.30 4.39 89.23 781.42 8.00 2273890
20.30 4.39 89.23 781.39 8.00 2273910
20.31 4.36 88.54 781.59 8.00 2273930
20.31 4.36 88.54 781.95 8.00 2273950
20.31 4.36 88.54 781.40 8.00 2273970
20.31 4.36 88.54 782.21 8.00 2273990
20.31 4.30 87.42 782.50 8.00 2274010
20.31 4.30 87.42 783.08 8.00 2274030
20.31 4.30 87.42 782.30 8.00 2274050
20.31 4.30 87.42 782.57 8.00 2274070
20.31 4.29 87.12 782.56 8.00 2274090
20.31 4.29 87.12 783.37 8.00 2274110
20.31 4.29 87.12 782.69 8.00 2274130
20.31 4.19 85.20 783.29 8.00 2274150
20.31 4.19 85.20 783.02 8.00 2274170
20.31 4.19 85.20 783.59 8.00 2274190
20.31 4.19 85.20 784.14 8.00 2274210
20.31 4.23 85.90 783.69 8.00 2274230
20.31 4.23 85.90 784.13 8.00 2274250
20.31 4.23 85.90 784.18 8.00 2274270
20.31 4.13 83.93 784.45 8.00 2274290
20.31 4.13 83.93 784.86 8.00 2274310
20.31 4.13 83.93 785.24 8.00 2274330
20.31 4.13 83.93 784.95 8.00 2274350
20.31 4.13 83.83 785.00 8.00 2274370
20.31 4.13 83.83 784.71 8.00 2274390
20.31 4.13 83.83 785.05 8.00 2274410
20.31 4.13 83.83 785.68 8.00 2274430
20.31 4.07 82.62 786.05 8.00 2274450
20.31 4.07 82.62 786.04 8.00 2274470
20.31 4.07 82.62 786.57 8.00 2274490
20.31 4.02 81.66 786.52 8.00 2274510
20.31 4.02 81.66 786.12 8.00 2274530
20.31 4.02 81.66 786.66 8.00 2274550
20.31 4.02 81.66 786.90 8.00 2274570
20.31 3.97 80.59 786.54 8.00 2274590
20.31 3.97 80.59 787.06 8.00 2274610
20.31 3.97 80.59 787.06 8.00 2274630
20.31 3.97 80.59 787.01 8.00 2274650
20.31 3.97 80.59 787.69 8.00 2274670
20.31 3.97 80.59 787.90 8.00 2274690
20.31 3.97 80.59 787.56 8.00 2274710
20.31 3.87 78.72 787.44 8.00 2274730
20.31 3.87 78.72 788.10 8.00 2274750
20.31 3.87 78.72 787.99 8.00 2274770
20.31 3.87 78.72 788.32 8.00 2274790
20.31 3.85 78.26 787.89 8.00 2274810
20.31 3.85 78.26 788.59 8.00 2274830
20.31 3.85 78.26 788.70 8.00 2274850
20.32 3.80 77.15 789.26 8.00 2274870
20.32 3.80 77.15 789.41 8.00 2274890
20.32 3.80 77.15 789.20 8.00 2274910
20.32 3.80 77.15 789.00 8.00 2274930
20.32 3.83 77.82 789.76 8.00 2274950
20.32 3.83 77.82 790.16 8.00 2274970
20.32 3.83 77.82 789.52 8.00 2274990
20.32 3.83 77.82 790.09 8.00 2275010
20.32 3.76 76.40 789.48 8.00 2275030
20.32 3.76 76.40 789.92 8.00 2275050
20.32 3.76 76.40 790.23 8.00 2275070
20.32 3.75 76.25 790.33 8.00 2275090
20.32 3.75 76.25 790.48 8.00 2275110
20.32 3.75 76.25 790.69 8.00 2275130
20.32 3.75 76.25 790.65 8.00 2275150
20.32 3.69 74.93 791.32 8.00 2275170
20.32 3.69 74.93 791.44 8.00 2275190
20.32 3.69 74.93 790.77 8.00 2275210
20.32 3.68 74.77 791.37 8.00 2275230
20.32 3.68 74.77 791.83 8.00 2275250
20.32 3.68 74.77 792.19 8.00 2275270
20.32 3.68 74.77 791.36 8.00 2275290
20.32 3.63 73.77 791.63 8.00 2275310
20.32 3.63 73.77 791.93 8.00 2275330
20.32 3.63 73.77 792.25 8.00 2275350
20.32 3.63 73.77 792.56 8.00 2275370
20.32 3.61 73.41 792.46 8.00 2275390
20.32 3.61 73.41 792.68 8.00 2275410
20.32 3.61 73.41 792.18 8.00 2275430
20.32 3.56 72.45 793.08 8.00 2275450
20.32 3.56 72.45 793.07 8.00 2275470
20.32 3.56 72.45 793.24 8.00 2275490
20.32 3.56 72.45 792.71 8.00 2275510
20.32 3.58 72.75 793.64 8.00 2275530
20.32 3.58 72.75 793.50 8.00 2275550
20.32 3.58 72.75 793.87 8.00 2275570
20.32 3.58 72.75 793.77 8.00 2275590
20.32 3.51 71.29 793.91 8.00 2275610
20.32 3.51 71.29 794.01 8.00 2275630
20.32 3.51 71.29 794.21 8.00 2275650
20.32 3.50 71.18 794.14 8.00 2275670
20.32 3.50 71.18 794.27 8.00 2275690
20.32 3.50 71.18 793.92 8.00 2275710
20.32 3.50 71.18 794.34 8.00 2275730
20.32 3.47 70.47 794.87 8.00 2275750
20.32 3.47 70.47 794.97 8.00 2275770
20.32 3.47 70.47 795.12 8.00 2275790
20.32 3.44 69.92 795.12 8.00 2275810
20.32 3.44 69.92 795.19 8.00 2275830
20.32 3.44 69.92 795.24 8.00 2275850
20.32 3.44 69.92 795.70 8.00 2275870
20.32 3.39 68.85 795.33 8.00 2275890
20.32 3.39 68.85 795.95 8.00 2275910
20.32 3.39 68.85 796.14 8.00 2275930
20.32 3.39 68.85 795.80 8.00 2275950
20.33 3.35 68.04 796.39 8.00 2275970
20.33 3.35 68.04 796.42 8.00 2275990
20.33 3.35 68.04 796.29 8.00 2276010
20.33 3.34 67.89 795.76 8.00 2276030
20.33 3.34 67.89 796.80 8.00 2276050
20.33 3.34 67.89 796.80 8.00 2276070
20.33 3.34 67.89 796.86 8.00 2276090
20.33 3.32 67.49 797.28 8.00 2276110
20.33 3.32 67.49 796.77 8.00 2276130
20.33 3.32 67.49 796.95 8.00 2276150
20.33 3.29 66.98 797.47 8.00 2276170
20.33 3.29 66.98 797.37 8.00 2276190
20.33 3.29 66.98 798.01 8.00 2276210
20.33 3.29 66.98 797.29 8.00 2276230
20.33 3.25 66.17 798.37 8.00 2276250
20.33 3.25 66.17 798.34 8.00 2276270
20.33 3.25 66.17 798.37 8.00 2276290
20.33 3.25 66.17 798.38 8.00 2276310
20.33 3.25 66.12 798.21 8.00 2276330
20.33 3.25 66.12 797.44 8.00 2276350
20.33 3.25 66.12 798.47 8.00 2276370
20.33 3.17 64.55 798.67 8.00 2276390
20.33 3.17 64.55 798.92 8.00 2276410
20.33 3.17 64.55 798.86 8.00 2276430
20.33 3.17 64.55 798.70 8.00 2276450
20.33 3.21 65.21 799.20 8.00 2276470
20.33 3.21 65.21 798.35 8.00 2276490
20.33 3.21 65.21 799.49 8.00 2276510
20.33 3.21 65.21 799.21 8.00 2276530
20.33 3.14 63.95 799.24 8.00 2276550
20.33 3.14 63.95 799.80 8.00 2276570
20.33 3.14 63.95 799.38 8.00 2276590
20.33 3.13 63.73 799.77 8.00 2276610
20.33 3.13 63.73 800.00 8.00 2276630
20.33 3.13 63.73 799.20 8.00 2276650
20.33 3.13 63.73 799.61 8.00 2276670
20.33 3.10 63.13 799.97 8.00 2276690
20.33 3.10 63.13 800.26 8.00 2276710
20.33 3.10 63.13 799.58 8.00 2276730
20.33 3.09 62.78 800.42 8.00 2276750
20.33 3.09 62.78 800.97 8.00 2276770
20.33 3.09 62.78 800.96 8.00 2276790
20.33 3.09 62.78 800.23 8.00 2276810
20.33 3.09 62.78 801.29 8.00 2276830
20.33 3.09 62.78 800.83 8.00 2276850
20.33 3.09 62.78 800.57 8.00 2276870
20.33 3.09 62.78 801.07 8.00 2276890
20.33 3.04 61.87 800.52 8.00 2276910
20.33 3.04 61.87 801.41 8.00 2276930
20.33 3.04 61.87 802.00 8.00 2276950
20.33 3.03 61.56 801.50 8.00 2276970
20.33 3.03 61.56 802.16 8.00 2276990
20.33 3.03 61.56 802.00 8.00 2277010
20.33 3.03 61.56 801.75 8.00 2277030
20.33 2.98 60.65 802.39 8.00 2277050
20.33 2.98 60.65 801.95 8.00 2277070
20.33 2.98 60.65 802.42 8.00 2277090
20.33 2.98 60.65 802.47 8.00 2277110
20.33 2.96 60.14 802.16 8.00 2277130
20.33 2.96 60.14 802.44 8.00 2277150
20.33 2.96 60.14 802.33 8.00 2277170
20.33 2.96 60.24 801.88 8.00 2277190
20.33 2.96 60.24 803.27 8.00 2277210
20.33 2.96 60.24 802.51 8.00 2277230
20.33 2.96 60.24 803.16 8.00 2277250
20.34 2.89 58.87 803.20 8.00 2277270
20.34 2.89 58.87 803.07 8.00 2277290
20.34 2.89 58.87 803.29 8.00 2277310
20.34 2.88 58.57 803.56 8.00 2277330
20.34 2.88 58.57 802.76 8.00 2277350
20.34 2.88 58.57 803.47 8.00 2277370
20.34 2.88 58.57 803.65 8.00 2277390
20.34 2.87 58.31 804.19 8.00 2277410
20.34 2.87 58.31 803.29 8.00 2277430
20.34 2.87 58.31 803.97 8.00 2277450
20.34 2.87 58.31 803.33 8.00 2277470
20.34 2.85 57.91 804.10 8.00 2277490
20.34 2.85 57.91 803.60 8.00 2277510
20.34 2.85 57.91 804.25 8.00 2277530
20.34 2.81 57.10 804.39 8.00 2277550
20.34 2.81 57.10 804.65 8.00 2277570
20.34 2.81 57.10 804.47 8.00 2277590
20.34 2.81 57.10 804.45 8.00 2277610
20.34 2.84 57.86 805.19 8.00 2277630
20.34 2.84 57.86 804.30 8.00 2277650
20.34 2.84 57.86 804.57 8.00 2277670
20.34 2.74 55.73 804.38 8.00 2277690
20.34 2.74 55.73 804.47 8.00 2277710
20.34 2.74 55.73 805.13 8.00 2277730
20.34 2.74 55.73 805.38 8.00 2277750
20.34 2.75 55.98 805.24 8.00 2277770
20.34 2.75 55.98 805.57 8.00 2277790
20.34 2.75 55.98 805.21 8.00 2277810
20.34 2.75 55.98 805.69 8.00 2277830
20.34 2.75 55.88 805.41 8.00 2277850
20.34 2.75 55.88 806.18 8.00 2277870
20.34 2.75 55.88 805.13 8.00 2277890
20.34 2.71 55.12 805.37 8.00 2277910
20.34 2.71 55.12 805.83 8.00 2277930
20.34 2.71 55.12 805.50 8.00 2277950
20.34 2.71 55.12 805.86 8.00 2277970
20.34 2.70 54.92 806.19 8.00 2277990
20.34 2.70 54.92 805.91 8.00 2278010
20.34 2.70 54.92 806.02 8.00 2278030
20.34 2.70 54.92 806.58 8.00 2278050
20.34 2.69 54.77 806.32 8.00 2278070
20.34 2.69 54.77 806.40 8.00 2278090
20.34 2.69 54.77 806.19 8.00 2278110
20.34 2.63 53.55 806.80 8.00 2278130
20.34 2.63 53.55 806.92 8.00 2278150
20.34 2.63 53.55 806.53 8.00 2278170
20.34 2.63 53.55 807.02 8.00 2278190
20.34 2.62 53.40 806.97 8.00 2278210
20.34 2.62 53.40 807.22 8.00 2278230
20.34 2.62 53.40 807.20 8.00 2278250
20.34 2.61 53.14 807.03 8.00 2278270
20.34 2.61 53.14 807.30 8.00 2278290
20.34 2.61 53.14 807.34 8.00 2278310
20.34 2.61 53.14 807.83 8.00 2278330
20.34 2.57 52.39 807.53 8.00 2278350
20.34 2.57 52.39 807.19 8.00 2278370
20.34 2.57 52.39 807.61 8.00 2278390
20.34 2.57 52.39 807.46 8.00 2278410
20.34 2.61 53.04 808.18 8.00 2278430
20.34 2.61 53.04 807.91 8.00 2278450
20.34 2.61 53.04 808.29 8.00 2278470
20.34 2.56 52.03 807.57 8.00 2278490
20.34 2.56 52.03 807.52 8.00 2278510
20.34 2.56 52.03 808.16 8.00 2278530
20.34 2.56 52.03 807.81 8.00 2278550
20.34 2.55 51.98 808.24 8.00 2278570
20.34 2.55 51.98 808.16 8.00 2278590
20.34 2.55 51.98 809.24 8.00 2278610
20.34 2.55 51.98 807.63 8.00 2278630
20.34 2.56 52.03 808.16 8.00 2278650
20.34 2.56 52.03 808.75 8.00 2278670
20.34 2.56 52.03 808.22 8.00 2278690
20.34 2.51 51.11 808.65 8.00 2278710
20.34 2.51 51.11 809.06 8.00 2278730
20.34 2.51 51.11 808.67 8.00 2278750
20.34 2.51 51.11 808.87 8.00 2278770
20.34 2.48 50.51 809.26 8.00 2278790
20.34 2.48 50.51 808.77 8.00 2278810
20.34 2.48 50.51 809.26 8.00 2278830
20.34 2.48 50.56 808.73 8.00 2278850
20.34 2.48 50.56 809.07 8.00 2278870
20.34 2.48 50.56 809.29 8.00 2278890
20.34 2.48 50.56 809.29 8.00 2278910
20.35 2.42 49.34 809.99 8.00 2278930
20.35 2.42 49.34 809.30 8.00 2278950
20.35 2.42 49.34 809.77 8.00 2278970
20.35 2.42 49.34 809.83 8.00 2278990
20.34 2.44 49.74 809.92 8.00 2279010
20.34 2.44 49.74 809.61 8.00 2279030
20.34 2.44 49.74 810.09 8.00 2279050
20.35 2.40 48.88 809.48 8.00 2279070
20.35 2.40 48.88 809.84 8.00 2279090
20.35 2.40 48.88 809.73 8.00 2279110
20.35 2.40 48.88 809.84 8.00 2279130
20.35 2.41 48.98 810.34 8.00 2279150
20.35 2.41 48.98 809.96 8.00 2279170
20.35 2.41 48.98 810.09 8.00 2279190
20.35 2.38 48.38 810.10 8.00 2279210
20.35 2.38 48.38 809.87 8.00 2279230
20.35 2.38 48.38 810.16 8.00 2279250
20.35 2.38 48.38 809.92 8.00 2279270
20.35 2.38 48.53 810.34 8.00 2279290
20.35 2.38 48.53 811.01 8.00 2279310
20.35 2.38 48.53 811.37 8.00 2279330
20.35 2.38 48.53 810.84 8.00 2279350
20.35 2.33 47.46 811.11 8.00 2279370
20.35 2.33 47.46 811.45 8.00 2279390
20.35 2.33 47.46 811.05 8.00 2279410
20.35 2.34 47.56 811.16 8.00 2279430
20.35 2.34 47.56 811.80 8.00 2279450
20.35 2.34 47.56 811.13 8.00 2279470
20.35 2.34 47.56 810.98 8.00 2279490
20.35 2.32 47.26 811.38 8.00 2279510
20.35 2.32 47.26 811.04 8.00 2279530
20.35 2.32 47.26 811.49 8.00 2279550
20.35 2.32 47.26 810.99 8.00 2279570
20.35 2.32 47.26 811.58 8.00 2279590
20.35 2.32 47.26 812.06 8.00 2279610
20.35 2.32 47.26 811.72 8.00 2279630
20.35 2.27 46.25 812.23 8.00 2279650
20.35 2.27 46.25 811.75 8.00 2279670
20.35 2.27 46.25 811.88 8.00 2279690
20.35 2.27 46.25 811.64 8.00 2279710
20.35 2.29 46.65 811.69 8.00 2279730
20.35 2.29 46.65 812.40 8.00 2279750
20.35 2.29 46.65 811.68 8.00 2279770
20.35 2.24 45.69 812.14 8.00 2279790
20.35 2.24 45.69 812.09 8.00 2279810
20.35 2.24 45.69 812.20 8.00 2279830
20.35 2.24 45.69 812.16 8.00 2279850
20.35 2.25 45.84 811.53 8.00 2279870
20.35 2.25 45.84 812.29 8.00 2279890
20.35 2.25 45.84 812.14 8.00 2279910
20.35 2.25 45.84 812.20 8.00 2279930
20.35 2.20 44.82 812.62 8.00 2279950
20.35 2.20 44.82 812.22 8.00 2279970
20.35 2.20 44.82 812.08 8.00 2279990
20.35 2.26 45.99 813.02 8.00 2280010
20.35 2.26 45.99 813.18 8.00 2280030
20.35 2.26 45.99 812.45 8.00 2280050
20.35 2.26 45.99 812.72 8.00 2280070
20.35 2.16 43.91 813.18 8.00 2280090
20.35 2.16 43.91 813.26 8.00 2280110
20.35 2.16 43.91 813.59 8.00 2280130
20.35 2.16 43.91 812.90 8.00 2280150
20.35 2.19 44.57 813.11 8.00 2280170
20.35 2.19 44.57 813.26 8.00 2280190
20.35 2.19 44.57 813.35 8.00 2280210
20.35 2.15 43.86 812.84 8.00 2280230
20.35 2.15 43.86 813.37 8.00 2280250
20.35 2.15 43.86 813.26 8.00 2280270
20.35 2.15 43.86 812.73 8.00 2280290
20.35 2.19 44.52 813.67 8.00 2280310
20.35 2.19 44.52 813.97 8.00 2280330
20.35 2.19 44.52 813.85 8.00 2280350
20.35 2.14 43.60 813.68 8.00 2280370
20.35 2.14 43.60 814.10 8.00 2280390
20.35 2.14 43.60 813.91 8.00 2280410
20.35 2.14 43.60 813.69 8.00 2280430
20.35 2.14 43.60 813.81 8.00 2280450
20.35 2.14 43.60 814.21 8.00 2280470
20.35 2.14 43.60 814.08 8.00 2280490
20.35 2.14 43.60 814.03 8.00 2280510
20.35 2.11 42.99 814.52 8.00 2280530
20.35 2.11 42.99 813.91 8.00 2280550
20.35 2.11 42.99 814.51 8.00 2280570
20.35 2.08 42.39 813.65 8.00 2280590
20.35 2.08 42.39 814.62 8.00 2280610
20.35 2.08 42.39 814.41 8.00 2280630
20.35 2.08 42.39 814.56 8.00 2280650
20.35 2.05 41.78 813.79 8.00 2280670
20.35 2.05 41.78 814.46 8.00 2280690
20.35 2.05 41.78 814.13 8.00 2280710
20.35 2.10 42.74 813.77 8.00 2280730
20.35 2.10 42.74 814.18 8.00 2280750
20.35 2.10 42.74 814.62 8.00 2280770
20.35 2.10 42.74 813.88 8.00 2280790
20.35 2.01 40.96 814.56 8.00 2280810
20.35 2.01 40.96 815.11 8.00 2280830
20.35 2.01 40.96 814.70 8.00 2280850
20.35 2.01 40.96 814.31 8.00 2280870
20.35 2.09 42.59 814.46 8.00 2280890
20.35 2.09 42.59 814.89 8.00 2280910
20.35 2.09 42.59 815.06 8.00 2280930
20.35 2.09 42.44 815.14 8.00 2280950
20.35 2.09 42.44 814.97 8.00 2280970
20.35 2.09 42.44 816.04 8.00 2280990
20.35 2.09 42.44 815.44 8.00 2281010
20.35 2.04 41.57 814.64 8.00 2281030
20.35 2.04 41.57 815.22 8.00 2281050
20.35 2.04 41.57 815.38 8.00 2281070
20.35 2.04 41.57 815.16 8.00 2281090
20.35 1.98 40.25 815.25 8.00 2281110
20.35 1.98 40.25 815.07 8.00 2281130
20.35 1.98 40.25 815.17 8.00 2281150
20.35 2.00 40.71 815.15 8.00 2281170
20.35 2.00 40.71 815.75 8.00 2281190
20.35 2.00 40.71 815.41 8.00 2281210
20.35 2.00 40.71 815.64 8.00 2281230
20.36 1.97 40.10 815.86 8.00 2281250
20.36 1.97 40.10 815.46 8.00 2281270
20.36 1.97 40.10 815.90 8.00 2281290
20.36 1.93 39.39 815.59 8.00 2281310
20.36 1.93 39.39 815.26 8.00 2281330
20.36 1.93 39.39 816.12 8.00 2281350
20.36 1.93 39.39 815.46 8.00 2281370
20.36 1.94 39.59 815.74 8.00 2281390
20.36 1.94 39.59 815.80 8.00 2281410
20.36 1.94 39.59 815.35 8.00 2281430
20.36 1.94 39.59 815.94 8.00 2281450
20.36 1.93 39.29 815.85 8.00 2281470
20.36 1.93 39.29 816.07 8.00 2281490
20.36 1.93 39.29 815.96 8.00 2281510
20.35 1.99 40.46 815.88 8.00 2281530
20.35 1.99 40.46 816.57 8.00 2281550
20.35 1.99 40.46 816.26 8.00 2281570
20.35 1.99 40.46 816.15 8.00 2281590
20.35 1.98 40.25 816.58 8.00 2281610
20.35 1.98 40.25 816.49 8.00 2281630
20.35 1.98 40.25 816.44 8.00 2281650
20.35 1.98 40.25 816.56 8.00 2281670
20.36 1.91 38.93 816.48 8.00 2281690
20.36 1.91 38.93 816.54 8.00 2281710
20.36 1.91 38.93 816.30 8.00 2281730
20.36 1.92 39.09 817.10 8.00 2281750
20.36 1.92 39.09 816.57 8.00 2281770
20.36 1.92 39.09 816.58 8.00 2281790
20.36 1.92 39.09 816.68 8.00 2281810
20.36 1.87 38.17 817.06 8.00 2281830
20.36 1.87 38.17 816.98 8.00 2281850
20.36 1.87 38.17 816.74 8.00 2281870
20.36 1.88 38.32 816.79 8.00 2281890
20.36 1.88 38.32 816.85 8.00 2281910
20.36 1.88 38.32 817.84 8.00 2281930
20.36 1.88 38.32 817.08 8.00 2281950
20.36 1.88 38.37 816.35 8.00 2281970
20.36 1.88 38.37 817.07 8.00 2281990
20.36 1.88 38.37 816.98 8.00 2282010
20.36 1.88 38.37 817.06 8.00 2282030
20.36 1.90 38.78 817.64 8.00 2282050
20.36 1.90 38.78 817.08 8.00 2282070
20.36 1.90 38.78 817.07 8.00 2282090
20.36 1.87 38.12 817.27 8.00 2282110
20.36 1.87 38.12 817.07 8.00 2282130
20.36 1.87 38.12 817.22 8.00 2282150
20.36 1.87 38.12 817.45 8.00 2282170
20.36 1.85 37.71 817.97 8.00 2282190
20.36 1.85 37.71 817.61 8.00 2282210
20.36 1.85 37.71 817.47 8.00 2282230
20.36 1.88 38.22 817.85 8.00 2282250
20.36 1.88 38.22 817.19 8.00 2282270
20.36 1.88 38.22 817.97 8.00 2282290
20.36 1.88 38.22 816.93 8.00 2282310
20.36 1.83 37.36 817.65 8.00 2282330
20.36 1.83 37.36 816.89 8.00 2282350
20.36 1.83 37.36 817.32 8.00 2282370
20.36 1.83 37.36 816.94 8.00 2282390
20.36 1.79 36.49 817.80 8.00 2282410
20.36 1.79 36.49 817.83 8.00 2282430
20.36 1.79 36.49 817.91 8.00 2282450
20.36 1.85 37.76 817.97 8.00 2282470
20.36 1.85 37.76 817.26 8.00 2282490
20.36 1.85 37.76 817.94 8.00 2282510
20.36 1.85 37.76 818.30 8.00 2282530
20.36 1.80 36.70 818.59 8.00 2282550
20.36 1.80 36.70 818.64 8.00 2282570
20.36 1.80 36.70 817.93 8.00 2282590
20.36 1.80 36.70 818.04 8.00 2282610
20.36 1.85 37.77 817.86 8.00 2282630
20.36 1.85 37.77 817.87 8.00 2282650
20.36 1.85 37.77 817.82 8.00 2282670
20.36 1.82 37.00 818.36 8.00 2282690
20.36 1.82 37.00 817.61 8.00 2282710
20.36 1.82 37.00 817.96 8.00 2282730
20.36 1.82 37.00 819.03 8.00 2282750
20.36 1.80 36.65 818.61 8.00 2282770
20.36 1.80 36.65 818.19 8.00 2282790
20.36 1.80 36.65 818.30 8.00 2282810
20.36 1.77 36.14 818.90 8.00 2282830
20.36 1.77 36.14 818.59 8.00 2282850
20.36 1.77 36.14 818.32 8.00 2282870
20.36 1.77 36.14 818.04 8.00 2282890
20.36 1.82 37.15 818.63 8.00 2282910
20.36 1.82 37.15 818.61 8.00 2282930
20.36 1.82 37.15 818.40 8.00 2282950
20.36 1.82 37.15 817.98 8.00 2282970
20.36 1.79 36.44 818.30 8.00 2282990
20.36 1.79 36.44 818.17 8.00 2283010
20.36 1.79 36.44 818.16 8.00 2283030
20.36 1.80 36.75 818.14 8.00 2283050
20.36 1.80 36.75 818.50 8.00 2283070
20.36 1.80 36.75 818.10 8.00 2283090
20.36 1.80 36.75 818.61 8.00 2283110
20.36 1.77 36.14 819.35 8.00 2283130
20.36 1.77 36.14 818.87 8.00 2283150
20.36 1.77 36.14 818.63 8.00 2283170
20.36 1.79 36.54 819.24 8.00 2283190
20.36 1.79 36.54 819.60 8.00 2283210
20.36 1.79 36.54 818.96 8.00 2283230
20.36 1.79 36.54 819.02 8.00 2283250
20.36 1.75 35.58 818.96 8.00 2283270
20.36 1.75 35.58 819.12 8.00 2283290
20.36 1.75 35.58 819.43 8.00 2283310
20.36 1.75 35.58 819.14 8.00 2283330
20.36 1.72 35.07 819.03 8.00 2283350
20.36 1.72 35.07 820.22 8.00 2283370
20.36 1.72 35.07 819.02 8.00 2283390
20.36 1.74 35.48 819.52 8.00 2283410
20.36 1.74 35.48 819.28 8.00 2283430
20.36 1.74 35.48 819.47 8.00 2283450
20.36 1.74 35.48 819.10 8.00 2283470
20.36 1.77 36.03 819.46 8.00 2283490
20.36 1.77 36.03 818.38 8.00 2283510
20.36 1.77 36.03 819.74 8.00 2283530
20.36 1.77 36.03 818.89 8.00 2283550
20.36 1.75 35.58 818.69 8.00 2283570
20.36 1.75 35.58 819.16 8.00 2283590
20.36 1.75 35.58 818.82 8.00 2283610
20.36 1.70 34.56 819.49 8.00 2283630
20.36 1.70 34.56 819.44 8.00 2283650
20.36 1.70 34.56 819.17 8.00 2283670
20.36 1.70 34.56 819.92 8.00 2283690
20.36 1.72 35.12 819.88 8.00 2283710
20.36 1.72 35.12 819.71 8.00 2283730
20.36 1.72 35.12 819.59 8.00 2283750
20.36 1.65 33.60 820.09 8.00 2283770
20.36 1.65 33.60 819.73 8.00 2283790
20.36 1.65 33.60 820.12 8.00 2283810
20.36 1.65 33.60 819.00 8.00 2283830
20.36 1.72 35.02 819.56 8.00 2283850
20.36 1.72 35.02 820.08 8.00 2283870
20.36 1.72 35.02 819.41 8.00 2283890
20.36 1.72 35.02 819.81 8.00 2283910
20.36 1.72 35.02 819.31 8.00 2283930
20.36 1.72 35.02 819.66 8.00 2283950
20.36 1.72 35.02 820.22 8.00 2283970
20.36 1.73 35.17 819.91 8.00 2283990
20.36 1.73 35.17 820.19 8.00 2284010
20.36 1.73 35.17 820.22 8.00 2284030
20.36 1.73 35.17 820.04 8.00 2284050
20.36 1.65 33.70 820.10 8.00 2284070
20.36 1.65 33.70 820.37 8.00 2284090
20.36 1.65 33.70 820.04 8.00 2284110
20.36 1.65 33.70 819.92 8.00 2284130
20.36 1.70 34.56 820.32 8.00 2284150
20.36 1.70 34.56 819.40 8.00 2284170
20.36 1.70 34.56 820.17 8.00 2284190
20.36 1.66 33.75 819.78 8.00 2284210
20.36 1.66 33.75 820.34 8.00 2284230
20.36 1.66 33.75 820.15 8.00 2284250
20.36 1.66 33.75 820.42 8.00 2284270
20.36 1.70 34.66 820.36 8.00 2284290
20.36 1.70 34.66 820.75 8.00 2284310
20.36 1.70 34.66 821.54 8.00 2284330
20.36 1.66 33.90 820.28 8.00 2284350
20.36 1.66 33.90 820.22 8.00 2284370
20.36 1.66 33.90 820.88 8.00 2284390
20.36 1.66 33.90 820.68 8.00 2284410
20.36 1.61 32.83 820.05 8.00 2284430
20.36 1.61 32.83 820.50 8.00 2284450
20.36 1.61 32.83 820.24 8.00 2284470
20.36 1.61 32.83 820.55 8.00 2284490
20.36 1.63 33.24 820.75 8.00 2284510
20.36 1.63 33.24 820.40 8.00 2284530
20.36 1.63 33.24 820.85 8.00 2284550
20.36 1.64 33.50 821.00 8.00 2284570
20.36 1.64 33.50 820.79 8.00 2284590
20.36 1.64 33.50 820.78 8.00 2284610
20.36 1.64 33.50 821.30 8.00 2284630
20.36 1.62 32.99 820.18 8.00 2284650
20.36 1.62 32.99 820.65 8.00 2284670
20.36 1.62 32.99 820.14 8.00 2284690
20.36 1.62 32.99 820.58 8.00 2284710
20.36 1.62 32.99 820.33 8.00 2284730
20.36 1.62 32.99 820.84 8.00 2284750
20.36 1.62 32.99 821.19 8.00 2284770
20.36 1.61 32.84 819.81 8.00 2284790
20.36 1.61 32.84 820.92 8.00 2284810
20.36 1.61 32.84 821.15 8.00 2284830
20.36 1.61 32.84 820.59 8.00 2284850
20.36 1.63 33.14 820.78 8.00 2284870
20.36 1.63 33.14 820.82 8.00 2284890
20.36 1.63 33.14 821.51 8.00 2284910
20.36 1.57 32.02 821.27 8.00 2284930
20.36 1.57 32.02 820.82 8.00 2284950
20.36 1.57 32.02 820.67 8.00 2284970
20.36 1.57 32.02 821.45 8.00 2284990
20.36 1.64 33.34 820.38 8.00 2285010
20.36 1.64 33.34 820.84 8.00 2285030
20.36 1.64 33.34 821.47 8.00 2285050
20.36 1.64 33.34 820.52 8.00 2285070
20.36 1.55 31.57 821.02 8.00 2285090
20.36 1.55 31.57 821.68 8.00 2285110
20.36 1.55 31.57 821.48 8.00 2285130
20.36 1.59 32.38 821.25 8.00 2285150
20.36 1.59 32.38 821.28 8.00 2285170
20.36 1.59 32.38 821.37 8.00 2285190
20.36 1.59 32.38 821.73 8.00 2285210
20.36 1.59 32.48 821.46 8.00 2285230
20.36 1.59 32.48 821.34 8.00 2285250
20.36 1.59 32.48 821.02 8.00 2285270
20.37 1.55 31.67 821.29 8.00 2285290
20.37 1.55 31.67 821.34 8.00 2285310
20.37 1.55 31.67 821.75 8.00 2285330
20.37 1.55 31.67 821.55 8.00 2285350
20.36 1.55 31.56 821.37 8.00 2285370
20.36 1.55 31.56 821.68 8.00 2285390
20.36 1.55 31.56 821.04 8.00 2285410
20.36 1.55 31.56 821.38 8.00 2285430
20.36 1.60 32.63 821.25 8.00 2285450
20.36 1.60 32.63 821.69 8.00 2285470
20.36 1.60 32.63 821.09 8.00 2285490
20.36 1.56 31.77 821.70 8.00 2285510
20.36 1.56 31.77 821.42 8.00 2285530
20.36 1.56 31.77 821.36 8.00 2285550
20.36 1.56 31.77 821.31 8.00 2285570
20.36 1.61 32.73 822.28 8.00 2285590
20.36 1.61 32.73 821.49 8.00 2285610
20.36 1.61 32.73 821.94 8.00 2285630
20.36 1.61 32.73 822.22 8.00 2285650
20.36 1.55 31.67 821.73 8.00 2285670
20.36 1.55 31.67 822.02 8.00 2285690
20.36 1.55 31.67 821.57 8.00 2285710
20.36 1.56 31.77 821.78 8.00 2285730
20.36 1.56 31.77 821.72 8.00 2285750
20.36 1.56 31.77 821.85 8.00 2285770
20.36 1.56 31.77 822.06 8.00 2285790
20.36 1.52 31.00 821.21 8.00 2285810
20.36 1.52 31.00 822.20 8.00 2285830
20.36 1.52 31.00 822.33 8.00 2285850
20.36 1.56 31.72 821.96 8.00 2285870
20.36 1.56 31.72 821.09 8.00 2285890
20.36 1.56 31.72 822.10 8.00 2285910
20.36 1.56 31.72 821.86 8.00 2285930
20.37 1.47 29.89 822.12 8.00 2285950
20.37 1.47 29.89 821.87 8.00 2285970
20.37 1.47 29.89 822.40 8.00 2285990
20.37 1.47 29.89 821.93 8.00 2286010
20.36 1.58 32.12 821.51 8.00 2286030
20.36 1.58 32.12 822.14 8.00 2286050
20.36 1.58 32.12 821.60 8.00 2286070
20.36 1.52 30.95 822.00 8.00 2286090
20.36 1.52 30.95 822.62 8.00 2286110
20.36 1.52 30.95 822.15 8.00 2286130
20.36 1.52 30.95 822.56 8.00 2286150
20.36 1.52 31.06 822.54 8.00 2286170
20.36 1.52 31.06 822.59 8.00 2286190
20.36 1.52 31.06 822.72 8.00 2286210
20.36 1.54 31.41 822.44 8.00 2286230
20.36 1.54 31.41 822.40 8.00 2286250
20.36 1.54 31.41 822.19 8.00 2286270
20.36 1.54 31.41 822.92 8.00 2286290
20.36 1.57 31.97 822.30 8.00 2286310
20.36 1.57 31.97 822.33 8.00 2286330
20.36 1.57 31.97 821.87 8.00 2286350
20.36 1.57 31.97 822.99 8.00 2286370
20.36 1.52 31.05 822.37 8.00 2286390
20.36 1.52 31.05 822.54 8.00 2286410
20.36 1.52 31.05 822.38 8.00 2286430
20.37 1.52 30.96 822.28 8.00 2286450
20.37 1.52 30.96 822.63 8.00 2286470
20.37 1.52 30.96 822.46 8.00 2286490
20.37 1.52 30.96 822.06 8.00 2286510
20.41 0.26 5.41 822.77 8.00 2286530
20.41 0.26 5.41 822.04 8.00 2286550
20.41 0.26 5.41 822.29 8.00 2286570
20.41 0.26 5.41 821.84 8.00 2286590
20.40 0.01 0.31 821.82 8.00 2286610
20.40 0.01 0.31 821.91 8.00 2286630
20.40 0.01 0.31 822.00 8.00 2286650
20.40 0.01 0.25 821.66 8.00 2286670
20.40 0.01 0.25 822.54 8.00 2286690
20.40 0.01 0.25 822.51 8.00 2286710
20.40 0.01 0.25 821.58 8.00 2286730
20.40 0.01 0.31 821.66 8.00 2286750
20.40 0.01 0.31 821.30 8.00 2286770
20.40 0.01 0.31 821.69 8.00 2286790
20.40 0.01 0.25 821.57 8.00 2286810
20.40 0.01 0.25 821.21 8.00 2286830
20.40 0.01 0.25 821.06 8.00 2286850
20.40 0.01 0.25 821.18 8.00 2286870
20.40 0.01 0.25 820.95 8.00 2286890
20.40 0.01 0.25 821.40 8.00 2286910
20.40 0.01 0.25 821.12 8.00 2286930
20.40 0.01 0.25 820.78 8.00 2286950
20.40 0.01 0.25 821.50 8.00 2286970
20.40 0.01 0.25 821.03 8.00 2286990
20.40 0.01 0.25 820.93 8.00 2287010
20.40 0.01 0.25 820.55 8.00 2287030
20.40 0.01 0.25 820.83 8.00 2287050
20.40 0.01 0.25 820.40 8.00 2287070
20.40 0.01 0.25 820.71 8.00 2287090
20.40 0.01 0.25 820.02 8.00 2287110
20.40 0.01 0.25 820.31 8.00 2287130
20.40 0.01 0.25 820.21 8.00 2287150
20.40 0.01 0.25 820.12 8.00 2287170
20.40 0.01 0.25 820.46 8.00 2287190
20.40 0.01 0.25 819.78 8.00 2287210
20.40 0.01 0.25 819.55 8.00 2287230
20.40 0.01 0.25 820.63 8.00 2287250
20.40 0.01 0.25 819.96 8.00 2287270
20.40 0.01 0.25 820.09 8.00 2287290
20.40 0.01 0.25 819.74 8.00 2287310
20.40 0.01 0.25 819.64 8.00 2287330
20.40 0.01 0.25 819.49 8.00 2287350
20.40 0.01 0.25 818.94 8.00 2287370
20.40 0.02 0.36 819.58 8.00 2287390
20.40 0.02 0.36 819.18 8.00 2287410
20.40 0.02 0.36 819.57 8.00 2287430
20.40 0.02 0.36 819.74 8.00 2287450
20.40 0.02 0.36 819.57 8.00 2287470
20.40 0.02 0.36 819.00 8.00 2287490
20.40 0.02 0.36 819.28 8.00 2287510
20.40 0.02 0.36 819.74 8.00 2287530
20.40 0.02 0.36 819.02 8.00 2287550
20.40 0.02 0.36 818.67 8.00 2287570
20.40 0.02 0.36 818.57 8.00 2287590
