18.534 -0.002 -0.05 0.50 -0.61 5.04 0.00 1 0.00 13643
18.534 -0.002 -0.05 0.50 -0.62 5.04 0.00 1 0.00 13743
18.534 -0.002 -0.05 0.50 -0.62 5.04 0.00 1 0.00 13843
18.534 -0.002 -0.05 0.50 -0.63 5.04 0.00 1 0.00 13943
18.535 -0.002 -0.05 0.47 -0.63 5.22 0.00 1 0.00 14043
18.534 -0.002 -0.05 0.47 -0.64 5.22 0.00 1 0.00 14143
18.534 -0.002 -0.05 0.47 -0.64 5.22 0.00 1 0.00 14243
18.534 -0.002 -0.05 0.47 -0.65 5.22 0.00 1 0.00 14343
18.534 -0.002 -0.05 0.47 -0.65 5.22 0.00 1 0.00 14443
18.534 -0.002 -0.05 0.47 -0.66 5.22 0.00 1 0.00 14543
18.534 -0.002 -0.05 0.00 -1.05 5.78 0.00 1 0.00 23574
18.534 -0.002 -0.05 0.00 -1.06 5.78 0.00 1 0.00 23674
18.534 -0.002 -0.05 0.00 -1.06 5.78 0.00 1 0.00 23774
18.532 -0.002 -0.05 0.00 -1.06 5.78 0.00 1 0.00 23874
18.532 -0.002 -0.05 0.00 -1.07 5.78 0.00 1 0.00 23974
18.532 -0.002 -0.05 0.00 -1.07 5.78 0.00 1 0.00 24074
18.534 -0.002 -0.05 0.00 -1.08 5.78 0.00 1 0.00 24174
18.534 -0.002 -0.05 0.00 -1.08 5.78 0.00 1 0.00 24274
18.532 -0.002 -0.05 0.00 -1.09 5.78 0.00 1 0.00 24374
18.532 -0.002 -0.05 0.00 -1.09 5.78 0.00 1 0.00 24474
18.532 -0.002 -0.05 0.00 -1.10 5.78 0.00 1 0.00 24574
18.532 -0.002 -0.05 0.00 -1.10 5.78 0.00 1 0.00 24674
18.532 -0.002 -0.05 0.00 -1.11 5.78 0.00 1 0.00 24774
18.534 -0.002 -0.05 0.00 -1.11 5.78 0.00 1 0.00 24874
18.534 -0.002 -0.05 0.00 -1.12 5.78 0.00 1 0.00 24974
18.532 -0.002 -0.05 0.00 -1.12 5.78 0.00 1 0.00 25074
18.532 -0.002 -0.05 0.00 -1.12 5.78 0.00 1 0.00 25174
18.532 -0.002 -0.05 0.00 -1.13 5.78 0.00 1 0.00 25274
18.534 -0.002 -0.05 0.00 -1.13 5.78 0.00 1 0.00 25374
18.534 -0.002 -0.05 0.00 -1.14 5.78 0.00 1 0.00 25474
18.534 -0.002 -0.05 0.00 -1.14 5.78 0.00 1 0.00 25574
18.532 -0.002 -0.05 0.00 -1.15 5.78 0.00 1 0.00 25674
18.532 -0.002 -0.05 0.00 -1.15 5.78 0.00 1 0.00 25774
18.532 -0.002 -0.05 0.00 -1.16 5.78 0.00 1 0.00 25874
18.532 -0.002 -0.05 0.00 -1.16 5.78 0.00 1 0.00 25974
18.534 -0.002 -0.05 0.00 -1.17 5.78 0.00 1 0.00 26074
18.534 -0.002 -0.05 0.00 -1.17 5.78 0.00 1 0.00 26174
18.534 0.000 0.00 0.00 -1.17 5.78 0.00 1 0.00 26273
18.532 -0.002 -0.05 0.00 -1.18 5.78 0.00 1 0.00 26374
18.532 -0.002 -0.05 0.00 -1.18 5.78 0.00 1 0.00 26474
18.532 -0.002 -0.05 0.00 -1.18 5.78 0.00 1 0.00 26574
18.532 -0.002 -0.05 0.00 -1.19 5.78 0.00 1 0.00 26674
18.534 -0.002 -0.05 0.00 -1.19 5.78 0.00 1 0.00 26774
18.534 -0.002 -0.05 0.00 -1.20 5.78 0.00 1 0.00 26874
18.532 -0.002 -0.05 0.00 -1.20 5.78 0.00 1 0.00 26974
18.532 -0.002 -0.05 0.00 -1.21 5.78 0.00 1 0.00 27074
18.532 -0.002 -0.05 0.00 -1.21 5.78 0.00 1 0.00 27174
18.532 -0.002 -0.05 0.00 -1.22 5.78 0.00 1 0.00 27274
18.534 -0.002 -0.05 0.00 -1.22 5.78 0.00 1 0.00 27374
18.534 -0.002 -0.05 0.00 -1.23 5.78 0.00 1 0.00 27474
18.534 -0.002 -0.05 0.00 -1.23 5.78 0.00 1 0.00 27574
18.532 -0.002 -0.05 0.00 -1.24 5.78 0.00 1 0.00 27674
18.532 0.000 0.00 0.00 -1.24 5.78 0.00 1 0.00 27773
18.532 0.000 0.00 0.00 -1.24 5.78 0.00 1 0.00 27873
18.532 -0.002 -0.05 0.00 -1.24 5.78 0.00 1 0.00 27974
18.534 -0.002 -0.05 0.00 -1.25 5.78 0.00 1 0.00 28074
18.534 -0.002 -0.05 0.00 -1.25 5.78 0.00 1 0.00 28174
18.534 -0.002 -0.05 0.00 -1.25 5.78 0.00 1 0.00 28274
18.532 -0.002 -0.05 0.00 -1.26 5.78 0.00 1 0.00 28374
18.532 0.000 0.00 0.00 -1.26 5.78 0.00 1 0.00 28473
18.532 0.000 0.00 0.00 -1.26 5.78 0.00 1 0.00 28573
18.534 -0.002 -0.05 0.00 -1.26 5.78 0.00 1 0.00 28674
18.534 -0.002 -0.05 0.00 -1.27 5.78 0.00 1 0.00 28774
18.532 -0.002 -0.05 0.00 -1.27 5.78 0.00 1 0.00 28874
18.532 -0.002 -0.05 0.00 -1.28 5.78 0.00 1 0.00 28974
18.532 -0.002 -0.05 0.00 -1.28 5.78 0.00 1 0.00 29074
18.532 -0.002 -0.05 0.00 -1.29 5.78 0.00 1 0.00 29174
18.532 -0.002 -0.05 0.00 -1.29 5.78 0.00 1 0.00 29274
18.534 -0.002 -0.05 0.00 -1.30 5.78 0.00 1 0.00 29374
18.534 -0.002 -0.05 0.00 -1.30 5.78 0.00 1 0.00 29474
18.532 -0.002 -0.05 0.00 -1.31 5.78 0.00 1 0.00 29574
18.532 -0.002 -0.05 0.00 -1.31 5.78 0.00 1 0.00 29674
18.532 -0.002 -0.05 0.00 -1.31 5.78 0.00 1 0.00 29774
18.532 -0.002 -0.05 0.00 -1.32 5.78 0.00 1 0.00 29874
18.532 -0.002 -0.05 0.00 -1.32 5.78 0.00 1 0.00 29974
18.534 -0.002 -0.05 0.00 -1.33 5.78 0.00 1 0.00 30074
18.532 -0.002 -0.05 0.00 -1.33 5.78 0.00 1 0.00 30174
18.532 -0.002 -0.05 0.00 -1.34 5.78 0.00 1 0.00 30274
18.532 -0.002 -0.05 0.00 -1.34 5.78 0.00 1 0.00 30374
18.532 -0.002 -0.05 0.00 -1.35 5.78 0.00 1 0.00 30474
18.534 -0.002 -0.05 0.00 -1.35 5.78 0.00 1 0.00 30574
18.534 -0.002 -0.05 0.00 -1.36 5.78 0.00 1 0.00 30674
18.534 -0.002 -0.05 0.00 -1.36 5.78 0.00 1 0.00 30774
18.532 -0.002 -0.05 0.00 -1.37 5.78 0.00 1 0.00 30874
18.532 -0.002 -0.05 0.00 -1.37 5.78 0.00 1 0.00 30974
18.532 -0.002 -0.05 0.00 -1.37 5.78 0.00 1 0.00 31074
18.532 -0.002 -0.05 0.00 -1.38 5.78 0.00 1 0.00 31174
18.534 -0.002 -0.05 0.00 -1.38 5.78 0.00 1 0.00 31274
18.534 -0.002 -0.05 0.00 -1.39 5.78 0.00 1 0.00 31374
18.532 -0.002 -0.05 0.00 -1.39 5.78 0.00 1 0.00 31474
18.531 -0.002 -0.05 0.00 -1.40 5.78 0.00 1 0.00 31574
18.532 -0.002 -0.05 0.00 -1.40 5.78 0.00 1 0.00 31674
18.532 -0.002 -0.05 0.00 -1.41 5.78 0.00 1 0.00 31774
18.532 -0.002 -0.05 0.00 -1.41 5.78 0.00 1 0.00 31874
18.534 -0.002 -0.05 0.00 -1.42 5.78 0.00 1 0.00 31974
18.534 -0.002 -0.05 0.00 -1.42 5.78 0.00 1 0.00 32074
18.532 -0.002 -0.05 0.00 -1.43 5.78 0.00 1 0.00 32174
18.531 -0.002 -0.05 0.00 -1.43 5.78 0.00 1 0.00 32274
18.532 -0.002 -0.05 0.00 -1.44 5.78 0.00 1 0.00 32374
18.532 -0.002 -0.05 0.00 -1.44 5.78 0.00 1 0.00 32474
18.532 -0.002 -0.05 0.00 -1.44 5.78 0.00 1 0.00 32574
18.532 -0.002 -0.05 0.00 -1.45 5.78 0.00 1 0.00 32674
18.532 -0.002 -0.05 0.00 -1.45 5.78 0.00 1 0.00 32774
18.531 -0.002 -0.05 0.00 -1.46 5.78 0.00 1 0.00 32874
18.531 -0.002 -0.05 0.00 -1.46 5.78 0.00 1 0.00 32974
18.532 -0.002 -0.05 0.00 -1.47 5.78 0.00 1 0.00 33074
18.532 -0.002 -0.05 0.00 -1.47 5.78 0.00 1 0.00 33174
18.532 -0.002 -0.05 0.00 -1.48 5.78 0.00 1 0.00 33274
18.532 -0.002 -0.05 0.00 -1.48 5.78 0.00 1 0.00 33374
18.532 -0.002 -0.05 0.07 -1.49 5.97 0.00 1 0.00 33474
18.531 -0.002 -0.05 0.07 -1.49 5.97 0.00 1 0.00 33574
18.532 -0.002 -0.05 0.07 -1.50 5.97 0.00 1 0.00 33674
18.534 -0.002 -0.05 0.07 -1.50 5.97 0.00 1 0.00 33774
18.534 -0.002 -0.05 0.07 -1.50 6.15 0.00 1 0.00 33874
18.532 -0.002 -0.05 0.07 -1.51 6.15 0.00 1 0.00 33974
18.531 -0.002 -0.05 0.07 -1.51 6.15 0.00 1 0.00 34074
18.531 -0.002 -0.05 0.07 -1.52 6.15 0.00 1 0.00 34174
18.531 -0.002 -0.05 0.07 -1.52 6.15 0.00 1 0.00 34274
18.532 -0.002 -0.05 0.07 -1.53 6.34 0.00 1 0.00 34374
18.534 -0.002 -0.05 0.07 -1.53 6.34 0.00 1 0.00 34474
18.534 -0.002 -0.05 0.07 -1.54 6.34 0.00 1 0.00 34574
18.532 -0.002 -0.05 0.07 -1.54 6.34 0.00 1 0.00 34674
18.532 -0.002 -0.05 0.07 -1.55 6.34 0.00 1 0.00 34774
18.532 -0.002 -0.05 0.07 -1.55 6.34 0.00 1 0.00 34874
18.532 -0.002 -0.05 0.07 -1.56 6.34 0.00 1 0.00 34974
18.532 -0.002 -0.05 0.07 -1.56 6.53 0.00 1 0.00 35074
18.532 -0.002 -0.05 0.07 -1.56 6.53 0.00 1 0.00 35174
18.532 -0.002 -0.05 0.07 -1.57 6.53 0.00 1 0.00 35274
18.531 -0.002 -0.05 0.07 -1.57 6.53 0.00 1 0.00 35374
18.531 -0.002 -0.05 0.07 -1.58 6.53 0.00 1 0.00 35474
18.531 -0.002 -0.05 0.07 -1.58 6.53 0.00 1 0.00 35574
18.532 -0.002 -0.05 0.07 -1.59 6.53 0.00 1 0.00 35674
18.532 -0.002 -0.05 0.07 -1.59 6.71 0.00 1 0.00 35774
18.532 -0.002 -0.05 0.07 -1.60 6.71 0.00 1 0.00 35874
18.532 -0.002 -0.05 0.07 -1.60 6.71 0.00 1 0.00 35974
18.531 -0.002 -0.05 0.07 -1.61 6.71 0.00 1 0.00 36074
18.532 -0.002 -0.05 0.07 -1.61 6.71 0.00 1 0.00 36174
18.532 -0.002 -0.05 0.07 -1.62 6.71 0.00 1 0.00 36274
18.534 -0.002 -0.05 0.07 -1.62 6.71 0.00 1 0.00 36374
18.534 -0.002 -0.05 0.07 -1.63 6.90 0.00 1 0.00 36474
18.531 0.000 0.00 0.07 -1.63 6.90 0.00 1 0.00 36573
18.531 0.000 0.00 0.07 -1.63 6.90 0.00 1 0.00 36673
18.531 -0.002 -0.05 0.07 -1.63 6.90 0.00 1 0.00 36774
18.532 -0.002 -0.05 0.07 -1.63 6.90 0.00 1 0.00 36874
18.532 -0.002 -0.05 0.07 -1.64 6.90 0.00 1 0.00 36974
18.532 -0.002 -0.05 0.07 -1.64 7.09 0.00 1 0.00 37074
18.532 -0.002 -0.05 0.07 -1.65 7.09 0.00 1 0.00 37174
18.532 -0.002 -0.05 0.39 -1.65 7.27 0.00 1 0.00 37274
18.532 -0.002 -0.05 0.43 -1.66 7.46 0.00 1 0.00 37374
18.532 -0.002 -0.05 0.43 -1.66 7.46 0.00 1 0.00 37474
18.532 -0.002 -0.05 0.48 -1.67 7.65 0.00 1 0.00 37574
18.532 -0.002 -0.05 0.57 -1.67 7.83 0.00 1 0.00 37674
18.531 0.000 0.00 0.75 -1.67 8.02 0.00 1 0.00 37773
18.532 -0.002 -0.05 1.78 -1.68 8.39 0.00 1 0.00 37874
18.532 0.000 0.00 2.07 -1.68 8.58 0.00 1 0.00 37973
18.532 0.000 0.00 2.59 -1.68 8.95 0.00 1 0.00 38073
18.532 -0.002 -0.05 3.19 -1.68 9.32 0.00 1 0.00 38174
18.531 -0.002 -0.05 3.66 -1.69 9.70 0.00 1 0.00 38274
18.531 -0.002 -0.05 4.07 -1.69 10.07 0.00 1 0.00 38374
18.531 -0.002 -0.05 4.37 -1.69 10.44 0.00 1 0.00 38474
18.532 -0.002 -0.05 4.70 -1.70 10.82 0.00 1 0.00 38574
18.532 -0.002 -0.05 5.06 -1.70 11.38 0.00 1 0.00 38674
18.532 -0.002 -0.05 5.23 -1.71 11.75 0.00 1 0.00 38774
18.532 0.000 0.00 5.46 -1.71 12.31 0.00 1 0.00 38873
18.531 -0.002 -0.05 5.65 -1.71 12.87 0.00 1 0.00 38974
18.531 -0.002 -0.05 5.77 -1.72 13.43 0.00 1 0.00 39074
18.531 -0.002 -0.05 5.87 -1.72 13.80 0.00 1 0.00 39174
18.532 -0.002 -0.05 6.00 -1.73 14.36 0.00 1 0.00 39274
18.532 -0.002 -0.05 6.08 -1.73 14.92 0.00 1 0.00 39374
18.532 -0.002 -0.05 6.18 -1.74 15.48 0.00 1 0.00 39474
18.531 -0.002 -0.05 6.26 -1.74 16.04 0.00 1 0.00 39574
18.531 -0.002 -0.05 6.33 -1.75 16.60 0.00 1 0.00 39674
18.531 -0.002 -0.05 6.44 -1.75 17.16 0.00 1 0.00 39774
18.532 0.000 0.00 6.58 -1.75 17.72 0.00 1 0.00 39873
18.532 -0.002 -0.05 6.76 -1.75 18.28 0.00 1 0.00 39974
18.532 -0.002 -0.05 7.03 -1.76 19.02 0.00 1 0.00 40074
18.532 -0.002 -0.05 7.27 -1.76 19.58 0.00 1 0.00 40174
18.531 -0.002 -0.05 7.61 -1.77 20.33 0.00 1 0.00 40274
18.531 -0.002 -0.05 7.88 -1.77 21.07 0.00 1 0.00 40374
18.531 -0.002 -0.05 8.25 -1.78 21.82 0.00 1 0.00 40474
18.532 -0.002 -0.05 8.53 -1.78 22.57 0.00 1 0.00 40574
18.532 -0.002 -0.05 8.86 -1.79 23.31 0.00 1 0.00 40674
18.532 -0.002 -0.05 9.13 -1.79 24.06 0.00 1 0.00 40774
18.531 -0.002 -0.05 9.48 -1.80 24.99 0.00 1 0.00 40874
18.531 0.000 0.00 9.80 -1.80 25.92 0.00 1 0.00 40973
18.531 -0.002 -0.05 10.05 -1.80 26.67 0.00 1 0.00 41074
18.531 -0.002 -0.05 10.35 -1.81 27.60 0.00 1 0.00 41174
18.532 -0.002 -0.05 10.60 -1.81 28.53 0.00 1 0.00 41274
18.532 -0.002 -0.05 10.85 -1.82 29.47 0.00 1 0.00 41374
18.532 -0.002 -0.05 11.10 -1.82 30.59 0.00 1 0.00 41474
18.531 -0.002 -0.05 11.26 -1.82 31.52 0.00 1 0.00 41574
18.531 -0.002 -0.05 11.43 -1.83 32.45 0.00 1 0.00 41674
18.532 -0.002 -0.05 11.64 -1.83 33.57 0.00 1 0.00 41774
18.532 -0.002 -0.05 11.78 -1.84 34.50 0.00 1 0.00 41874
18.532 -0.002 -0.05 11.98 -1.84 35.62 0.00 1 0.00 41974
18.531 -0.002 -0.05 12.19 -1.85 36.74 0.00 1 0.00 42074
18.531 -0.002 -0.05 12.32 -1.85 37.67 0.00 1 0.00 42174
18.531 -0.002 -0.05 12.44 -1.86 38.79 0.00 1 0.00 42274
18.531 -0.002 -0.05 12.63 -1.86 39.91 0.00 1 0.00 42374
18.532 -0.002 -0.05 12.76 -1.87 41.03 0.00 1 0.00 42474
18.532 -0.002 -0.05 12.88 -1.87 42.15 0.00 1 0.00 42574
18.532 0.000 0.00 12.98 -1.87 43.27 0.00 1 0.00 42673
18.531 -0.002 -0.05 13.15 -1.88 44.57 0.00 1 0.00 42774
18.531 -0.002 -0.05 13.33 -1.88 45.69 0.00 1 0.00 42874
18.531 -0.002 -0.05 13.49 -1.88 46.81 0.00 1 0.00 42974
18.532 0.000 0.00 13.66 -1.88 48.12 0.00 1 0.00 43073
18.532 -0.002 -0.05 13.78 -1.89 49.24 0.00 1 0.00 43174
18.532 -0.002 -0.05 14.01 -1.89 50.54 0.00 1 0.00 43274
18.531 -0.002 -0.05 14.19 -1.90 51.66 0.00 1 0.00 43374
18.531 0.000 0.00 14.37 -1.90 52.97 0.00 1 0.00 43473
18.531 0.000 0.00 14.53 -1.90 54.27 0.00 1 0.00 43573
18.531 -0.002 -0.05 14.71 -1.90 55.58 0.00 1 0.00 43674
18.532 -0.002 -0.05 14.88 -1.91 56.88 0.00 1 0.00 43774
18.532 -0.002 -0.05 15.07 -1.91 58.19 0.00 1 0.00 43874
18.532 -0.002 -0.05 15.30 -1.92 59.49 0.00 1 0.00 43974
18.531 -0.002 -0.05 15.51 -1.92 60.80 0.00 1 0.00 44074
18.531 -0.002 -0.05 15.74 -1.93 62.29 0.00 1 0.00 44174
18.531 -0.002 -0.05 15.95 -1.93 63.60 0.00 1 0.00 44274
18.531 -0.002 -0.05 16.18 -1.94 65.09 0.00 1 0.00 44374
18.532 -0.002 -0.05 16.36 -1.94 66.39 0.00 1 0.00 44474
18.532 -0.002 -0.05 16.56 -1.94 67.89 0.00 1 0.00 44574
18.532 -0.002 -0.05 16.77 -1.95 69.38 0.00 1 0.00 44674
18.531 0.000 0.00 16.97 -1.95 70.87 0.00 1 0.00 44773
18.531 -0.002 -0.05 17.18 -1.95 72.36 0.00 1 0.00 44874
18.531 -0.002 -0.05 17.39 -1.96 73.85 0.00 1 0.00 44974
18.532 -0.002 -0.05 17.58 -1.96 75.35 0.00 1 0.00 45074
18.532 -0.002 -0.05 17.79 -1.97 77.02 0.00 1 0.00 45174
18.531 -0.002 -0.05 17.97 -1.97 78.52 0.00 1 0.00 45274
18.531 -0.002 -0.05 18.13 -1.98 80.19 0.00 1 0.00 45374
18.531 0.000 0.00 18.30 -1.98 81.69 0.00 1 0.00 45473
18.531 -0.002 -0.05 18.42 -1.98 83.37 0.00 1 0.00 45574
18.531 -0.002 -0.05 18.55 -1.99 85.04 0.00 1 0.00 45674
18.532 -0.002 -0.05 18.59 -1.99 86.54 0.00 1 0.00 45774
18.532 -0.002 -0.05 18.52 -2.00 88.21 0.00 1 0.00 45874
18.531 -0.002 -0.05 18.51 -2.00 89.89 0.00 1 0.00 45974
18.531 -0.002 -0.05 18.46 -2.00 91.39 0.00 1 0.00 46074
18.530 -0.002 -0.05 18.41 -2.01 93.06 0.00 1 0.00 46174
18.532 -0.002 -0.05 18.37 -2.01 94.74 0.00 1 0.00 46274
18.532 -0.002 -0.05 18.32 -2.02 96.23 0.00 1 0.00 46374
18.532 -0.002 -0.05 18.27 -2.02 97.91 0.00 1 0.00 46474
18.531 -0.002 -0.05 18.21 -2.03 99.40 0.00 1 0.00 46574
18.531 -0.002 -0.05 18.14 -2.03 101.08 0.00 1 0.00 46674
18.531 -0.002 -0.05 18.08 -2.04 102.57 0.00 1 0.00 46774
18.531 0.000 0.00 18.02 -2.04 104.25 0.00 1 0.00 46873
18.532 -0.002 -0.05 17.97 -2.04 105.75 0.00 1 0.00 46974
18.532 -0.002 -0.05 17.89 -2.05 107.42 0.00 1 0.00 47074
18.532 -0.002 -0.05 17.84 -2.05 108.92 0.00 1 0.00 47174
18.531 -0.002 -0.05 17.78 -2.06 110.41 0.00 1 0.00 47274
18.530 -0.002 -0.05 17.74 -2.06 112.09 0.00 1 0.00 47374
18.530 -0.002 -0.05 17.70 -2.07 113.58 0.00 1 0.00 47474
18.531 -0.002 -0.05 17.65 -2.07 115.07 0.00 1 0.00 47574
18.532 -0.002 -0.05 17.62 -2.07 116.75 0.00 1 0.00 47674
18.532 -0.002 -0.05 17.57 -2.08 118.24 0.00 1 0.00 47774
18.531 -0.002 -0.05 17.52 -2.08 119.73 0.00 1 0.00 47874
18.531 -0.002 -0.05 17.47 -2.09 121.22 0.00 1 0.00 47974
18.531 -0.002 -0.05 17.42 -2.09 122.72 0.00 1 0.00 48074
18.531 -0.002 -0.05 17.37 -2.10 124.40 0.00 1 0.00 48174
18.532 -0.002 -0.05 17.32 -2.10 125.89 0.00 1 0.00 48274
18.532 -0.002 -0.05 17.28 -2.11 127.38 0.00 1 0.00 48374
18.532 -0.002 -0.05 17.22 -2.11 128.87 0.00 1 0.00 48474
18.531 -0.002 -0.05 17.17 -2.12 130.36 0.00 1 0.00 48574
18.530 -0.002 -0.05 17.13 -2.12 131.86 0.00 1 0.00 48674
18.531 -0.002 -0.05 17.08 -2.13 133.35 0.00 1 0.00 48774
18.531 -0.002 -0.05 17.03 -2.13 134.84 0.00 1 0.00 48874
18.532 -0.002 -0.05 16.98 -2.13 136.33 0.00 1 0.00 48974
18.531 -0.002 -0.05 16.95 -2.14 137.82 0.00 1 0.00 49074
18.531 -0.002 -0.05 16.90 -2.14 139.32 0.00 1 0.00 49174
18.531 -0.002 -0.05 16.84 -2.15 140.81 0.00 1 0.00 49274
18.531 -0.002 -0.05 16.79 -2.15 142.30 0.00 1 0.00 49374
18.532 0.000 0.00 16.75 -2.15 143.60 0.00 1 0.00 49473
18.532 0.000 0.00 16.70 -2.15 145.10 0.00 1 0.00 49573
18.532 -0.002 -0.05 16.66 -2.16 146.59 0.00 1 0.00 49674
18.531 -0.002 -0.05 16.61 -2.16 148.08 0.00 1 0.00 49774
18.531 -0.002 -0.05 16.55 -2.17 149.57 0.00 1 0.00 49874
18.530 -0.002 -0.05 16.50 -2.17 150.88 0.00 1 0.00 49974
18.531 -0.002 -0.05 16.46 -2.18 152.37 0.00 1 0.00 50074
18.532 0.000 0.00 16.40 -2.18 153.86 0.00 1 0.00 50173
18.532 0.000 0.00 16.37 -2.18 155.35 0.00 1 0.00 50273
18.531 -0.002 -0.05 16.30 -2.18 156.66 0.00 1 0.00 50374
18.530 -0.002 -0.05 16.27 -2.19 158.15 0.00 1 0.00 50474
18.530 -0.002 -0.05 16.25 -2.19 159.46 0.00 1 0.00 50574
18.530 -0.002 -0.05 16.21 -2.19 160.95 0.00 1 0.00 50674
18.531 -0.002 -0.05 16.17 -2.20 162.44 0.00 1 0.00 50774
18.532 -0.002 -0.05 16.14 -2.20 163.75 0.00 1 0.00 50874
18.532 -0.002 -0.05 16.10 -2.21 165.24 0.00 1 0.00 50974
18.531 -0.002 -0.05 16.07 -2.21 166.54 0.00 1 0.00 51074
18.530 -0.002 -0.05 16.03 -2.22 168.04 0.00 1 0.00 51174
18.530 -0.002 -0.05 16.00 -2.22 169.34 0.00 1 0.00 51274
18.531 -0.002 -0.05 15.95 -2.23 170.83 0.00 1 0.00 51374
18.531 0.000 0.00 15.91 -2.23 172.14 0.00 1 0.00 51473
18.531 -0.002 -0.05 15.87 -2.23 173.63 0.00 1 0.00 51574
18.531 -0.002 -0.05 15.82 -2.24 174.94 0.00 1 0.00 51674
18.530 -0.002 -0.05 15.76 -2.24 176.24 0.00 1 0.00 51774
18.530 -0.002 -0.05 15.72 -2.25 177.73 0.00 1 0.00 51874
18.530 -0.002 -0.05 15.68 -2.25 179.04 0.00 1 0.00 51974
18.531 -0.002 -0.05 15.63 -2.26 180.53 0.00 1 0.00 52074
18.531 -0.002 -0.05 15.62 -2.26 181.84 0.00 1 0.00 52174
18.531 0.000 0.00 15.59 -2.26 183.14 0.00 1 0.00 52273
18.531 0.000 0.00 15.55 -2.26 184.63 0.00 1 0.00 52373
18.530 -0.002 -0.05 15.53 -2.26 185.94 0.00 1 0.00 52474
18.530 -0.002 -0.05 15.49 -2.27 187.25 0.00 1 0.00 52574
18.530 -0.002 -0.05 15.45 -2.27 188.55 0.00 1 0.00 52674
18.531 -0.002 -0.05 15.41 -2.28 190.04 0.00 1 0.00 52774
18.531 -0.002 -0.05 15.37 -2.28 191.35 0.00 1 0.00 52874
18.530 -0.002 -0.05 15.31 -2.29 192.65 0.00 1 0.00 52974
18.530 -0.002 -0.05 15.27 -2.29 193.96 0.00 1 0.00 53074
18.530 -0.002 -0.05 15.25 -2.30 195.27 0.00 1 0.00 53174
18.531 -0.002 -0.05 15.22 -2.30 196.57 0.00 1 0.00 53274
18.531 -0.002 -0.05 15.18 -2.31 198.06 0.00 1 0.00 53374
18.532 -0.002 -0.05 15.17 -2.31 199.37 0.00 1 0.00 53474
18.531 -0.002 -0.05 15.12 -2.32 200.67 0.00 1 0.00 53574
18.530 -0.002 -0.05 15.08 -2.32 201.98 0.00 1 0.00 53674
18.530 -0.002 -0.05 15.04 -2.32 203.29 0.00 1 0.00 53774
18.530 -0.002 -0.05 14.98 -2.33 204.59 0.00 1 0.00 53874
18.531 -0.002 -0.05 14.94 -2.33 205.90 0.00 1 0.00 53974
18.531 -0.002 -0.05 14.92 -2.34 207.20 0.00 1 0.00 54074
18.531 -0.002 -0.05 14.90 -2.34 208.51 0.00 1 0.00 54174
18.530 -0.002 -0.05 14.88 -2.35 209.81 0.00 1 0.00 54274
18.530 -0.002 -0.05 14.84 -2.35 211.12 0.00 1 0.00 54374
18.530 -0.002 -0.05 14.80 -2.36 212.42 0.00 1 0.00 54474
18.531 0.000 0.00 14.76 -2.36 213.73 0.00 1 0.00 54573
18.531 -0.002 -0.05 14.71 -2.36 215.03 0.00 1 0.00 54674
18.531 -0.002 -0.05 14.68 -2.37 216.15 0.00 1 0.00 54774
18.531 -0.002 -0.05 14.66 -2.37 217.46 0.00 1 0.00 54874
18.530 -0.002 -0.05 14.64 -2.38 218.76 0.00 1 0.00 54974
18.530 -0.002 -0.05 14.60 -2.38 220.07 0.00 1 0.00 55074
18.530 -0.002 -0.05 14.56 -2.38 221.38 0.00 1 0.00 55174
18.531 -0.002 -0.05 14.52 -2.39 222.68 0.00 1 0.00 55274
18.531 0.000 0.00 14.45 -2.39 223.80 0.00 1 0.00 55373
18.531 0.000 0.00 14.44 -2.39 225.11 0.00 1 0.00 55473
18.530 -0.002 -0.05 14.42 -2.39 226.41 0.00 1 0.00 55574
18.530 -0.002 -0.05 14.40 -2.40 227.72 0.00 1 0.00 55674
18.530 -0.002 -0.05 14.36 -2.40 229.02 0.00 1 0.00 55774
18.530 -0.002 -0.05 14.31 -2.41 230.14 0.00 1 0.00 55874
18.531 -0.002 -0.05 14.27 -2.41 231.45 0.00 1 0.00 55974
18.531 -0.002 -0.05 14.22 -2.42 232.75 0.00 1 0.00 56074
18.531 -0.002 -0.05 14.22 -2.42 233.87 0.00 1 0.00 56174
18.530 -0.002 -0.05 14.20 -2.43 235.18 0.00 1 0.00 56274
18.530 -0.002 -0.05 14.16 -2.43 236.48 0.00 1 0.00 56374
18.530 -0.002 -0.05 14.12 -2.44 237.60 0.00 1 0.00 56474
18.531 -0.002 -0.05 14.07 -2.44 238.91 0.00 1 0.00 56574
18.531 -0.002 -0.05 14.04 -2.45 240.03 0.00 1 0.00 56674
18.530 -0.002 -0.05 14.03 -2.45 241.33 0.00 1 0.00 56774
18.530 -0.002 -0.05 14.01 -2.45 242.64 0.00 1 0.00 56874
18.530 -0.002 -0.05 13.97 -2.46 243.76 0.00 1 0.00 56974
18.530 -0.002 -0.05 13.91 -2.46 245.06 0.00 1 0.00 57074
18.530 -0.002 -0.05 13.86 -2.47 246.18 0.00 1 0.00 57174
18.531 0.000 0.00 13.85 -2.47 247.49 0.00 1 0.00 57273
18.531 -0.002 -0.05 13.84 -2.47 248.60 0.00 1 0.00 57374
18.530 -0.002 -0.05 13.82 -2.48 249.91 0.00 1 0.00 57474
18.530 -0.002 -0.05 13.77 -2.48 251.03 0.00 1 0.00 57574
18.530 -0.002 -0.05 13.71 -2.49 252.15 0.00 1 0.00 57674
18.531 -0.002 -0.05 13.70 -2.49 253.45 0.00 1 0.00 57774
18.531 -0.002 -0.05 13.69 -2.50 254.57 0.00 1 0.00 57874
18.531 -0.002 -0.05 13.66 -2.50 255.88 0.00 1 0.00 57974
18.530 -0.002 -0.05 13.61 -2.51 257.00 0.00 1 0.00 58074
18.530 -0.002 -0.05 13.55 -2.51 258.12 0.00 1 0.00 58174
18.530 -0.002 -0.05 13.54 -2.51 259.42 0.00 1 0.00 58274
18.530 -0.002 -0.05 13.52 -2.52 260.54 0.00 1 0.00 58374
18.531 -0.002 -0.05 13.50 -2.52 261.66 0.00 1 0.00 58474
18.531 -0.002 -0.05 13.45 -2.53 262.96 0.00 1 0.00 58574
18.531 -0.002 -0.05 13.40 -2.53 264.08 0.00 1 0.00 58674
18.530 -0.002 -0.05 13.40 -2.54 265.20 0.00 1 0.00 58774
18.530 -0.002 -0.05 13.38 -2.54 266.51 0.00 1 0.00 58874
18.530 -0.002 -0.05 13.34 -2.55 267.63 0.00 1 0.00 58974
18.530 -0.002 -0.05 13.29 -2.55 268.75 0.00 1 0.00 59074
18.531 -0.002 -0.05 13.27 -2.56 269.87 0.00 1 0.00 59174
18.531 -0.002 -0.05 13.25 -2.56 271.17 0.00 1 0.00 59274
18.531 -0.002 -0.05 13.23 -2.57 272.29 0.00 1 0.00 59374
18.530 0.000 0.00 13.19 -2.57 273.41 0.00 1 0.00 59473
18.530 -0.002 -0.05 13.12 -2.57 274.53 0.00 1 0.00 59574
18.530 -0.002 -0.05 13.13 -2.57 275.65 0.00 1 0.00 59674
18.531 -0.002 -0.05 13.12 -2.58 276.77 0.00 1 0.00 59774
18.531 -0.002 -0.05 13.07 -2.58 278.07 0.00 1 0.00 59874
18.531 -0.002 -0.05 13.02 -2.59 279.19 0.00 1 0.00 59974
18.530 -0.002 -0.05 13.00 -2.59 280.31 0.00 1 0.00 60074
18.530 -0.002 -0.05 12.99 -2.60 281.43 0.00 1 0.00 60174
18.530 -0.002 -0.05 12.95 -2.60 282.55 0.00 1 0.00 60274
18.530 -0.002 -0.05 12.91 -2.61 283.67 0.00 1 0.00 60374
18.531 -0.002 -0.05 12.89 -2.61 284.79 0.00 1 0.00 60474
18.531 -0.002 -0.05 12.88 -2.62 285.90 0.00 1 0.00 60574
18.531 -0.002 -0.05 12.84 -2.62 287.02 0.00 1 0.00 60674
18.530 -0.002 -0.05 12.81 -2.63 288.14 0.00 1 0.00 60774
18.530 0.000 0.00 12.77 -2.63 289.26 0.00 1 0.00 60873
18.531 -0.002 -0.05 12.77 -2.63 290.38 0.00 1 0.00 60974
18.531 -0.002 -0.05 12.73 -2.64 291.50 0.00 1 0.00 61074
18.531 -0.002 -0.05 12.68 -2.64 292.62 0.00 1 0.00 61174
18.530 -0.002 -0.05 12.66 -2.64 293.74 0.00 1 0.00 61274
18.530 -0.002 -0.05 12.65 -2.65 294.86 0.00 1 0.00 61374
18.530 -0.002 -0.05 12.62 -2.65 295.98 0.00 1 0.00 61474
18.530 -0.002 -0.05 12.57 -2.66 297.09 0.00 1 0.00 61574
18.531 -0.002 -0.05 12.55 -2.66 298.21 0.00 1 0.00 61674
18.531 -0.002 -0.05 12.55 -2.67 299.15 0.00 1 0.00 61774
18.531 0.000 0.00 12.49 -2.67 300.26 0.00 1 0.00 61873
18.530 -0.002 -0.05 12.45 -2.67 301.38 0.00 1 0.00 61974
18.530 -0.002 -0.05 12.45 -2.68 302.50 0.00 1 0.00 62074
18.530 -0.002 -0.05 12.43 -2.68 303.62 0.00 1 0.00 62174
18.530 -0.002 -0.05 12.39 -2.69 304.74 0.00 1 0.00 62274
18.531 -0.002 -0.05 12.36 -2.69 305.67 0.00 1 0.00 62374
18.531 -0.002 -0.05 12.35 -2.70 306.79 0.00 1 0.00 62474
18.530 -0.002 -0.05 12.31 -2.70 307.91 0.00 1 0.00 62574
18.529 -0.002 -0.05 12.26 -2.70 309.03 0.00 1 0.00 62674
18.529 -0.002 -0.05 12.25 -2.71 309.96 0.00 1 0.00 62774
18.530 -0.002 -0.05 12.25 -2.71 311.08 0.00 1 0.00 62874
18.531 -0.002 -0.05 12.21 -2.72 312.20 0.00 1 0.00 62974
18.531 0.000 0.00 12.15 -2.72 313.32 0.00 1 0.00 63073
18.531 0.000 0.00 12.17 -2.72 314.25 0.00 1 0.00 63173
18.530 -0.002 -0.05 12.13 -2.72 315.37 0.00 1 0.00 63274
18.529 -0.002 -0.05 12.07 -2.73 316.49 0.00 1 0.00 63374
18.529 -0.002 -0.05 12.07 -2.73 317.42 0.00 1 0.00 63474
18.530 -0.002 -0.05 12.06 -2.74 318.54 0.00 1 0.00 63574
18.531 -0.002 -0.05 12.02 -2.74 319.66 0.00 1 0.00 63674
18.530 -0.002 -0.05 11.99 -2.75 320.59 0.00 1 0.00 63774
18.530 -0.002 -0.05 11.98 -2.75 321.71 0.00 1 0.00 63874
18.529 0.000 0.00 11.94 -2.75 322.64 0.00 1 0.00 63973
18.529 -0.002 -0.05 11.90 -2.76 323.76 0.00 1 0.00 64074
18.529 -0.002 -0.05 11.89 -2.76 324.88 0.00 1 0.00 64174
18.530 -0.002 -0.05 11.87 -2.76 325.82 0.00 1 0.00 64274
18.531 0.000 0.00 11.83 -2.76 326.93 0.00 1 0.00 64373
18.530 -0.002 -0.05 11.81 -2.77 327.87 0.00 1 0.00 64474
18.530 -0.002 -0.05 11.80 -2.77 328.99 0.00 1 0.00 64574
18.529 0.000 0.00 11.76 -2.77 329.92 0.00 1 0.00 64673
18.530 -0.002 -0.05 11.73 -2.78 331.04 0.00 1 0.00 64774
18.530 -0.002 -0.05 11.73 -2.78 331.97 0.00 1 0.00 64874
18.531 -0.002 -0.05 11.69 -2.79 333.09 0.00 1 0.00 64974
18.530 -0.002 -0.05 11.66 -2.79 334.02 0.00 1 0.00 65074
18.530 -0.002 -0.05 11.65 -2.80 335.14 0.00 1 0.00 65174
18.530 -0.002 -0.05 11.61 -2.80 336.07 0.00 1 0.00 65274
18.529 -0.002 -0.05 11.56 -2.81 337.19 0.00 1 0.00 65374
18.530 0.000 0.00 11.58 -2.81 338.12 0.00 1 0.00 65473
18.530 0.000 0.00 11.54 -2.81 339.06 0.00 1 0.00 65573
18.531 -0.002 -0.05 11.48 -2.81 340.18 0.00 1 0.00 65674
18.530 -0.002 -0.05 11.50 -2.82 341.11 0.00 1 0.00 65774
18.529 -0.002 -0.05 11.47 -2.82 342.23 0.00 1 0.00 65874
18.529 -0.002 -0.05 11.41 -2.82 343.16 0.00 1 0.00 65974
18.530 -0.002 -0.05 11.44 -2.83 344.09 0.00 1 0.00 66074
18.530 0.000 0.00 11.39 -2.83 345.21 0.00 1 0.00 66173
18.530 0.000 0.00 11.34 -2.83 346.14 0.00 1 0.00 66273
18.530 -0.002 -0.05 11.36 -2.83 347.08 0.00 1 0.00 66374
18.529 -0.002 -0.05 11.32 -2.84 348.20 0.00 1 0.00 66474
18.529 0.000 0.00 11.28 -2.84 349.13 0.00 1 0.00 66573
18.529 0.000 0.00 11.28 -2.84 350.06 0.00 1 0.00 66673
18.530 -0.002 -0.05 11.25 -2.84 350.99 0.00 1 0.00 66774
18.530 -0.002 -0.05 11.20 -2.85 352.11 0.00 1 0.00 66874
18.530 -0.002 -0.05 11.22 -2.85 353.04 0.00 1 0.00 66974
18.530 -0.002 -0.05 11.18 -2.86 353.98 0.00 1 0.00 67074
18.529 0.000 0.00 11.15 -2.86 354.91 0.00 1 0.00 67173
18.529 -0.002 -0.05 11.15 -2.86 356.03 0.00 1 0.00 67274
18.529 -0.002 -0.05 11.11 -2.87 356.96 0.00 1 0.00 67374
18.530 0.000 0.00 11.09 -2.87 357.89 0.00 1 0.00 67473
18.530 0.000 0.00 11.08 -2.87 358.83 0.00 1 0.00 67573
18.530 0.000 0.00 11.03 -2.87 359.76 0.00 1 0.00 67673
18.529 -0.002 -0.05 11.00 -2.87 360.88 0.00 1 0.00 67774
18.529 -0.002 -0.05 11.01 -2.88 361.81 0.00 1 0.00 67874
18.530 0.000 0.00 10.96 -2.88 362.74 0.00 1 0.00 67973
18.530 0.000 0.00 10.95 -2.88 363.67 0.00 1 0.00 68073
18.530 0.000 0.00 10.93 -2.88 364.61 0.00 1 0.00 68173
18.530 -0.002 -0.05 10.88 -2.88 365.54 0.00 1 0.00 68274
18.530 -0.002 -0.05 10.89 -2.89 366.47 0.00 1 0.00 68374
18.529 -0.002 -0.05 10.86 -2.89 367.40 0.00 1 0.00 68474
18.529 -0.002 -0.05 10.81 -2.89 368.52 0.00 1 0.00 68574
18.530 0.000 0.00 10.82 -2.89 369.46 0.00 1 0.00 68673
18.530 0.000 0.00 10.79 -2.89 370.39 0.00 1 0.00 68773
18.530 -0.002 -0.05 10.75 -2.90 371.32 0.00 1 0.00 68874
18.529 -0.002 -0.05 10.76 -2.90 372.25 0.00 1 0.00 68974
18.529 -0.002 -0.05 10.71 -2.91 373.19 0.00 1 0.00 69074
18.529 -0.002 -0.05 10.70 -2.91 374.12 0.00 1 0.00 69174
18.530 -0.002 -0.05 10.68 -2.92 375.05 0.00 1 0.00 69274
18.530 -0.002 -0.05 10.64 -2.92 375.98 0.00 1 0.00 69374
18.530 -0.002 -0.05 10.64 -2.93 376.92 0.00 1 0.00 69474
18.530 -0.002 -0.05 10.61 -2.93 377.85 0.00 1 0.00 69574
18.529 -0.002 -0.05 10.58 -2.94 378.78 0.00 1 0.00 69674
18.529 -0.002 -0.05 10.57 -2.94 379.71 0.00 1 0.00 69774
18.529 -0.002 -0.05 10.52 -2.95 380.65 0.00 1 0.00 69874
18.530 -0.002 -0.05 10.53 -2.95 381.58 0.00 1 0.00 69974
18.530 -0.002 -0.05 10.50 -2.95 382.32 0.00 1 0.00 70074
18.530 -0.002 -0.05 10.47 -2.96 383.26 0.00 1 0.00 70174
18.529 -0.002 -0.05 10.47 -2.96 384.19 0.00 1 0.00 70274
18.529 -0.002 -0.05 10.43 -2.97 385.12 0.00 1 0.00 70374
18.529 -0.002 -0.05 10.42 -2.97 386.05 0.00 1 0.00 70474
18.529 -0.002 -0.05 10.40 -2.98 386.99 0.00 1 0.00 70574
18.530 0.000 0.00 10.35 -2.98 387.92 0.00 1 0.00 70673
18.530 -0.002 -0.05 10.36 -2.98 388.85 0.00 1 0.00 70774
18.530 -0.002 -0.05 10.32 -2.99 389.60 0.00 1 0.00 70874
18.529 0.000 0.00 10.31 -2.99 390.53 0.00 1 0.00 70973
18.529 0.000 0.00 10.29 -2.99 391.46 0.00 1 0.00 71073
18.529 0.000 0.00 10.25 -2.99 392.40 0.00 1 0.00 71173
18.530 -0.002 -0.05 10.25 -2.99 393.33 0.00 1 0.00 71274
18.530 0.000 0.00 10.22 -2.99 394.26 0.00 1 0.00 71373
18.530 0.000 0.00 10.20 -2.99 395.01 0.00 1 0.00 71473
18.530 0.000 0.00 10.19 -2.99 395.94 0.00 1 0.00 71573
18.529 0.000 0.00 10.13 -2.99 396.87 0.00 1 0.00 71673
18.529 0.000 0.00 10.15 -2.99 397.80 0.00 1 0.00 71773
18.529 0.000 0.00 10.10 -2.99 398.55 0.00 1 0.00 71873
18.530 -0.002 -0.05 10.10 -3.00 399.48 0.00 1 0.00 71974
18.530 -0.002 -0.05 10.08 -3.00 400.42 0.00 1 0.00 72074
18.530 -0.002 -0.05 10.05 -3.01 401.16 0.00 1 0.00 72174
18.529 -0.002 -0.05 10.04 -3.01 402.09 0.00 1 0.00 72274
18.529 -0.002 -0.05 10.00 -3.01 403.03 0.00 1 0.00 72374
18.530 -0.002 -0.05 10.00 -3.02 403.96 0.00 1 0.00 72474
18.530 -0.002 -0.05 9.97 -3.02 404.70 0.00 1 0.00 72574
18.530 0.000 0.00 9.93 -3.02 405.64 0.00 1 0.00 72673
18.530 0.000 0.00 9.95 -3.02 406.57 0.00 1 0.00 72773
18.530 0.000 0.00 9.89 -3.02 407.32 0.00 1 0.00 72873
18.529 -0.002 -0.05 9.90 -3.03 408.25 0.00 1 0.00 72974
18.529 -0.002 -0.05 9.86 -3.03 408.99 0.00 1 0.00 73074
18.530 0.000 0.00 9.85 -3.03 409.93 0.00 1 0.00 73173
18.530 0.000 0.00 9.83 -3.03 410.86 0.00 1 0.00 73273
18.530 0.000 0.00 9.81 -3.03 411.61 0.00 1 0.00 73373
18.529 -0.002 -0.05 9.80 -3.04 412.54 0.00 1 0.00 73474
18.529 -0.002 -0.05 9.76 -3.04 413.28 0.00 1 0.00 73574
18.529 -0.002 -0.05 9.76 -3.05 414.22 0.00 1 0.00 73674
18.530 -0.002 -0.05 9.73 -3.05 415.15 0.00 1 0.00 73774
18.530 -0.002 -0.05 9.72 -3.06 415.89 0.00 1 0.00 73874
18.530 -0.002 -0.05 9.69 -3.06 416.83 0.00 1 0.00 73974
18.530 0.000 0.00 9.67 -3.06 417.57 0.00 1 0.00 74073
18.529 -0.002 -0.05 9.67 -3.07 418.51 0.00 1 0.00 74174
18.529 -0.002 -0.05 9.62 -3.07 419.25 0.00 1 0.00 74274
18.529 -0.002 -0.05 9.63 -3.08 420.18 0.00 1 0.00 74374
18.530 0.000 0.00 9.59 -3.08 420.93 0.00 1 0.00 74473
18.530 -0.002 -0.05 9.58 -3.08 421.86 0.00 1 0.00 74574
18.530 -0.002 -0.05 9.56 -3.08 422.61 0.00 1 0.00 74674
18.529 0.000 0.00 9.53 -3.08 423.54 0.00 1 0.00 74773
18.529 0.000 0.00 9.53 -3.08 424.29 0.00 1 0.00 74873
18.529 0.000 0.00 9.48 -3.08 425.22 0.00 1 0.00 74973
18.529 -0.002 -0.05 9.49 -3.09 425.97 0.00 1 0.00 75074
18.530 0.000 0.00 9.45 -3.09 426.90 0.00 1 0.00 75173
18.530 -0.002 -0.05 9.45 -3.09 427.64 0.00 1 0.00 75274
18.530 -0.002 -0.05 9.42 -3.10 428.39 0.00 1 0.00 75374
18.529 -0.002 -0.05 9.40 -3.10 429.32 0.00 1 0.00 75474
18.529 -0.002 -0.05 9.39 -3.11 430.07 0.00 1 0.00 75574
18.529 -0.002 -0.05 9.35 -3.11 431.00 0.00 1 0.00 75674
18.530 0.000 0.00 9.36 -3.11 431.75 0.00 1 0.00 75773
18.530 -0.002 -0.05 9.32 -3.12 432.49 0.00 1 0.00 75874
18.529 0.000 0.00 9.32 -3.12 433.43 0.00 1 0.00 75973
18.529 0.000 0.00 9.27 -3.12 434.17 0.00 1 0.00 76073
18.529 -0.002 -0.05 9.29 -3.12 434.92 0.00 1 0.00 76174
18.529 -0.002 -0.05 9.24 -3.13 435.85 0.00 1 0.00 76274
18.529 -0.002 -0.05 9.24 -3.13 436.60 0.00 1 0.00 76374
18.530 -0.002 -0.05 9.21 -3.14 437.34 0.00 1 0.00 76474
18.530 -0.002 -0.05 9.20 -3.14 438.27 0.00 1 0.00 76574
18.529 -0.002 -0.05 9.18 -3.14 439.02 0.00 1 0.00 76674
18.529 -0.002 -0.05 9.17 -3.15 439.77 0.00 1 0.00 76774
18.529 0.000 0.00 9.15 -3.15 440.70 0.00 1 0.00 76873
18.530 -0.002 -0.05 9.12 -3.15 441.45 0.00 1 0.00 76974
18.530 -0.002 -0.05 9.11 -3.16 442.19 0.00 1 0.00 77074
18.530 0.000 0.00 9.08 -3.16 442.94 0.00 1 0.00 77173
18.529 -0.002 -0.05 9.08 -3.16 443.87 0.00 1 0.00 77274
18.529 -0.002 -0.05 9.04 -3.17 444.62 0.00 1 0.00 77374
18.529 -0.002 -0.05 9.05 -3.17 445.36 0.00 1 0.00 77474
18.529 0.000 0.00 9.00 -3.17 446.11 0.00 1 0.00 77573
18.530 0.000 0.00 9.01 -3.17 447.04 0.00 1 0.00 77673
18.530 0.000 0.00 8.97 -3.17 447.79 0.00 1 0.00 77773
18.530 -0.002 -0.05 8.98 -3.18 448.53 0.00 1 0.00 77874
18.529 0.000 0.00 8.94 -3.18 449.28 0.00 1 0.00 77973
18.529 0.000 0.00 8.94 -3.18 450.02 0.00 1 0.00 78073
18.529 0.000 0.00 8.91 -3.18 450.96 0.00 1 0.00 78173
18.529 0.000 0.00 8.89 -3.18 451.70 0.00 1 0.00 78273
18.530 0.000 0.00 8.88 -3.18 452.45 0.00 1 0.00 78373
18.530 0.000 0.00 8.86 -3.18 453.20 0.00 1 0.00 78473
18.529 0.000 0.00 8.84 -3.18 453.94 0.00 1 0.00 78573
18.529 0.000 0.00 8.83 -3.18 454.69 0.00 1 0.00 78673
18.529 0.000 0.00 8.81 -3.18 455.43 0.00 1 0.00 78773
18.529 0.000 0.00 8.79 -3.18 456.37 0.00 1 0.00 78873
18.530 0.000 0.00 8.77 -3.18 457.11 0.00 1 0.00 78973
18.530 -0.002 -0.05 8.75 -3.18 457.86 0.00 1 0.00 79074
18.530 -0.002 -0.05 8.74 -3.19 458.60 0.00 1 0.00 79174
18.529 -0.002 -0.05 8.71 -3.19 459.35 0.00 1 0.00 79274
18.528 0.000 0.00 8.71 -3.19 460.10 0.00 1 0.00 79373
18.529 0.000 0.00 8.69 -3.19 460.84 0.00 1 0.00 79473
18.529 0.000 0.00 8.67 -3.19 461.59 0.00 1 0.00 79573
18.530 -0.002 -0.05 8.65 -3.20 462.33 0.00 1 0.00 79674
18.529 -0.002 -0.05 8.64 -3.20 463.08 0.00 1 0.00 79774
18.529 -0.002 -0.05 8.61 -3.20 463.83 0.00 1 0.00 79874
18.528 0.000 0.00 8.61 -3.20 464.57 0.00 1 0.00 79973
18.528 -0.002 -0.05 8.56 -3.21 465.32 0.00 1 0.00 80074
18.529 -0.002 -0.05 8.57 -3.21 466.06 0.00 1 0.00 80174
18.529 -0.002 -0.05 8.54 -3.22 466.81 0.00 1 0.00 80274
18.530 -0.002 -0.05 8.54 -3.22 467.56 0.00 1 0.00 80374
18.529 0.000 0.00 8.51 -3.22 468.30 0.00 1 0.00 80473
18.529 0.000 0.00 8.51 -3.22 469.05 0.00 1 0.00 80573
18.528 -0.002 -0.05 8.47 -3.23 469.79 0.00 1 0.00 80674
18.529 -0.002 -0.05 8.47 -3.23 470.54 0.00 1 0.00 80774
18.530 0.000 0.00 8.45 -3.23 471.29 0.00 1 0.00 80873
18.530 0.000 0.00 8.43 -3.23 472.03 0.00 1 0.00 80973
18.529 0.000 0.00 8.39 -3.23 472.78 0.00 1 0.00 81073
18.529 -0.002 -0.05 8.40 -3.24 473.52 0.00 1 0.00 81174
18.529 -0.002 -0.05 8.38 -3.24 474.27 0.00 1 0.00 81274
18.528 -0.002 -0.05 8.37 -3.25 475.02 0.00 1 0.00 81374
18.529 -0.002 -0.05 8.35 -3.25 475.76 0.00 1 0.00 81474
18.530 -0.002 -0.05 8.34 -3.26 476.51 0.00 1 0.00 81574
18.530 -0.002 -0.05 8.31 -3.26 477.25 0.00 1 0.00 81674
18.529 -0.002 -0.05 8.30 -3.27 478.00 0.00 1 0.00 81774
18.528 -0.002 -0.05 8.29 -3.27 478.56 0.00 1 0.00 81874
18.528 -0.002 -0.05 8.27 -3.27 479.30 0.00 1 0.00 81974
18.528 0.000 0.00 8.26 -3.27 480.05 0.00 1 0.00 82073
18.529 -0.002 -0.05 8.23 -3.28 480.80 0.00 1 0.00 82174
18.530 0.000 0.00 8.22 -3.28 481.54 0.00 1 0.00 82273
18.530 0.000 0.00 8.20 -3.28 482.29 0.00 1 0.00 82373
18.528 0.000 0.00 8.19 -3.28 483.04 0.00 1 0.00 82473
18.528 -0.002 -0.05 8.16 -3.28 483.59 0.00 1 0.00 82574
18.528 -0.002 -0.05 8.16 -3.29 484.34 0.00 1 0.00 82674
18.529 -0.002 -0.05 8.13 -3.29 485.09 0.00 1 0.00 82774
18.529 0.000 0.00 8.13 -3.29 485.83 0.00 1 0.00 82873
18.529 0.000 0.00 8.10 -3.29 486.58 0.00 1 0.00 82973
18.529 0.000 0.00 8.10 -3.29 487.14 0.00 1 0.00 83073
18.528 0.000 0.00 8.07 -3.29 487.88 0.00 1 0.00 83173
18.528 -0.002 -0.05 8.07 -3.30 488.63 0.00 1 0.00 83274
18.528 -0.002 -0.05 8.03 -3.30 489.38 0.00 1 0.00 83374
18.529 -0.002 -0.05 8.03 -3.31 490.12 0.00 1 0.00 83474
18.529 0.000 0.00 8.01 -3.31 490.68 0.00 1 0.00 83573
18.529 0.000 0.00 8.01 -3.31 491.43 0.00 1 0.00 83673
18.529 0.000 0.00 7.98 -3.31 492.17 0.00 1 0.00 83773
18.528 -0.002 -0.05 7.96 -3.31 492.73 0.00 1 0.00 83874
18.529 -0.002 -0.05 7.95 -3.32 493.48 0.00 1 0.00 83974
18.529 -0.002 -0.05 7.94 -3.32 494.23 0.00 1 0.00 84074
18.529 -0.002 -0.05 7.92 -3.33 494.97 0.00 1 0.00 84174
18.529 0.000 0.00 7.90 -3.33 495.53 0.00 1 0.00 84273
18.528 0.000 0.00 7.90 -3.33 496.28 0.00 1 0.00 84373
18.528 0.000 0.00 7.87 -3.33 497.02 0.00 1 0.00 84473
18.528 0.000 0.00 7.87 -3.33 497.58 0.00 1 0.00 84573
18.529 0.000 0.00 7.83 -3.33 498.33 0.00 1 0.00 84673
18.529 0.000 0.00 7.83 -3.33 499.07 0.00 1 0.00 84773
18.529 0.000 0.00 7.81 -3.33 499.63 0.00 1 0.00 84873
18.529 0.000 0.00 7.80 -3.33 500.38 0.00 1 0.00 84973
18.528 -0.002 -0.05 7.77 -3.33 501.13 0.00 1 0.00 85074
18.528 -0.002 -0.05 7.77 -3.33 501.68 0.00 1 0.00 85174
18.529 -0.002 -0.05 7.76 -3.34 502.43 0.00 1 0.00 85274
18.529 -0.002 -0.05 7.73 -3.34 503.18 0.00 1 0.00 85374
18.529 -0.002 -0.05 7.73 -3.35 503.74 0.00 1 0.00 85474
18.529 -0.002 -0.05 7.71 -3.35 504.48 0.00 1 0.00 85574
18.528 0.000 0.00 7.70 -3.35 505.04 0.00 1 0.00 85673
18.528 -0.002 -0.05 7.65 -3.36 505.79 0.00 1 0.00 85774
18.528 -0.002 -0.05 7.67 -3.36 506.53 0.00 1 0.00 85874
18.529 -0.002 -0.05 7.64 -3.37 507.09 0.00 1 0.00 85974
18.529 0.000 0.00 7.63 -3.37 507.84 0.00 1 0.00 86073
18.529 0.000 0.00 7.62 -3.37 508.40 0.00 1 0.00 86173
18.529 0.000 0.00 7.60 -3.37 509.14 0.00 1 0.00 86273
18.528 0.000 0.00 7.60 -3.37 509.70 0.00 1 0.00 86373
18.528 -0.002 -0.05 7.56 -3.37 510.45 0.00 1 0.00 86474
18.528 -0.002 -0.05 7.56 -3.38 511.20 0.00 1 0.00 86574
18.529 0.000 0.00 7.53 -3.38 511.76 0.00 1 0.00 86673
18.529 0.000 0.00 7.54 -3.38 512.50 0.00 1 0.00 86773
18.529 0.000 0.00 7.51 -3.38 513.06 0.00 1 0.00 86873
18.528 -0.002 -0.05 7.50 -3.38 513.81 0.00 1 0.00 86974
18.528 0.000 0.00 7.49 -3.38 514.37 0.00 1 0.00 87073
18.528 -0.002 -0.05 7.47 -3.39 515.11 0.00 1 0.00 87174
18.529 -0.002 -0.05 7.46 -3.39 515.67 0.00 1 0.00 87274
18.529 -0.002 -0.05 7.43 -3.39 516.42 0.00 1 0.00 87374
18.529 -0.002 -0.05 7.43 -3.40 516.98 0.00 1 0.00 87474
18.529 -0.002 -0.05 7.40 -3.40 517.72 0.00 1 0.00 87574
18.528 0.000 0.00 7.40 -3.40 518.28 0.00 1 0.00 87673
18.528 0.000 0.00 7.38 -3.40 519.03 0.00 1 0.00 87773
18.528 0.000 0.00 7.36 -3.40 519.59 0.00 1 0.00 87873
18.529 -0.002 -0.05 7.36 -3.41 520.15 0.00 1 0.00 87974
18.529 0.000 0.00 7.33 -3.41 520.89 0.00 1 0.00 88073
18.528 -0.002 -0.05 7.33 -3.41 521.45 0.00 1 0.00 88174
18.528 -0.002 -0.05 7.30 -3.42 522.20 0.00 1 0.00 88274
18.528 0.000 0.00 7.30 -3.42 522.76 0.00 1 0.00 88373
18.529 -0.002 -0.05 7.27 -3.42 523.51 0.00 1 0.00 88474
18.529 -0.002 -0.05 7.27 -3.43 524.07 0.00 1 0.00 88574
18.529 0.000 0.00 7.26 -3.43 524.62 0.00 1 0.00 88673
18.529 -0.002 -0.05 7.24 -3.43 525.37 0.00 1 0.00 88774
18.528 -0.002 -0.05 7.24 -3.44 525.93 0.00 1 0.00 88874
18.528 -0.002 -0.05 7.21 -3.44 526.49 0.00 1 0.00 88974
18.528 -0.002 -0.05 7.20 -3.45 527.24 0.00 1 0.00 89074
18.529 -0.002 -0.05 7.19 -3.45 527.79 0.00 1 0.00 89174
18.529 -0.002 -0.05 7.17 -3.45 528.54 0.00 1 0.00 89274
18.529 0.000 0.00 7.16 -3.45 529.10 0.00 1 0.00 89373
18.528 -0.002 -0.05 7.13 -3.46 529.66 0.00 1 0.00 89474
18.528 0.000 0.00 7.13 -3.46 530.41 0.00 1 0.00 89573
18.528 0.000 0.00 7.11 -3.46 530.97 0.00 1 0.00 89673
18.528 0.000 0.00 7.10 -3.46 531.53 0.00 1 0.00 89773
18.529 0.000 0.00 7.09 -3.46 532.27 0.00 1 0.00 89873
18.529 0.000 0.00 7.06 -3.46 532.83 0.00 1 0.00 89973
18.529 0.000 0.00 7.07 -3.46 533.39 0.00 1 0.00 90073
18.528 -0.002 -0.05 7.03 -3.46 534.14 0.00 1 0.00 90174
18.528 0.000 0.00 7.03 -3.46 534.70 0.00 1 0.00 90273
18.528 0.000 0.00 7.02 -3.46 535.26 0.00 1 0.00 90373
18.529 -0.002 -0.05 6.99 -3.47 535.81 0.00 1 0.00 90474
18.529 -0.002 -0.05 7.00 -3.47 536.56 0.00 1 0.00 90574
18.529 -0.002 -0.05 6.96 -3.48 537.12 0.00 1 0.00 90674
18.528 -0.002 -0.05 6.96 -3.48 537.68 0.00 1 0.00 90774
18.528 -0.002 -0.05 6.95 -3.49 538.24 0.00 1 0.00 90874
18.528 -0.002 -0.05 6.94 -3.49 538.98 0.00 1 0.00 90974
18.528 -0.002 -0.05 6.93 -3.50 539.54 0.00 1 0.00 91074
18.529 -0.002 -0.05 6.90 -3.50 540.10 0.00 1 0.00 91174
18.529 0.000 0.00 6.90 -3.50 540.66 0.00 1 0.00 91273
18.529 0.000 0.00 6.88 -3.50 541.41 0.00 1 0.00 91373
18.528 -0.002 -0.05 6.86 -3.51 541.97 0.00 1 0.00 91474
18.528 0.000 0.00 6.86 -3.51 542.53 0.00 1 0.00 91573
18.529 -0.002 -0.05 6.83 -3.51 543.09 0.00 1 0.00 91674
18.529 -0.002 -0.05 6.83 -3.52 543.65 0.00 1 0.00 91774
18.529 0.000 0.00 6.81 -3.52 544.39 0.00 1 0.00 91873
18.528 -0.002 -0.05 6.80 -3.52 544.95 0.00 1 0.00 91974
18.528 -0.002 -0.05 6.79 -3.52 545.51 0.00 1 0.00 92074
18.528 0.000 0.00 6.76 -3.52 546.07 0.00 1 0.00 92173
18.528 -0.002 -0.05 6.77 -3.53 546.63 0.00 1 0.00 92274
18.529 0.000 0.00 6.75 -3.53 547.19 0.00 1 0.00 92373
18.529 0.000 0.00 6.73 -3.53 547.94 0.00 1 0.00 92473
18.529 -0.002 -0.05 6.73 -3.53 548.50 0.00 1 0.00 92574
18.528 0.000 0.00 6.69 -3.53 549.06 0.00 1 0.00 92673
18.528 0.000 0.00 6.70 -3.53 549.62 0.00 1 0.00 92773
18.528 -0.002 -0.05 6.68 -3.54 550.17 0.00 1 0.00 92874
18.528 -0.002 -0.05 6.65 -3.54 550.73 0.00 1 0.00 92974
18.529 -0.002 -0.05 6.67 -3.55 551.29 0.00 1 0.00 93074
18.529 -0.002 -0.05 6.63 -3.55 552.04 0.00 1 0.00 93174
18.528 0.000 0.00 6.63 -3.55 552.60 0.00 1 0.00 93273
18.528 -0.002 -0.05 6.61 -3.56 553.16 0.00 1 0.00 93374
18.528 -0.002 -0.05 6.60 -3.56 553.72 0.00 1 0.00 93474
18.528 0.000 0.00 6.60 -3.56 554.28 0.00 1 0.00 93573
18.529 0.000 0.00 6.57 -3.56 554.84 0.00 1 0.00 93673
18.529 -0.002 -0.05 6.56 -3.57 555.40 0.00 1 0.00 93774
18.529 -0.002 -0.05 6.56 -3.57 555.96 0.00 1 0.00 93874
18.528 -0.002 -0.05 6.52 -3.58 556.52 0.00 1 0.00 93974
18.528 -0.002 -0.05 6.53 -3.58 557.08 0.00 1 0.00 94074
18.528 -0.002 -0.05 6.52 -3.58 557.64 0.00 1 0.00 94174
18.528 0.000 0.00 6.50 -3.58 558.19 0.00 1 0.00 94273
18.529 0.000 0.00 6.50 -3.58 558.75 0.00 1 0.00 94373
18.529 -0.002 -0.05 6.47 -3.59 559.31 0.00 1 0.00 94474
18.529 -0.002 -0.05 6.46 -3.59 560.06 0.00 1 0.00 94574
18.526 -0.002 -0.05 6.45 -3.60 560.62 0.00 1 0.00 94674
18.528 -0.002 -0.05 6.43 -3.60 561.18 0.00 1 0.00 94774
18.528 -0.002 -0.05 6.43 -3.61 561.74 0.00 1 0.00 94874
18.529 0.000 0.00 6.40 -3.61 562.30 0.00 1 0.00 94973
18.529 -0.002 -0.05 6.40 -3.61 562.86 0.00 1 0.00 95074
18.528 0.000 0.00 6.40 -3.61 563.42 0.00 1 0.00 95173
18.528 0.000 0.00 6.36 -3.61 563.98 0.00 1 0.00 95273
18.526 0.000 0.00 6.36 -3.61 564.54 0.00 1 0.00 95373
18.528 -0.002 -0.05 6.37 -3.62 564.91 0.00 1 0.00 95474
18.528 -0.002 -0.05 6.33 -3.62 565.47 0.00 1 0.00 95574
18.528 0.000 0.00 6.33 -3.62 566.03 0.00 1 0.00 95673
18.528 -0.002 -0.05 6.32 -3.63 566.59 0.00 1 0.00 95774
18.526 -0.002 -0.05 6.29 -3.63 567.15 0.00 1 0.00 95874
18.526 -0.002 -0.05 6.30 -3.64 567.71 0.00 1 0.00 95974
18.526 0.000 0.00 6.27 -3.64 568.27 0.00 1 0.00 96073
18.528 0.000 0.00 6.26 -3.64 568.83 0.00 1 0.00 96173
18.528 0.000 0.00 6.26 -3.64 569.38 0.00 1 0.00 96273
18.528 -0.002 -0.05 6.23 -3.64 569.94 0.00 1 0.00 96374
18.528 -0.002 -0.05 6.23 -3.64 570.50 0.00 1 0.00 96474
18.526 -0.002 -0.05 6.22 -3.65 571.06 0.00 1 0.00 96574
18.526 -0.002 -0.05 6.19 -3.65 571.62 0.00 1 0.00 96674
18.528 -0.002 -0.05 6.20 -3.66 572.18 0.00 1 0.00 96774
18.529 -0.002 -0.05 6.17 -3.66 572.74 0.00 1 0.00 96874
18.529 -0.002 -0.05 6.16 -3.67 573.11 0.00 1 0.00 96974
18.528 0.000 0.00 6.16 -3.67 573.67 0.00 1 0.00 97073
18.526 0.000 0.00 6.14 -3.67 574.23 0.00 1 0.00 97173
18.526 0.000 0.00 6.13 -3.67 574.79 0.00 1 0.00 97273
18.526 0.000 0.00 6.12 -3.67 575.35 0.00 1 0.00 97373
18.528 -0.002 -0.05 6.10 -3.67 575.91 0.00 1 0.00 97474
18.528 -0.002 -0.05 6.09 -3.68 576.47 0.00 1 0.00 97574
18.528 -0.002 -0.05 6.09 -3.68 576.84 0.00 1 0.00 97674
18.528 -0.002 -0.05 6.05 -3.69 577.40 0.00 1 0.00 97774
18.526 0.000 0.00 6.06 -3.69 577.96 0.00 1 0.00 97873
18.526 -0.002 -0.05 6.04 -3.69 578.52 0.00 1 0.00 97974
18.526 -0.002 -0.05 6.03 -3.70 579.08 0.00 1 0.00 98074
18.528 0.000 0.00 6.03 -3.70 579.64 0.00 1 0.00 98173
18.528 0.000 0.00 6.01 -3.70 580.02 0.00 1 0.00 98273
18.528 0.000 0.00 5.99 -3.70 580.57 0.00 1 0.00 98373
18.526 0.000 0.00 5.99 -3.70 581.13 0.00 1 0.00 98473
18.526 0.000 0.00 5.97 -3.70 581.69 0.00 1 0.00 98573
18.528 0.000 0.00 5.96 -3.70 582.25 0.00 1 0.00 98673
18.528 0.000 0.00 5.96 -3.70 582.63 0.00 1 0.00 98773
18.528 0.000 0.00 5.93 -3.70 583.19 0.00 1 0.00 98873
18.528 0.000 0.00 5.93 -3.70 583.74 0.00 1 0.00 98973
18.528 0.000 0.00 5.92 -3.70 584.30 0.00 1 0.00 99073
18.526 -0.002 -0.05 5.90 -3.70 584.68 0.00 1 0.00 99174
18.526 0.000 0.00 5.89 -3.70 585.24 0.00 1 0.00 99273
18.528 -0.002 -0.05 5.89 -3.71 585.80 0.00 1 0.00 99374
18.528 -0.002 -0.05 5.86 -3.71 586.36 0.00 1 0.00 99474
18.528 0.000 0.00 5.86 -3.71 586.92 0.00 1 0.00 99573
18.528 0.000 0.00 5.85 -3.71 587.29 0.00 1 0.00 99673
18.528 0.000 0.00 5.82 -3.71 587.85 0.00 1 0.00 99773
18.526 0.000 0.00 5.82 -3.71 588.41 0.00 1 0.00 99873
18.528 0.000 0.00 5.82 -3.71 588.78 0.00 1 0.00 99973
18.528 -0.002 -0.05 5.79 -3.71 589.34 0.00 1 0.00 100074
18.528 -0.002 -0.05 5.79 -3.72 589.90 0.00 1 0.00 100174
18.528 -0.002 -0.05 5.77 -3.72 590.46 0.00 1 0.00 100274
18.526 -0.002 -0.05 5.75 -3.73 590.83 0.00 1 0.00 100374
18.526 -0.002 -0.05 5.75 -3.73 591.39 0.00 1 0.00 100474
18.526 -0.002 -0.05 5.74 -3.74 591.95 0.00 1 0.00 100574
18.528 -0.002 -0.05 5.72 -3.74 592.32 0.00 1 0.00 100674
18.528 0.000 0.00 5.72 -3.74 592.88 0.00 1 0.00 100773
18.528 0.000 0.00 5.70 -3.74 593.44 0.00 1 0.00 100873
18.528 0.000 0.00 5.69 -3.74 593.82 0.00 1 0.00 100973
18.526 -0.002 -0.05 5.69 -3.75 594.38 0.00 1 0.00 101074
18.526 -0.002 -0.05 5.67 -3.75 594.93 0.00 1 0.00 101174
18.526 0.000 0.00 5.65 -3.75 595.31 0.00 1 0.00 101273
18.528 0.000 0.00 5.65 -3.75 595.87 0.00 1 0.00 101373
18.528 -0.002 -0.05 5.64 -3.76 596.43 0.00 1 0.00 101474
18.528 -0.002 -0.05 5.62 -3.76 596.80 0.00 1 0.00 101574
18.526 0.000 0.00 5.62 -3.76 597.36 0.00 1 0.00 101673
18.526 -0.002 -0.05 5.61 -3.77 597.73 0.00 1 0.00 101774
18.526 -0.002 -0.05 5.58 -3.77 598.29 0.00 1 0.00 101874
18.528 -0.002 -0.05 5.58 -3.77 598.85 0.00 1 0.00 101974
18.528 -0.002 -0.05 5.58 -3.78 599.22 0.00 1 0.00 102074
18.528 -0.002 -0.05 5.55 -3.78 599.78 0.00 1 0.00 102174
18.528 -0.002 -0.05 5.55 -3.79 600.34 0.00 1 0.00 102274
18.526 -0.002 -0.05 5.55 -3.79 600.72 0.00 1 0.00 102374
18.526 0.000 0.00 5.51 -3.79 601.28 0.00 1 0.00 102473
18.526 0.000 0.00 5.52 -3.79 601.65 0.00 1 0.00 102573
18.528 -0.002 -0.05 5.51 -3.80 602.21 0.00 1 0.00 102674
18.528 0.000 0.00 5.49 -3.80 602.58 0.00 1 0.00 102773
18.528 0.000 0.00 5.48 -3.80 603.14 0.00 1 0.00 102873
18.526 0.000 0.00 5.47 -3.80 603.70 0.00 1 0.00 102973
18.526 -0.002 -0.05 5.46 -3.80 604.07 0.00 1 0.00 103074
18.528 -0.002 -0.05 5.45 -3.81 604.63 0.00 1 0.00 103174
18.528 -0.002 -0.05 5.44 -3.81 605.01 0.00 1 0.00 103274
18.528 0.000 0.00 5.42 -3.81 605.57 0.00 1 0.00 103373
18.528 -0.002 -0.05 5.41 -3.82 605.94 0.00 1 0.00 103474
18.528 -0.002 -0.05 5.41 -3.82 606.50 0.00 1 0.00 103574
18.526 -0.002 -0.05 5.40 -3.83 606.87 0.00 1 0.00 103674
18.526 -0.002 -0.05 5.37 -3.83 607.43 0.00 1 0.00 103774
18.528 0.000 0.00 5.37 -3.83 607.80 0.00 1 0.00 103873
18.528 0.000 0.00 5.36 -3.83 608.36 0.00 1 0.00 103973
18.528 0.000 0.00 5.34 -3.83 608.74 0.00 1 0.00 104073
18.526 0.000 0.00 5.34 -3.83 609.30 0.00 1 0.00 104173
18.526 0.000 0.00 5.33 -3.83 609.67 0.00 1 0.00 104273
18.526 0.000 0.00 5.30 -3.83 610.23 0.00 1 0.00 104373
18.526 -0.002 -0.05 5.31 -3.83 610.60 0.00 1 0.00 104474
18.528 -0.002 -0.05 5.30 -3.84 611.16 0.00 1 0.00 104574
18.528 -0.002 -0.05 5.28 -3.84 611.53 0.00 1 0.00 104674
18.528 0.000 0.00 5.27 -3.84 612.09 0.00 1 0.00 104773
18.526 0.000 0.00 5.27 -3.84 612.47 0.00 1 0.00 104873
18.526 0.000 0.00 5.25 -3.84 613.03 0.00 1 0.00 104973
18.526 0.000 0.00 5.23 -3.84 613.40 0.00 1 0.00 105073
18.528 0.000 0.00 5.23 -3.84 613.96 0.00 1 0.00 105173
18.528 0.000 0.00 5.22 -3.84 614.33 0.00 1 0.00 105273
18.528 0.000 0.00 5.20 -3.84 614.70 0.00 1 0.00 105373
18.526 -0.002 -0.05 5.20 -3.85 615.26 0.00 1 0.00 105474
18.526 -0.002 -0.05 5.19 -3.85 615.64 0.00 1 0.00 105574
18.526 -0.002 -0.05 5.16 -3.86 616.20 0.00 1 0.00 105674
18.526 0.000 0.00 5.17 -3.86 616.57 0.00 1 0.00 105773
18.528 0.000 0.00 5.16 -3.86 617.13 0.00 1 0.00 105873
18.528 -0.002 -0.05 5.14 -3.86 617.50 0.00 1 0.00 105974
18.528 -0.002 -0.05 5.13 -3.87 617.87 0.00 1 0.00 106074
18.526 0.000 0.00 5.13 -3.87 618.43 0.00 1 0.00 106173
18.526 0.000 0.00 5.12 -3.87 618.81 0.00 1 0.00 106273
18.526 0.000 0.00 5.10 -3.87 619.37 0.00 1 0.00 106373
18.528 0.000 0.00 5.10 -3.87 619.74 0.00 1 0.00 106473
18.528 0.000 0.00 5.09 -3.87 620.11 0.00 1 0.00 106573
18.526 0.000 0.00 5.05 -3.87 620.67 0.00 1 0.00 106673
18.526 0.000 0.00 5.06 -3.87 621.04 0.00 1 0.00 106773
18.526 -0.002 -0.05 5.06 -3.87 621.42 0.00 1 0.00 106874
18.526 0.000 0.00 5.04 -3.87 621.98 0.00 1 0.00 106973
18.526 0.000 0.00 5.03 -3.87 622.35 0.00 1 0.00 107073
18.528 0.000 0.00 5.02 -3.87 622.72 0.00 1 0.00 107173
18.528 0.000 0.00 5.01 -3.87 623.28 0.00 1 0.00 107273
18.526 0.000 0.00 4.99 -3.87 623.66 0.00 1 0.00 107373
18.526 0.000 0.00 4.99 -3.87 624.03 0.00 1 0.00 107473
18.526 -0.002 -0.05 4.98 -3.88 624.59 0.00 1 0.00 107574
18.526 0.000 0.00 4.96 -3.88 624.96 0.00 1 0.00 107673
18.526 0.000 0.00 4.95 -3.88 625.33 0.00 1 0.00 107773
18.528 0.000 0.00 4.95 -3.88 625.89 0.00 1 0.00 107873
18.526 -0.002 -0.05 4.94 -3.88 626.27 0.00 1 0.00 107974
18.526 0.000 0.00 4.92 -3.88 626.64 0.00 1 0.00 108073
18.526 0.000 0.00 4.92 -3.88 627.20 0.00 1 0.00 108173
18.526 0.000 0.00 4.91 -3.88 627.57 0.00 1 0.00 108273
18.528 -0.002 -0.05 4.89 -3.89 627.95 0.00 1 0.00 108374
18.528 -0.002 -0.05 4.88 -3.89 628.51 0.00 1 0.00 108474
18.528 0.000 0.00 4.88 -3.89 628.88 0.00 1 0.00 108573
18.526 0.000 0.00 4.86 -3.89 629.25 0.00 1 0.00 108673
18.525 0.000 0.00 4.85 -3.89 629.62 0.00 1 0.00 108773
18.525 0.000 0.00 4.84 -3.89 630.18 0.00 1 0.00 108873
18.526 -0.002 -0.05 4.84 -3.89 630.56 0.00 1 0.00 108974
18.528 0.000 0.00 4.82 -3.89 630.93 0.00 1 0.00 109073
18.528 0.000 0.00 4.81 -3.89 631.30 0.00 1 0.00 109173
18.528 0.000 0.00 4.81 -3.89 631.86 0.00 1 0.00 109273
18.526 0.000 0.00 4.79 -3.89 632.23 0.00 1 0.00 109373
18.526 0.000 0.00 4.77 -3.89 632.61 0.00 1 0.00 109473
18.526 0.000 0.00 4.77 -3.89 632.98 0.00 1 0.00 109573
18.528 0.000 0.00 4.77 -3.89 633.54 0.00 1 0.00 109673
18.528 -0.002 -0.05 4.75 -3.90 633.91 0.00 1 0.00 109774
18.528 -0.002 -0.05 4.74 -3.90 634.29 0.00 1 0.00 109874
18.526 0.000 0.00 4.74 -3.90 634.66 0.00 1 0.00 109973
18.525 -0.002 -0.05 4.74 -3.91 635.03 0.00 1 0.00 110074
18.526 0.000 0.00 4.71 -3.91 635.59 0.00 1 0.00 110173
18.526 0.000 0.00 4.70 -3.91 635.96 0.00 1 0.00 110273
18.528 0.000 0.00 4.69 -3.91 636.34 0.00 1 0.00 110373
18.528 -0.002 -0.05 4.68 -3.91 636.71 0.00 1 0.00 110474
18.528 -0.002 -0.05 4.66 -3.92 637.08 0.00 1 0.00 110574
18.526 -0.002 -0.05 4.66 -3.92 637.64 0.00 1 0.00 110674
18.525 -0.002 -0.05 4.66 -3.93 638.02 0.00 1 0.00 110774
18.526 -0.002 -0.05 4.64 -3.93 638.39 0.00 1 0.00 110874
18.526 -0.002 -0.05 4.63 -3.94 638.76 0.00 1 0.00 110974
18.528 0.000 0.00 4.63 -3.94 639.14 0.00 1 0.00 111073
18.526 0.000 0.00 4.62 -3.94 639.51 0.00 1 0.00 111173
18.526 0.000 0.00 4.59 -3.94 640.07 0.00 1 0.00 111273
18.525 -0.002 -0.05 4.59 -3.94 640.44 0.00 1 0.00 111374
18.526 0.000 0.00 4.59 -3.94 640.81 0.00 1 0.00 111473
18.528 -0.002 -0.05 4.57 -3.95 641.19 0.00 1 0.00 111574
18.528 -0.002 -0.05 4.56 -3.95 641.56 0.00 1 0.00 111674
18.528 -0.002 -0.05 4.56 -3.96 641.93 0.00 1 0.00 111774
18.526 0.000 0.00 4.55 -3.96 642.31 0.00 1 0.00 111873
18.526 0.000 0.00 4.52 -3.96 642.87 0.00 1 0.00 111973
18.525 0.000 0.00 4.52 -3.96 643.24 0.00 1 0.00 112073
18.526 0.000 0.00 4.52 -3.96 643.61 0.00 1 0.00 112173
18.528 -0.002 -0.05 4.51 -3.96 643.98 0.00 1 0.00 112274
18.528 -0.002 -0.05 4.49 -3.96 644.36 0.00 1 0.00 112374
18.526 -0.002 -0.05 4.48 -3.97 644.73 0.00 1 0.00 112474
18.525 0.000 0.00 4.48 -3.97 645.10 0.00 1 0.00 112573
18.525 0.000 0.00 4.47 -3.97 645.48 0.00 1 0.00 112673
18.526 0.000 0.00 4.45 -3.97 645.85 0.00 1 0.00 112773
18.528 0.000 0.00 4.44 -3.97 646.22 0.00 1 0.00 112873
18.528 0.000 0.00 4.44 -3.97 646.78 0.00 1 0.00 112973
18.528 0.000 0.00 4.43 -3.97 647.15 0.00 1 0.00 113073
18.526 -0.002 -0.05 4.41 -3.97 647.53 0.00 1 0.00 113174
18.525 0.000 0.00 4.41 -3.97 647.90 0.00 1 0.00 113273
18.525 0.000 0.00 4.40 -3.97 648.27 0.00 1 0.00 113373
18.526 0.000 0.00 4.39 -3.97 648.65 0.00 1 0.00 113473
18.528 0.000 0.00 4.37 -3.97 649.02 0.00 1 0.00 113573
18.526 -0.002 -0.05 4.37 -3.98 649.39 0.00 1 0.00 113674
18.526 -0.002 -0.05 4.37 -3.98 649.77 0.00 1 0.00 113774
18.525 -0.002 -0.05 4.35 -3.99 650.14 0.00 1 0.00 113874
18.525 0.000 0.00 4.33 -3.99 650.51 0.00 1 0.00 113973
18.525 0.000 0.00 4.33 -3.99 650.89 0.00 1 0.00 114073
18.526 0.000 0.00 4.33 -3.99 651.26 0.00 1 0.00 114173
18.528 -0.002 -0.05 4.31 -3.99 651.63 0.00 1 0.00 114274
18.526 -0.002 -0.05 4.29 -4.00 652.00 0.00 1 0.00 114374
18.526 -0.002 -0.05 4.29 -4.00 652.38 0.00 1 0.00 114474
18.525 -0.002 -0.05 4.29 -4.01 652.75 0.00 1 0.00 114574
18.526 0.000 0.00 4.28 -4.01 653.12 0.00 1 0.00 114673
18.526 0.000 0.00 4.26 -4.01 653.50 0.00 1 0.00 114773
18.528 0.000 0.00 4.26 -4.01 653.87 0.00 1 0.00 114873
18.526 0.000 0.00 4.25 -4.01 654.24 0.00 1 0.00 114973
18.525 0.000 0.00 4.24 -4.01 654.61 0.00 1 0.00 115073
18.525 0.000 0.00 4.21 -4.01 654.99 0.00 1 0.00 115173
18.525 0.000 0.00 4.22 -4.01 655.36 0.00 1 0.00 115273
18.526 0.000 0.00 4.21 -4.01 655.73 0.00 1 0.00 115373
18.526 0.000 0.00 4.20 -4.01 656.11 0.00 1 0.00 115473
18.528 0.000 0.00 4.18 -4.01 656.48 0.00 1 0.00 115573
18.526 -0.002 -0.05 4.18 -4.01 656.85 0.00 1 0.00 115674
18.525 0.000 0.00 4.18 -4.01 657.23 0.00 1 0.00 115773
18.525 0.000 0.00 4.16 -4.01 657.60 0.00 1 0.00 115873
18.525 -0.002 -0.05 4.14 -4.02 657.97 0.00 1 0.00 115974
18.526 0.000 0.00 4.14 -4.02 658.34 0.00 1 0.00 116073
18.526 0.000 0.00 4.14 -4.02 658.72 0.00 1 0.00 116173
18.526 -0.002 -0.05 4.13 -4.02 658.90 0.00 1 0.00 116274
18.525 0.000 0.00 4.11 -4.02 659.28 0.00 1 0.00 116373
18.525 0.000 0.00 4.10 -4.02 659.65 0.00 1 0.00 116473
18.525 0.000 0.00 4.10 -4.02 660.02 0.00 1 0.00 116573
18.526 0.000 0.00 4.09 -4.02 660.40 0.00 1 0.00 116673
18.526 -0.002 -0.05 4.08 -4.02 660.77 0.00 1 0.00 116774
18.526 -0.002 -0.05 4.06 -4.03 661.14 0.00 1 0.00 116874
18.526 0.000 0.00 4.06 -4.03 661.52 0.00 1 0.00 116973
18.525 -0.002 -0.05 4.05 -4.03 661.89 0.00 1 0.00 117074
18.525 -0.002 -0.05 4.04 -4.04 662.26 0.00 1 0.00 117174
18.525 -0.002 -0.05 4.02 -4.04 662.63 0.00 1 0.00 117274
18.526 0.000 0.00 4.03 -4.04 662.82 0.00 1 0.00 117373
18.526 0.000 0.00 4.02 -4.04 663.19 0.00 1 0.00 117473
18.526 0.000 0.00 4.01 -4.04 663.57 0.00 1 0.00 117573
18.525 0.000 0.00 3.99 -4.04 663.94 0.00 1 0.00 117673
18.525 0.000 0.00 3.99 -4.04 664.31 0.00 1 0.00 117773
18.525 -0.002 -0.05 3.98 -4.05 664.69 0.00 1 0.00 117874
18.526 -0.002 -0.05 3.96 -4.05 665.06 0.00 1 0.00 117974
18.526 0.000 0.00 3.95 -4.05 665.25 0.00 1 0.00 118073
18.526 0.000 0.00 3.95 -4.05 665.62 0.00 1 0.00 118173
18.526 0.000 0.00 3.94 -4.05 665.99 0.00 1 0.00 118273
18.525 0.000 0.00 3.94 -4.05 666.36 0.00 1 0.00 118373
18.525 0.000 0.00 3.91 -4.05 666.74 0.00 1 0.00 118473
18.525 0.000 0.00 3.91 -4.05 667.11 0.00 1 0.00 118573
18.526 0.000 0.00 3.91 -4.05 667.30 0.00 1 0.00 118673
18.526 -0.002 -0.05 3.90 -4.06 667.67 0.00 1 0.00 118774
18.525 0.000 0.00 3.89 -4.06 668.04 0.00 1 0.00 118873
18.525 0.000 0.00 3.87 -4.06 668.42 0.00 1 0.00 118973
18.525 0.000 0.00 3.87 -4.06 668.79 0.00 1 0.00 119073
18.525 0.000 0.00 3.86 -4.06 669.16 0.00 1 0.00 119173
18.525 0.000 0.00 3.86 -4.06 669.35 0.00 1 0.00 119273
18.526 -0.002 -0.05 3.84 -4.06 669.72 0.00 1 0.00 119374
18.526 -0.002 -0.05 3.83 -4.07 670.09 0.00 1 0.00 119474
18.525 -0.002 -0.05 3.82 -4.07 670.47 0.00 1 0.00 119574
18.525 -0.002 -0.05 3.82 -4.08 670.65 0.00 1 0.00 119674
18.525 0.000 0.00 3.81 -4.08 671.03 0.00 1 0.00 119773
18.526 0.000 0.00 3.78 -4.08 671.40 0.00 1 0.00 119873
18.526 0.000 0.00 3.79 -4.08 671.77 0.00 1 0.00 119973
18.526 0.000 0.00 3.78 -4.08 672.15 0.00 1 0.00 120073
18.525 0.000 0.00 3.78 -4.08 672.33 0.00 1 0.00 120173
18.525 0.000 0.00 3.76 -4.08 672.71 0.00 1 0.00 120273
18.525 0.000 0.00 3.75 -4.08 673.08 0.00 1 0.00 120373
18.525 0.000 0.00 3.74 -4.08 673.45 0.00 1 0.00 120473
18.526 0.000 0.00 3.74 -4.08 673.64 0.00 1 0.00 120573
18.526 0.000 0.00 3.73 -4.08 674.01 0.00 1 0.00 120673
18.526 -0.002 -0.05 3.70 -4.08 674.38 0.00 1 0.00 120774
18.525 0.000 0.00 3.70 -4.08 674.76 0.00 1 0.00 120873
18.525 0.000 0.00 3.70 -4.08 674.94 0.00 1 0.00 120973
18.525 0.000 0.00 3.69 -4.08 675.32 0.00 1 0.00 121073
18.526 0.000 0.00 3.68 -4.08 675.69 0.00 1 0.00 121173
18.526 0.000 0.00 3.66 -4.08 675.88 0.00 1 0.00 121273
18.526 0.000 0.00 3.67 -4.08 676.25 0.00 1 0.00 121373
18.526 0.000 0.00 3.66 -4.08 676.62 0.00 1 0.00 121473
18.525 0.000 0.00 3.65 -4.08 676.81 0.00 1 0.00 121573
18.525 0.000 0.00 3.63 -4.08 677.18 0.00 1 0.00 121673
18.525 0.000 0.00 3.62 -4.08 677.55 0.00 1 0.00 121773
18.526 -0.002 -0.05 3.62 -4.08 677.93 0.00 1 0.00 121874
18.526 0.000 0.00 3.62 -4.08 678.11 0.00 1 0.00 121973
18.526 0.000 0.00 3.60 -4.08 678.49 0.00 1 0.00 122073
18.525 -0.002 -0.05 3.58 -4.09 678.86 0.00 1 0.00 122174
18.525 0.000 0.00 3.58 -4.09 679.05 0.00 1 0.00 122273
18.526 0.000 0.00 3.58 -4.09 679.42 0.00 1 0.00 122373
18.526 0.000 0.00 3.57 -4.09 679.79 0.00 1 0.00 122473
18.526 -0.002 -0.05 3.56 -4.09 679.98 0.00 1 0.00 122574
18.526 0.000 0.00 3.54 -4.09 680.35 0.00 1 0.00 122673
18.526 0.000 0.00 3.54 -4.09 680.72 0.00 1 0.00 122773
18.525 0.000 0.00 3.53 -4.09 680.91 0.00 1 0.00 122873
18.525 0.000 0.00 3.52 -4.09 681.28 0.00 1 0.00 122973
18.526 -0.002 -0.05 3.51 -4.10 681.66 0.00 1 0.00 123074
18.526 -0.002 -0.05 3.50 -4.10 681.84 0.00 1 0.00 123174
18.526 0.000 0.00 3.50 -4.10 682.22 0.00 1 0.00 123273
18.525 0.000 0.00 3.49 -4.10 682.40 0.00 1 0.00 123373
18.525 0.000 0.00 3.48 -4.10 682.78 0.00 1 0.00 123473
18.525 0.000 0.00 3.46 -4.10 683.15 0.00 1 0.00 123573
18.525 0.000 0.00 3.45 -4.10 683.34 0.00 1 0.00 123673
18.526 0.000 0.00 3.45 -4.10 683.71 0.00 1 0.00 123773
18.526 0.000 0.00 3.45 -4.10 684.08 0.00 1 0.00 123873
18.526 0.000 0.00 3.44 -4.10 684.27 0.00 1 0.00 123973
18.525 0.000 0.00 3.42 -4.10 684.64 0.00 1 0.00 124073
18.525 0.000 0.00 3.41 -4.10 684.83 0.00 1 0.00 124173
18.525 0.000 0.00 3.41 -4.10 685.20 0.00 1 0.00 124273
18.526 0.000 0.00 3.40 -4.10 685.39 0.00 1 0.00 124373
18.526 0.000 0.00 3.40 -4.10 685.76 0.00 1 0.00 124473
18.526 0.000 0.00 3.38 -4.10 686.13 0.00 1 0.00 124573
18.525 0.000 0.00 3.37 -4.10 686.32 0.00 1 0.00 124673
18.525 -0.002 -0.05 3.37 -4.11 686.69 0.00 1 0.00 124774
18.525 -0.002 -0.05 3.36 -4.11 686.88 0.00 1 0.00 124874
18.525 0.000 0.00 3.35 -4.11 687.25 0.00 1 0.00 124973
18.526 0.000 0.00 3.34 -4.11 687.44 0.00 1 0.00 125073
18.526 0.000 0.00 3.32 -4.11 687.81 0.00 1 0.00 125173
18.526 0.000 0.00 3.32 -4.11 688.18 0.00 1 0.00 125273
18.525 0.000 0.00 3.32 -4.11 688.37 0.00 1 0.00 125373
18.525 0.000 0.00 3.31 -4.11 688.74 0.00 1 0.00 125473
18.525 0.000 0.00 3.30 -4.11 688.93 0.00 1 0.00 125573
18.526 0.000 0.00 3.28 -4.11 689.30 0.00 1 0.00 125673
18.526 0.000 0.00 3.28 -4.11 689.49 0.00 1 0.00 125773
18.525 0.000 0.00 3.27 -4.11 689.86 0.00 1 0.00 125873
18.525 0.000 0.00 3.27 -4.11 690.05 0.00 1 0.00 125973
18.525 0.000 0.00 3.25 -4.11 690.42 0.00 1 0.00 126073
18.525 0.000 0.00 3.25 -4.11 690.61 0.00 1 0.00 126173
18.525 0.000 0.00 3.24 -4.11 690.98 0.00 1 0.00 126273
18.526 -0.002 -0.05 3.23 -4.12 691.17 0.00 1 0.00 126374
18.526 0.000 0.00 3.22 -4.12 691.54 0.00 1 0.00 126473
18.525 0.000 0.00 3.22 -4.12 691.73 0.00 1 0.00 126573
18.525 0.000 0.00 3.20 -4.12 692.10 0.00 1 0.00 126673
18.525 0.000 0.00 3.19 -4.12 692.29 0.00 1 0.00 126773
18.525 -0.002 -0.05 3.19 -4.12 692.66 0.00 1 0.00 126874
18.525 -0.002 -0.05 3.18 -4.13 692.85 0.00 1 0.00 126974
18.526 -0.002 -0.05 3.17 -4.13 693.22 0.00 1 0.00 127074
18.525 0.000 0.00 3.16 -4.13 693.41 0.00 1 0.00 127173
18.525 0.000 0.00 3.15 -4.13 693.78 0.00 1 0.00 127273
18.525 0.000 0.00 3.14 -4.13 693.97 0.00 1 0.00 127373
18.525 0.000 0.00 3.14 -4.13 694.34 0.00 1 0.00 127473
18.526 -0.002 -0.05 3.14 -4.14 694.53 0.00 1 0.00 127574
18.526 -0.002 -0.05 3.12 -4.14 694.90 0.00 1 0.00 127674
18.526 -0.002 -0.05 3.11 -4.15 695.09 0.00 1 0.00 127774
18.525 0.000 0.00 3.10 -4.15 695.46 0.00 1 0.00 127873
18.525 0.000 0.00 3.10 -4.15 695.65 0.00 1 0.00 127973
18.525 0.000 0.00 3.09 -4.15 695.83 0.00 1 0.00 128073
18.525 0.000 0.00 3.08 -4.15 696.20 0.00 1 0.00 128173
18.526 -0.002 -0.05 3.07 -4.15 696.39 0.00 1 0.00 128274
18.526 -0.002 -0.05 3.05 -4.15 696.76 0.00 1 0.00 128374
18.525 -0.002 -0.05 3.05 -4.16 696.95 0.00 1 0.00 128474
18.525 0.000 0.00 3.04 -4.16 697.32 0.00 1 0.00 128573
18.525 -0.002 -0.05 3.04 -4.16 697.51 0.00 1 0.00 128674
18.525 -0.002 -0.05 3.03 -4.17 697.70 0.00 1 0.00 128774
18.525 0.000 0.00 3.01 -4.17 698.07 0.00 1 0.00 128873
18.526 -0.002 -0.05 3.00 -4.17 698.26 0.00 1 0.00 128974
18.526 -0.002 -0.05 3.00 -4.18 698.63 0.00 1 0.00 129074
18.525 0.000 0.00 3.00 -4.18 698.82 0.00 1 0.00 129173
18.525 0.000 0.00 2.99 -4.18 699.00 0.00 1 0.00 129273
18.525 0.000 0.00 2.98 -4.18 699.38 0.00 1 0.00 129373
18.525 0.000 0.00 2.97 -4.18 699.56 0.00 1 0.00 129473
18.526 0.000 0.00 2.95 -4.18 699.93 0.00 1 0.00 129573
18.525 0.000 0.00 2.96 -4.18 700.12 0.00 1 0.00 129673
18.525 0.000 0.00 2.95 -4.18 700.31 0.00 1 0.00 129773
18.525 0.000 0.00 2.94 -4.18 700.68 0.00 1 0.00 129873
18.525 0.000 0.00 2.93 -4.18 700.87 0.00 1 0.00 129973
18.525 0.000 0.00 2.92 -4.18 701.05 0.00 1 0.00 130073
18.525 0.000 0.00 2.91 -4.18 701.43 0.00 1 0.00 130173
18.526 0.000 0.00 2.90 -4.18 701.61 0.00 1 0.00 130273
18.525 -0.002 -0.05 2.90 -4.18 701.80 0.00 1 0.00 130374
18.525 -0.002 -0.05 2.89 -4.19 702.17 0.00 1 0.00 130474
18.524 0.000 0.00 2.88 -4.19 702.36 0.00 1 0.00 130573
18.525 -0.002 -0.05 2.87 -4.19 702.55 0.00 1 0.00 130674
18.526 0.000 0.00 2.86 -4.19 702.92 0.00 1 0.00 130773
18.526 0.000 0.00 2.86 -4.19 703.10 0.00 1 0.00 130873
18.526 -0.002 -0.05 2.85 -4.20 703.29 0.00 1 0.00 130974
18.525 0.000 0.00 2.84 -4.20 703.66 0.00 1 0.00 131073
18.525 0.000 0.00 2.83 -4.20 703.85 0.00 1 0.00 131173
18.524 -0.002 -0.05 2.82 -4.20 704.04 0.00 1 0.00 131274
18.525 0.000 0.00 2.81 -4.20 704.41 0.00 1 0.00 131373
18.526 0.000 0.00 2.80 -4.20 704.60 0.00 1 0.00 131473
18.526 0.000 0.00 2.80 -4.20 704.78 0.00 1 0.00 131573
18.525 -0.002 -0.05 2.79 -4.21 705.16 0.00 1 0.00 131674
18.524 0.000 0.00 2.78 -4.21 705.34 0.00 1 0.00 131773
18.524 0.000 0.00 2.77 -4.21 705.53 0.00 1 0.00 131873
18.524 0.000 0.00 2.76 -4.21 705.72 0.00 1 0.00 131973
18.525 0.000 0.00 2.75 -4.21 706.09 0.00 1 0.00 132073
18.526 0.000 0.00 2.75 -4.21 706.28 0.00 1 0.00 132173
18.526 0.000 0.00 2.74 -4.21 706.46 0.00 1 0.00 132273
18.525 -0.002 -0.05 2.73 -4.21 706.84 0.00 1 0.00 132374
18.524 0.000 0.00 2.72 -4.21 707.02 0.00 1 0.00 132473
18.524 0.000 0.00 2.71 -4.21 707.21 0.00 1 0.00 132573
18.525 0.000 0.00 2.71 -4.21 707.39 0.00 1 0.00 132673
18.526 0.000 0.00 2.70 -4.21 707.77 0.00 1 0.00 132773
18.526 0.000 0.00 2.69 -4.21 707.95 0.00 1 0.00 132873
18.525 0.000 0.00 2.68 -4.21 708.14 0.00 1 0.00 132973
18.524 0.000 0.00 2.67 -4.21 708.33 0.00 1 0.00 133073
18.525 0.000 0.00 2.65 -4.21 708.70 0.00 1 0.00 133173
18.525 0.000 0.00 2.66 -4.21 708.89 0.00 1 0.00 133273
18.525 0.000 0.00 2.65 -4.21 709.07 0.00 1 0.00 133373
18.526 0.000 0.00 2.64 -4.21 709.26 0.00 1 0.00 133473
18.526 0.000 0.00 2.64 -4.21 709.45 0.00 1 0.00 133573
18.525 0.000 0.00 2.62 -4.21 709.82 0.00 1 0.00 133673
18.524 -0.002 -0.05 2.61 -4.21 710.01 0.00 1 0.00 133774
18.525 -0.002 -0.05 2.60 -4.22 710.19 0.00 1 0.00 133874
18.525 -0.002 -0.05 2.60 -4.22 710.38 0.00 1 0.00 133974
18.525 0.000 0.00 2.59 -4.22 710.75 0.00 1 0.00 134073
18.525 0.000 0.00 2.58 -4.22 710.94 0.00 1 0.00 134173
18.525 0.000 0.00 2.58 -4.22 711.12 0.00 1 0.00 134273
18.524 0.000 0.00 2.57 -4.22 711.31 0.00 1 0.00 134373
18.524 0.000 0.00 2.56 -4.22 711.50 0.00 1 0.00 134473
18.525 0.000 0.00 2.54 -4.22 711.87 0.00 1 0.00 134573
18.525 0.000 0.00 2.54 -4.22 712.06 0.00 1 0.00 134673
18.525 0.000 0.00 2.54 -4.22 712.24 0.00 1 0.00 134773
18.525 0.000 0.00 2.53 -4.22 712.43 0.00 1 0.00 134873
18.525 0.000 0.00 2.52 -4.22 712.62 0.00 1 0.00 134973
18.524 0.000 0.00 2.51 -4.22 712.80 0.00 1 0.00 135073
18.525 -0.002 -0.05 2.49 -4.23 713.18 0.00 1 0.00 135174
18.525 0.000 0.00 2.49 -4.23 713.36 0.00 1 0.00 135273
18.525 0.000 0.00 2.49 -4.23 713.55 0.00 1 0.00 135373
18.525 0.000 0.00 2.48 -4.23 713.74 0.00 1 0.00 135473
18.524 0.000 0.00 2.47 -4.23 713.92 0.00 1 0.00 135573
18.524 0.000 0.00 2.46 -4.23 714.11 0.00 1 0.00 135673
18.524 0.000 0.00 2.46 -4.23 714.29 0.00 1 0.00 135773
18.525 0.000 0.00 2.44 -4.23 714.67 0.00 1 0.00 135873
18.525 0.000 0.00 2.43 -4.23 714.85 0.00 1 0.00 135973
18.525 0.000 0.00 2.43 -4.23 715.04 0.00 1 0.00 136073
18.525 0.000 0.00 2.42 -4.23 715.23 0.00 1 0.00 136173
18.524 0.000 0.00 2.42 -4.23 715.41 0.00 1 0.00 136273
18.524 0.000 0.00 2.41 -4.23 715.60 0.00 1 0.00 136373
18.524 0.000 0.00 2.40 -4.23 715.79 0.00 1 0.00 136473
18.525 0.000 0.00 2.39 -4.23 715.97 0.00 1 0.00 136573
18.525 0.000 0.00 2.38 -4.23 716.35 0.00 1 0.00 136673
18.525 0.000 0.00 2.37 -4.23 716.53 0.00 1 0.00 136773
18.524 0.000 0.00 2.36 -4.23 716.72 0.00 1 0.00 136873
18.524 0.000 0.00 2.36 -4.23 716.91 0.00 1 0.00 136973
18.524 0.000 0.00 2.35 -4.23 717.09 0.00 1 0.00 137073
18.525 0.000 0.00 2.34 -4.23 717.28 0.00 1 0.00 137173
18.525 0.000 0.00 2.33 -4.23 717.47 0.00 1 0.00 137273
18.525 0.000 0.00 2.32 -4.23 717.65 0.00 1 0.00 137373
18.525 0.000 0.00 2.32 -4.23 717.84 0.00 1 0.00 137473
18.524 -0.002 -0.05 2.31 -4.23 718.02 0.00 1 0.00 137574
18.524 0.000 0.00 2.30 -4.23 718.21 0.00 1 0.00 137673
18.524 0.000 0.00 2.30 -4.23 718.40 0.00 1 0.00 137773
18.525 0.000 0.00 2.29 -4.23 718.58 0.00 1 0.00 137873
18.525 0.000 0.00 2.27 -4.23 718.96 0.00 1 0.00 137973
18.524 0.000 0.00 2.26 -4.23 719.14 0.00 1 0.00 138073
18.524 0.000 0.00 2.26 -4.23 719.33 0.00 1 0.00 138173
18.524 0.000 0.00 2.25 -4.23 719.52 0.00 1 0.00 138273
18.525 0.000 0.00 2.24 -4.23 719.70 0.00 1 0.00 138373
18.525 0.000 0.00 2.23 -4.23 719.89 0.00 1 0.00 138473
18.525 0.000 0.00 2.23 -4.23 720.08 0.00 1 0.00 138573
18.525 0.000 0.00 2.21 -4.23 720.26 0.00 1 0.00 138673
18.524 -0.002 -0.05 2.20 -4.24 720.45 0.00 1 0.00 138774
18.524 -0.002 -0.05 2.20 -4.24 720.64 0.00 1 0.00 138874
18.524 0.000 0.00 2.19 -4.24 720.82 0.00 1 0.00 138973
18.525 0.000 0.00 2.19 -4.24 721.01 0.00 1 0.00 139073
18.525 0.000 0.00 2.18 -4.24 721.20 0.00 1 0.00 139173
18.525 0.000 0.00 2.17 -4.24 721.38 0.00 1 0.00 139273
18.525 0.000 0.00 2.16 -4.24 721.57 0.00 1 0.00 139373
18.524 0.000 0.00 2.15 -4.24 721.76 0.00 1 0.00 139473
18.524 0.000 0.00 2.14 -4.24 721.94 0.00 1 0.00 139573
18.525 0.000 0.00 2.13 -4.24 722.13 0.00 1 0.00 139673
18.525 0.000 0.00 2.13 -4.24 722.31 0.00 1 0.00 139773
18.525 0.000 0.00 2.12 -4.24 722.50 0.00 1 0.00 139873
18.525 -0.002 -0.05 2.11 -4.25 722.69 0.00 1 0.00 139974
18.524 0.000 0.00 2.11 -4.25 722.87 0.00 1 0.00 140073
18.524 0.000 0.00 2.10 -4.25 723.06 0.00 1 0.00 140173
18.524 0.000 0.00 2.09 -4.25 723.25 0.00 1 0.00 140273
18.525 0.000 0.00 2.08 -4.25 723.43 0.00 1 0.00 140373
18.525 0.000 0.00 2.07 -4.25 723.62 0.00 1 0.00 140473
18.525 0.000 0.00 2.06 -4.25 723.81 0.00 1 0.00 140573
18.524 0.000 0.00 2.06 -4.25 723.99 0.00 1 0.00 140673
18.524 -0.002 -0.05 2.05 -4.25 724.18 0.00 1 0.00 140774
18.524 0.000 0.00 2.05 -4.25 724.18 0.00 1 0.00 140873
18.524 0.000 0.00 2.04 -4.25 724.37 0.00 1 0.00 140973
18.525 0.000 0.00 2.03 -4.25 724.55 0.00 1 0.00 141073
18.525 0.000 0.00 2.02 -4.25 724.74 0.00 1 0.00 141173
18.525 0.000 0.00 2.01 -4.25 724.93 0.00 1 0.00 141273
18.524 -0.002 -0.05 2.00 -4.26 725.11 0.00 1 0.00 141374
18.524 0.000 0.00 1.99 -4.26 725.30 0.00 1 0.00 141473
18.525 0.000 0.00 1.99 -4.26 725.48 0.00 1 0.00 141573
18.525 0.000 0.00 1.98 -4.26 725.67 0.00 1 0.00 141673
18.525 -0.002 -0.05 1.97 -4.26 725.86 0.00 1 0.00 141774
18.525 0.000 0.00 1.96 -4.26 726.04 0.00 1 0.00 141873
18.525 0.000 0.00 1.95 -4.26 726.23 0.00 1 0.00 141973
18.524 0.000 0.00 1.95 -4.26 726.23 0.00 1 0.00 142073
18.524 0.000 0.00 1.94 -4.26 726.42 0.00 1 0.00 142173
18.525 0.000 0.00 1.93 -4.26 726.60 0.00 1 0.00 142273
18.525 0.000 0.00 1.92 -4.26 726.79 0.00 1 0.00 142373
18.525 0.000 0.00 1.91 -4.26 726.98 0.00 1 0.00 142473
18.524 0.000 0.00 1.91 -4.26 727.16 0.00 1 0.00 142573
18.524 0.000 0.00 1.90 -4.26 727.35 0.00 1 0.00 142673
18.524 0.000 0.00 1.89 -4.26 727.54 0.00 1 0.00 142773
18.524 0.000 0.00 1.89 -4.26 727.54 0.00 1 0.00 142873
18.525 0.000 0.00 1.87 -4.26 727.72 0.00 1 0.00 142973
18.525 0.000 0.00 1.87 -4.26 727.91 0.00 1 0.00 143073
18.525 0.000 0.00 1.85 -4.26 728.10 0.00 1 0.00 143173
18.524 -0.002 -0.05 1.85 -4.27 728.28 0.00 1 0.00 143274
18.524 -0.002 -0.05 1.84 -4.27 728.47 0.00 1 0.00 143374
18.524 0.000 0.00 1.83 -4.27 728.66 0.00 1 0.00 143473
18.525 0.000 0.00 1.83 -4.27 728.66 0.00 1 0.00 143573
18.525 0.000 0.00 1.82 -4.27 728.84 0.00 1 0.00 143673
18.525 0.000 0.00 1.81 -4.27 729.03 0.00 1 0.00 143773
18.524 -0.002 -0.05 1.80 -4.27 729.21 0.00 1 0.00 143874
18.524 0.000 0.00 1.79 -4.27 729.40 0.00 1 0.00 143973
18.524 0.000 0.00 1.78 -4.27 729.59 0.00 1 0.00 144073
18.524 0.000 0.00 1.78 -4.27 729.59 0.00 1 0.00 144173
18.525 0.000 0.00 1.77 -4.27 729.77 0.00 1 0.00 144273
18.525 -0.002 -0.05 1.76 -4.28 729.96 0.00 1 0.00 144374
18.525 -0.002 -0.05 1.75 -4.28 730.15 0.00 1 0.00 144474
18.524 0.000 0.00 1.74 -4.28 730.33 0.00 1 0.00 144573
18.524 0.000 0.00 1.74 -4.28 730.33 0.00 1 0.00 144673
18.524 0.000 0.00 1.73 -4.28 730.52 0.00 1 0.00 144773
18.525 0.000 0.00 1.72 -4.28 730.71 0.00 1 0.00 144873
18.525 -0.002 -0.05 1.70 -4.29 730.89 0.00 1 0.00 144974
18.524 0.000 0.00 1.70 -4.29 731.08 0.00 1 0.00 145073
18.524 0.000 0.00 1.70 -4.29 731.08 0.00 1 0.00 145173
18.524 0.000 0.00 1.69 -4.29 731.27 0.00 1 0.00 145273
18.524 0.000 0.00 1.68 -4.29 731.45 0.00 1 0.00 145373
18.524 0.000 0.00 1.67 -4.29 731.64 0.00 1 0.00 145473
18.525 0.000 0.00 1.67 -4.29 731.64 0.00 1 0.00 145573
18.525 -0.002 -0.05 1.66 -4.29 731.83 0.00 1 0.00 145674
18.524 0.000 0.00 1.64 -4.29 732.01 0.00 1 0.00 145773
18.524 0.000 0.00 1.63 -4.29 732.20 0.00 1 0.00 145873
18.522 0.000 0.00 1.63 -4.29 732.20 0.00 1 0.00 145973
18.524 -0.002 -0.05 1.62 -4.30 732.39 0.00 1 0.00 146074
18.524 -0.002 -0.05 1.61 -4.30 732.57 0.00 1 0.00 146174
18.525 0.000 0.00 1.60 -4.30 732.76 0.00 1 0.00 146273
18.524 0.000 0.00 1.60 -4.30 732.76 0.00 1 0.00 146373
18.524 0.000 0.00 1.59 -4.30 732.95 0.00 1 0.00 146473
18.524 0.000 0.00 1.58 -4.30 733.13 0.00 1 0.00 146573
18.524 0.000 0.00 1.57 -4.30 733.32 0.00 1 0.00 146673
18.525 0.000 0.00 1.57 -4.30 733.32 0.00 1 0.00 146773
18.525 0.000 0.00 1.56 -4.30 733.50 0.00 1 0.00 146873
18.525 0.000 0.00 1.54 -4.30 733.69 0.00 1 0.00 146973
18.524 0.000 0.00 1.54 -4.30 733.69 0.00 1 0.00 147073
18.522 0.000 0.00 1.53 -4.30 733.88 0.00 1 0.00 147173
18.522 0.000 0.00 1.52 -4.30 734.06 0.00 1 0.00 147273
18.524 0.000 0.00 1.52 -4.30 734.06 0.00 1 0.00 147373
18.525 0.000 0.00 1.51 -4.30 734.25 0.00 1 0.00 147473
18.525 0.000 0.00 1.50 -4.30 734.44 0.00 1 0.00 147573
18.524 0.000 0.00 1.49 -4.30 734.62 0.00 1 0.00 147673
18.524 0.000 0.00 1.49 -4.30 734.62 0.00 1 0.00 147773
18.522 0.000 0.00 1.47 -4.30 734.81 0.00 1 0.00 147873
18.522 0.000 0.00 1.46 -4.30 735.00 0.00 1 0.00 147973
18.525 0.000 0.00 1.46 -4.30 735.00 0.00 1 0.00 148073
18.525 0.000 0.00 1.45 -4.30 735.18 0.00 1 0.00 148173
18.525 0.000 0.00 1.45 -4.30 735.18 0.00 1 0.00 148273
18.524 0.000 0.00 1.43 -4.30 735.37 0.00 1 0.00 148373
18.522 -0.002 -0.05 1.42 -4.31 735.56 0.00 1 0.00 148474
18.522 0.000 0.00 1.42 -4.31 735.56 0.00 1 0.00 148573
18.524 0.000 0.00 1.41 -4.31 735.74 0.00 1 0.00 148673
18.525 0.000 0.00 1.40 -4.31 735.93 0.00 1 0.00 148773
18.525 0.000 0.00 1.40 -4.31 735.93 0.00 1 0.00 148873
18.525 0.000 0.00 1.39 -4.31 736.12 0.00 1 0.00 148973
18.522 0.000 0.00 1.37 -4.31 736.30 0.00 1 0.00 149073
18.522 0.000 0.00 1.37 -4.31 736.30 0.00 1 0.00 149173
18.522 0.000 0.00 1.36 -4.31 736.49 0.00 1 0.00 149273
18.525 -0.002 -0.05 1.36 -4.31 736.49 0.00 1 0.00 149374
18.525 0.000 0.00 1.34 -4.31 736.67 0.00 1 0.00 149473
18.524 0.000 0.00 1.33 -4.31 736.86 0.00 1 0.00 149573
18.524 0.000 0.00 1.33 -4.31 736.86 0.00 1 0.00 149673
18.522 0.000 0.00 1.31 -4.31 737.05 0.00 1 0.00 149773
18.524 0.000 0.00 1.31 -4.31 737.05 0.00 1 0.00 149873
18.524 0.000 0.00 1.30 -4.31 737.23 0.00 1 0.00 149973
18.525 0.000 0.00 1.29 -4.31 737.42 0.00 1 0.00 150073
18.524 0.000 0.00 1.29 -4.31 737.42 0.00 1 0.00 150173
18.524 0.000 0.00 1.27 -4.31 737.61 0.00 1 0.00 150273
18.524 0.000 0.00 1.27 -4.31 737.61 0.00 1 0.00 150373
18.522 0.000 0.00 1.26 -4.31 737.79 0.00 1 0.00 150473
18.524 0.000 0.00 1.26 -4.31 737.79 0.00 1 0.00 150573
18.524 0.000 0.00 1.24 -4.31 737.98 0.00 1 0.00 150673
18.525 0.000 0.00 1.22 -4.31 738.17 0.00 1 0.00 150773
18.524 0.000 0.00 1.22 -4.31 738.17 0.00 1 0.00 150873
18.522 0.000 0.00 1.21 -4.31 738.35 0.00 1 0.00 150973
18.522 0.000 0.00 1.21 -4.31 738.35 0.00 1 0.00 151073
18.522 0.000 0.00 1.19 -4.31 738.54 0.00 1 0.00 151173
18.524 0.000 0.00 1.19 -4.31 738.54 0.00 1 0.00 151273
18.524 0.000 0.00 1.18 -4.31 738.73 0.00 1 0.00 151373
18.525 0.000 0.00 1.18 -4.31 738.73 0.00 1 0.00 151473
18.522 0.000 0.00 1.17 -4.31 738.91 0.00 1 0.00 151573
18.522 0.000 0.00 1.17 -4.31 738.91 0.00 1 0.00 151673
18.522 0.000 0.00 1.15 -4.31 739.10 0.00 1 0.00 151773
18.524 -0.002 -0.05 1.15 -4.32 739.10 0.00 1 0.00 151874
18.524 0.000 0.00 1.13 -4.32 739.29 0.00 1 0.00 151973
18.524 0.000 0.00 1.13 -4.32 739.29 0.00 1 0.00 152073
18.524 0.000 0.00 1.11 -4.32 739.47 0.00 1 0.00 152173
18.522 0.000 0.00 1.11 -4.32 739.47 0.00 1 0.00 152273
18.522 -0.002 -0.05 1.10 -4.32 739.66 0.00 1 0.00 152374
18.522 -0.002 -0.05 1.10 -4.33 739.66 0.00 1 0.00 152474
18.525 0.000 0.00 1.08 -4.33 739.85 0.00 1 0.00 152573
18.524 0.000 0.00 1.08 -4.33 739.85 0.00 1 0.00 152673
18.524 0.000 0.00 1.06 -4.33 740.03 0.00 1 0.00 152773
18.522 0.000 0.00 1.06 -4.33 740.03 0.00 1 0.00 152873
18.522 0.000 0.00 1.05 -4.33 740.22 0.00 1 0.00 152973
18.524 0.000 0.00 1.05 -4.33 740.22 0.00 1 0.00 153073
18.524 0.000 0.00 1.03 -4.33 740.40 0.00 1 0.00 153173
18.524 0.000 0.00 1.03 -4.33 740.40 0.00 1 0.00 153273
18.524 0.000 0.00 1.03 -4.33 740.40 0.00 1 0.00 153373
18.524 0.000 0.00 1.01 -4.33 740.59 0.00 1 0.00 153473
18.522 0.000 0.00 1.01 -4.33 740.59 0.00 1 0.00 153573
18.522 -0.002 -0.05 0.99 -4.33 740.78 0.00 1 0.00 153674
18.524 0.000 0.00 0.99 -4.33 740.78 0.00 1 0.00 153773
18.524 0.000 0.00 0.97 -4.33 740.96 0.00 1 0.00 153873
18.524 0.000 0.00 0.97 -4.33 740.96 0.00 1 0.00 153973
18.522 0.000 0.00 0.97 -4.33 740.96 0.00 1 0.00 154073
18.522 0.000 0.00 0.95 -4.33 741.15 0.00 1 0.00 154173
18.522 0.000 0.00 0.95 -4.33 741.15 0.00 1 0.00 154273
18.524 0.000 0.00 0.93 -4.33 741.34 0.00 1 0.00 154373
18.524 0.000 0.00 0.93 -4.33 741.34 0.00 1 0.00 154473
18.524 0.000 0.00 0.93 -4.33 741.34 0.00 1 0.00 154573
18.524 0.000 0.00 0.91 -4.33 741.52 0.00 1 0.00 154673
18.522 0.000 0.00 0.91 -4.33 741.52 0.00 1 0.00 154773
18.522 0.000 0.00 0.89 -4.33 741.71 0.00 1 0.00 154873
18.522 0.000 0.00 0.89 -4.33 741.71 0.00 1 0.00 154973
18.524 0.000 0.00 0.89 -4.33 741.71 0.00 1 0.00 155073
18.524 0.000 0.00 0.87 -4.33 741.90 0.00 1 0.00 155173
18.524 0.000 0.00 0.87 -4.33 741.90 0.00 1 0.00 155273
18.524 0.000 0.00 0.87 -4.33 741.90 0.00 1 0.00 155373
18.522 0.000 0.00 0.84 -4.33 742.08 0.00 1 0.00 155473
18.522 0.000 0.00 0.84 -4.33 742.08 0.00 1 0.00 155573
18.522 0.000 0.00 0.84 -4.33 742.08 0.00 1 0.00 155673
18.524 0.000 0.00 0.81 -4.33 742.27 0.00 1 0.00 155773
18.524 0.000 0.00 0.81 -4.33 742.27 0.00 1 0.00 155873
18.524 0.000 0.00 0.81 -4.33 742.27 0.00 1 0.00 155973
18.522 0.000 0.00 0.79 -4.33 742.46 0.00 1 0.00 156073
18.522 0.000 0.00 0.79 -4.33 742.46 0.00 1 0.00 156173
18.522 0.000 0.00 0.79 -4.33 742.46 0.00 1 0.00 156273
18.524 0.000 0.00 0.76 -4.33 742.64 0.00 1 0.00 156373
18.524 0.000 0.00 0.76 -4.33 742.64 0.00 1 0.00 156473
18.524 0.000 0.00 0.76 -4.33 742.64 0.00 1 0.00 156573
18.524 0.000 0.00 0.74 -4.33 742.83 0.00 1 0.00 156673
18.522 -0.002 -0.05 0.74 -4.33 742.83 0.00 1 0.00 156774
18.522 0.000 0.00 0.74 -4.33 742.83 0.00 1 0.00 156873
18.522 0.000 0.00 0.71 -4.33 743.02 0.00 1 0.00 156973
18.524 0.000 0.00 0.71 -4.33 743.02 0.00 1 0.00 157073
18.524 0.000 0.00 0.71 -4.33 743.02 0.00 1 0.00 157173
18.522 0.000 0.00 0.71 -4.33 743.02 0.00 1 0.00 157273
18.522 0.000 0.00 0.68 -4.33 743.20 0.00 1 0.00 157373
18.522 0.000 0.00 0.68 -4.33 743.20 0.00 1 0.00 157473
18.522 0.000 0.00 0.68 -4.33 743.20 0.00 1 0.00 157573
18.522 0.000 0.00 0.68 -4.33 743.20 0.00 1 0.00 157673
18.524 0.000 0.00 0.65 -4.33 743.39 0.00 1 0.00 157773
18.524 0.000 0.00 0.65 -4.33 743.39 0.00 1 0.00 157873
18.522 0.000 0.00 0.65 -4.33 743.39 0.00 1 0.00 157973
18.522 0.000 0.00 0.65 -4.33 743.39 0.00 1 0.00 158073
18.522 0.000 0.00 0.61 -4.33 743.58 0.00 1 0.00 158173
18.524 0.000 0.00 0.61 -4.33 743.58 0.00 1 0.00 158273
18.524 0.000 0.00 0.61 -4.33 743.58 0.00 1 0.00 158373
18.524 0.000 0.00 0.61 -4.33 743.58 0.00 1 0.00 158473
18.522 0.000 0.00 0.61 -4.33 743.58 0.00 1 0.00 158573
18.522 0.000 0.00 0.56 -4.33 743.76 0.00 1 0.00 158673
18.522 0.000 0.00 0.56 -4.33 743.76 0.00 1 0.00 158773
18.522 0.000 0.00 0.56 -4.33 743.76 0.00 1 0.00 158873
18.524 -0.002 -0.05 0.56 -4.34 743.76 0.00 1 0.00 158974
18.524 -0.002 -0.05 0.56 -4.34 743.76 0.00 1 0.00 159074
18.524 0.000 0.00 0.52 -4.34 743.95 0.00 1 0.00 159173
18.522 0.000 0.00 0.52 -4.34 743.95 0.00 1 0.00 159273
18.522 0.000 0.00 0.52 -4.34 743.95 0.00 1 0.00 159373
18.522 0.000 0.00 0.52 -4.34 743.95 0.00 1 0.00 159473
18.524 0.000 0.00 0.52 -4.34 743.95 0.00 1 0.00 159573
18.524 0.000 0.00 0.49 -4.34 744.14 0.00 1 0.00 159673
18.524 0.000 0.00 0.49 -4.34 744.14 0.00 1 0.00 159773
18.524 0.000 0.00 0.49 -4.34 744.14 0.00 1 0.00 159873
18.522 0.000 0.00 0.49 -4.34 744.14 0.00 1 0.00 159973
18.522 0.000 0.00 0.49 -4.34 744.14 0.00 1 0.00 160073
18.522 0.000 0.00 0.49 -4.34 744.14 0.00 1 0.00 160173
18.524 0.000 0.00 0.45 -4.34 744.32 0.00 1 0.00 160273
18.524 0.000 0.00 0.45 -4.34 744.32 0.00 1 0.00 160373
18.524 0.000 0.00 0.45 -4.34 744.32 0.00 1 0.00 160473
18.522 0.000 0.00 0.45 -4.34 744.32 0.00 1 0.00 160573
18.522 0.000 0.00 0.45 -4.34 744.32 0.00 1 0.00 160673
18.522 0.000 0.00 0.45 -4.34 744.32 0.00 1 0.00 160773
18.522 0.000 0.00 0.45 -4.34 744.32 0.00 1 0.00 160873
18.524 0.000 0.00 0.45 -4.34 744.32 0.00 1 0.00 160973
18.522 0.000 0.00 0.45 -4.34 744.32 0.00 1 0.00 161073
18.522 0.000 0.00 0.39 -4.34 744.51 0.00 1 0.00 161173
18.522 0.000 0.00 0.39 -4.34 744.51 0.00 1 0.00 161273
18.522 0.000 0.00 0.39 -4.34 744.51 0.00 1 0.00 161373
18.524 0.000 0.00 0.39 -4.34 744.51 0.00 1 0.00 161473
18.524 0.000 0.00 0.39 -4.34 744.51 0.00 1 0.00 161573
18.524 0.000 0.00 0.39 -4.34 744.51 0.00 1 0.00 161673
18.522 0.000 0.00 0.39 -4.34 744.51 0.00 1 0.00 161773
18.522 0.000 0.00 0.39 -4.34 744.51 0.00 1 0.00 161873
18.522 0.000 0.00 0.39 -4.34 744.51 0.00 1 0.00 161973
18.524 0.000 0.00 0.39 -4.34 744.51 0.00 1 0.00 162073
18.524 0.000 0.00 0.39 -4.34 744.51 0.00 1 0.00 162173
18.524 0.000 0.00 0.39 -4.34 744.51 0.00 1 0.00 162273
18.524 0.000 0.00 0.39 -4.34 744.51 0.00 1 0.00 162373
18.522 0.000 0.00 0.39 -4.34 744.51 0.00 1 0.00 162473
18.522 0.000 0.00 0.39 -4.34 744.51 0.00 1 0.00 162573
18.522 0.000 0.00 0.39 -4.34 744.51 0.00 1 0.00 162673
18.524 0.000 0.00 0.30 -4.34 744.69 0.00 1 0.00 162773
18.524 0.000 0.00 0.30 -4.34 744.69 0.00 1 0.00 162873
18.524 0.000 0.00 0.30 -4.34 744.69 0.00 1 0.00 162973
18.522 0.000 0.00 0.30 -4.34 744.69 0.00 1 0.00 163073
18.522 0.000 0.00 0.30 -4.34 744.69 0.00 1 0.00 163173
18.522 0.000 0.00 0.30 -4.34 744.69 0.00 1 0.00 163273
18.522 0.000 0.00 0.30 -4.34 744.69 0.00 1 0.00 163373
18.524 0.000 0.00 0.30 -4.34 744.69 0.00 1 0.00 163473
18.524 0.000 0.00 0.30 -4.34 744.69 0.00 1 0.00 163573
18.522 0.000 0.00 0.30 -4.34 744.69 0.00 1 0.00 163673
18.521 0.000 0.00 0.30 -4.34 744.69 0.00 1 0.00 163773
18.521 0.000 0.00 0.30 -4.34 744.69 0.00 1 0.00 163873
18.521 0.000 0.00 0.30 -4.34 744.69 0.00 1 0.00 163973
18.522 0.000 0.00 0.30 -4.34 744.69 0.00 1 0.00 164073
18.524 0.000 0.00 0.30 -4.34 744.69 0.00 1 0.00 164173
18.524 0.000 0.00 0.30 -4.34 744.69 0.00 1 0.00 164273
18.522 0.000 0.00 0.30 -4.34 744.69 0.00 1 0.00 164373
18.521 0.000 0.00 0.30 -4.34 744.69 0.00 1 0.00 164473
18.522 0.000 0.00 0.30 -4.34 744.69 0.00 1 0.00 164573
18.522 0.000 0.00 0.30 -4.34 744.69 0.00 1 0.00 164673
18.522 0.000 0.00 0.00 -4.34 744.69 0.00 1 0.00 164773
18.522 0.000 0.00 0.00 -4.34 744.69 0.00 1 0.00 164873
18.522 0.000 0.00 0.00 -4.34 744.69 0.00 1 0.00 164973
18.521 0.000 0.00 0.00 -4.34 744.69 0.00 1 0.00 165073
18.521 -0.002 -0.05 0.00 -4.35 744.69 0.00 1 0.00 165174
18.522 0.000 0.00 0.00 -4.35 744.69 0.00 1 0.00 165273
18.522 0.000 0.00 0.00 -4.35 744.69 0.00 1 0.00 165373
18.522 0.000 0.00 0.00 -4.35 744.69 0.00 1 0.00 165473
18.522 0.000 0.00 0.00 -4.35 744.69 0.00 1 0.00 165573
18.522 0.000 0.00 0.00 -4.35 744.69 0.00 1 0.00 165673
18.521 0.000 0.00 0.00 -4.35 744.69 0.00 1 0.00 165773
18.521 0.000 0.00 0.00 -4.35 744.69 0.00 1 0.00 165873
