18.520 0.000 0.00 0.00 -4.37 744.69 0.00 1 0.00 185106
18.521 0.000 0.00 0.00 -4.37 744.69 0.00 1 0.00 185206
18.521 0.000 0.00 0.00 -4.37 744.69 0.00 1 0.00 185306
18.521 0.000 0.00 0.00 -4.37 744.69 0.00 1 0.00 185406
18.520 0.000 0.00 0.00 -4.37 744.69 0.00 1 0.00 185506
18.520 0.000 0.00 0.00 -4.37 744.69 0.00 1 0.00 185606
18.520 0.000 0.00 0.00 -4.37 744.69 0.00 1 0.00 185706
18.521 0.000 0.00 0.00 -4.37 744.69 0.00 1 0.00 185806
18.521 0.000 0.00 0.00 -4.37 744.69 0.00 1 0.00 185906
18.521 0.000 0.00 0.00 -4.37 744.69 0.00 1 0.00 186006
18.521 0.000 0.00 0.00 -4.37 744.69 0.00 1 0.00 186106
18.520 0.000 0.00 0.00 -4.37 744.69 0.00 1 0.00 186206
18.520 0.000 0.00 0.00 -4.37 744.69 0.00 1 0.00 186306
18.520 0.000 0.00 0.00 -4.37 744.69 0.00 1 0.00 186406
18.521 0.000 0.00 0.00 -4.37 744.69 0.00 1 0.00 186506
18.521 0.000 0.00 0.00 -4.37 744.69 0.00 1 0.00 186606
18.520 0.000 0.00 0.00 -4.37 744.69 0.00 1 0.00 186706
18.520 0.000 0.00 0.00 -4.37 744.69 0.00 1 0.00 186806
18.520 0.000 0.00 0.00 -4.37 744.69 0.00 1 0.00 186906
18.521 0.000 0.00 0.00 -4.37 744.69 0.00 1 0.00 187006
18.521 0.000 0.00 0.00 -4.37 744.69 0.00 1 0.00 187106
18.521 0.000 0.00 0.00 -4.37 744.69 0.00 1 0.00 187206
18.521 0.000 0.00 0.00 -4.37 744.69 0.00 1 0.00 187306
18.521 0.000 0.00 0.00 -4.37 744.69 0.00 1 0.00 187406
18.520 0.000 0.00 0.00 -4.37 744.69 0.00 1 0.00 187506
18.520 0.000 0.00 0.00 -4.37 744.69 0.00 1 0.00 187606
18.521 0.000 0.00 0.00 -4.37 744.69 0.00 1 0.00 187706
18.521 0.000 0.00 0.00 -4.37 744.69 0.00 1 0.00 187806
18.521 0.000 0.00 0.00 -4.37 744.69 0.00 1 0.00 187906
18.520 0.000 0.00 0.00 -4.37 744.69 0.00 1 0.00 188006
18.520 0.000 0.00 0.00 -4.37 744.69 0.00 1 0.00 188106
18.520 0.000 0.00 0.00 -4.37 744.69 0.00 1 0.00 188206
18.520 0.000 0.00 0.00 -4.37 744.69 0.00 1 0.00 188306
18.521 0.000 0.00 0.00 -4.37 744.69 0.00 1 0.00 188406
18.521 0.000 0.00 0.00 -4.37 744.69 0.00 1 0.00 188506
18.521 0.000 0.00 0.00 -4.37 744.69 0.00 1 0.00 188606
18.520 0.000 0.00 0.00 -4.37 744.69 0.00 1 0.00 188706
18.520 0.000 0.00 0.00 -4.37 744.69 0.00 1 0.00 188806
18.520 0.000 0.00 0.00 -4.37 744.69 0.00 1 0.00 188906
18.521 0.000 0.00 0.00 -4.37 744.69 0.00 1 0.00 189006
18.521 0.000 0.00 0.00 -4.37 744.69 0.00 1 0.00 189106
18.521 0.000 0.00 0.00 -4.37 744.69 0.00 1 0.00 189206
18.520 0.000 0.00 0.00 -4.37 744.69 0.00 1 0.00 189306
18.520 0.000 0.00 0.00 -4.37 744.69 0.00 1 0.00 189406
18.520 0.000 0.00 0.00 -4.37 744.69 0.00 1 0.00 189506
18.520 0.000 0.00 0.00 -4.37 744.69 0.00 1 0.00 189606
18.521 0.000 0.00 0.00 -4.37 744.69 0.00 1 0.00 189706
18.521 0.000 0.00 0.00 -4.37 744.69 0.00 1 0.00 189806
18.521 0.000 0.00 0.00 -4.37 744.69 0.00 1 0.00 189906
18.520 0.000 0.00 0.00 -4.37 744.69 0.00 1 0.00 190006
18.520 0.000 0.00 0.00 -4.37 744.69 0.00 1 0.00 190106
18.520 0.000 0.00 0.00 -4.37 744.69 0.00 1 0.00 190206
18.521 0.000 0.00 0.00 -4.37 744.69 0.00 1 0.00 190306
18.521 0.000 0.00 0.00 -4.37 744.69 0.00 1 0.00 190406
18.521 0.000 0.00 0.00 -4.37 744.69 0.00 1 0.00 190506
18.521 0.000 0.00 0.00 -4.37 744.69 0.00 1 0.00 190606
18.520 0.000 0.00 0.00 -4.37 744.69 0.00 1 0.00 190706
18.520 0.000 0.00 0.00 -4.37 744.69 0.00 1 0.00 190806
18.520 0.000 0.00 0.00 -4.37 744.69 0.00 1 0.00 190906
18.521 0.000 0.00 0.00 -4.37 744.69 0.00 1 0.00 191006
18.521 0.000 0.00 0.00 -4.37 744.69 0.00 1 0.00 191106
18.520 0.000 0.00 0.00 -4.37 744.69 0.00 1 0.00 191206
18.520 0.000 0.00 0.00 -4.37 744.69 0.00 1 0.00 191306
18.520 0.000 0.00 0.00 -4.37 744.69 0.00 1 0.00 191406
18.521 0.000 0.00 0.00 -4.37 744.69 0.00 1 0.00 191506
18.521 0.000 0.00 0.00 -4.37 744.69 0.00 1 0.00 191606
18.521 0.000 0.00 0.00 -4.37 744.69 0.00 1 0.00 191706
18.521 0.000 0.00 0.00 -4.37 744.69 0.00 1 0.00 191806
18.520 0.000 0.00 0.00 -4.37 744.69 0.00 1 0.00 191906
18.520 0.000 0.00 0.00 -4.37 744.69 0.00 1 0.00 192006
18.520 0.000 0.00 0.00 -4.37 744.69 0.00 1 0.00 192106
18.521 0.000 0.00 0.00 -4.37 744.69 0.00 1 0.00 192206
18.521 0.000 0.00 0.04 -4.37 744.88 0.00 1 0.00 192306
18.521 0.000 0.00 0.04 -4.37 745.07 0.00 1 0.00 192406
18.520 0.000 0.00 0.04 -4.37 745.25 0.00 1 0.00 192506
18.520 0.000 0.00 0.05 -4.37 745.44 0.00 1 0.00 192606
18.520 0.000 0.00 0.05 -4.37 745.63 0.00 1 0.00 192706
18.520 0.000 0.00 0.05 -4.37 746.00 0.00 1 0.00 192806
18.521 0.000 0.00 2.93 -4.37 746.37 0.00 1 0.00 192906
18.521 0.000 0.00 3.13 -4.37 746.56 0.00 1 0.00 193006
18.521 0.000 0.00 3.49 -4.37 746.93 0.00 1 0.00 193106
18.520 0.000 0.00 3.81 -4.37 747.31 0.00 1 0.00 193206
18.520 0.000 0.00 4.32 -4.37 747.86 0.00 1 0.00 193306
18.520 0.000 0.00 4.65 -4.37 748.24 0.00 1 0.00 193406
18.521 0.000 0.00 5.11 -4.37 748.80 0.00 1 0.00 193506
18.521 0.000 0.00 5.36 -4.37 749.17 0.00 1 0.00 193606
18.521 0.000 0.00 5.69 -4.37 749.73 0.00 1 0.00 193706
18.521 0.000 0.00 5.97 -4.37 750.29 0.00 1 0.00 193806
18.520 0.000 0.00 6.19 -4.37 750.85 0.00 1 0.00 193906
18.520 0.000 0.00 6.43 -4.37 751.41 0.00 1 0.00 194006
18.520 0.000 0.00 6.62 -4.37 751.97 0.00 1 0.00 194106
18.521 0.000 0.00 6.91 -4.37 752.71 0.00 1 0.00 194206
18.521 0.000 0.00 7.12 -4.37 753.27 0.00 1 0.00 194306
18.521 0.000 0.00 7.33 -4.37 753.83 0.00 1 0.00 194406
18.520 0.000 0.00 7.70 -4.37 754.58 0.00 1 0.00 194506
18.520 0.000 0.00 8.02 -4.37 755.33 0.00 1 0.00 194606
18.521 0.000 0.00 8.44 -4.37 756.07 0.00 1 0.00 194706
18.521 0.000 0.00 8.73 -4.37 756.82 0.00 1 0.00 194806
18.521 0.000 0.00 9.16 -4.37 757.75 0.00 1 0.00 194906
18.520 0.000 0.00 9.44 -4.37 758.50 0.00 1 0.00 195006
18.520 0.000 0.00 9.77 -4.37 759.43 0.00 1 0.00 195106
18.520 0.000 0.00 10.01 -4.37 760.17 0.00 1 0.00 195206
18.520 0.000 0.00 10.24 -4.37 761.11 0.00 1 0.00 195306
18.521 0.000 0.00 10.50 -4.37 762.04 0.00 1 0.00 195406
18.521 0.000 0.00 10.71 -4.37 762.97 0.00 1 0.00 195506
18.521 0.000 0.00 10.90 -4.37 763.90 0.00 1 0.00 195606
18.520 0.000 0.00 11.17 -4.37 765.02 0.00 1 0.00 195706
18.520 0.000 0.00 11.35 -4.37 765.96 0.00 1 0.00 195806
18.520 0.000 0.00 11.57 -4.37 767.07 0.00 1 0.00 195906
18.520 0.000 0.00 11.79 -4.37 768.01 0.00 1 0.00 196006
18.521 0.000 0.00 11.97 -4.37 769.13 0.00 1 0.00 196106
18.521 0.000 0.00 12.09 -4.37 770.06 0.00 1 0.00 196206
18.521 0.000 0.00 12.26 -4.37 771.18 0.00 1 0.00 196306
18.520 0.000 0.00 12.41 -4.37 772.30 0.00 1 0.00 196406
18.520 0.000 0.00 12.51 -4.37 773.42 0.00 1 0.00 196506
18.520 0.000 0.00 12.62 -4.37 774.53 0.00 1 0.00 196606
18.521 0.000 0.00 12.79 -4.37 775.65 0.00 1 0.00 196706
18.521 0.000 0.00 12.95 -4.37 776.77 0.00 1 0.00 196806
18.521 0.000 0.00 13.09 -4.37 777.89 0.00 1 0.00 196906
18.520 0.000 0.00 13.21 -4.37 779.01 0.00 1 0.00 197006
18.520 0.000 0.00 13.43 -4.37 780.32 0.00 1 0.00 197106
18.520 0.000 0.00 13.61 -4.37 781.43 0.00 1 0.00 197206
18.520 -0.002 -0.05 13.77 -4.38 782.55 0.00 1 0.00 197307
18.521 0.000 0.00 13.88 -4.38 783.86 0.00 1 0.00 197406
18.521 0.000 0.00 14.02 -4.38 785.16 0.00 1 0.00 197506
18.521 0.000 0.00 14.17 -4.38 786.28 0.00 1 0.00 197606
18.520 0.000 0.00 14.32 -4.38 787.59 0.00 1 0.00 197706
18.520 0.000 0.00 14.51 -4.38 788.90 0.00 1 0.00 197806
18.520 0.000 0.00 14.66 -4.38 790.20 0.00 1 0.00 197906
18.521 0.000 0.00 14.83 -4.38 791.51 0.00 1 0.00 198006
18.521 0.000 0.00 14.98 -4.38 792.81 0.00 1 0.00 198106
18.520 0.000 0.00 15.13 -4.38 794.12 0.00 1 0.00 198206
18.520 0.000 0.00 15.30 -4.38 795.42 0.00 1 0.00 198306
18.520 -0.002 -0.05 15.46 -4.38 796.73 0.00 1 0.00 198407
18.520 0.000 0.00 15.63 -4.38 798.03 0.00 1 0.00 198506
18.520 0.000 0.00 15.80 -4.38 799.53 0.00 1 0.00 198606
18.521 0.000 0.00 15.96 -4.38 800.83 0.00 1 0.00 198706
18.521 0.000 0.00 16.10 -4.38 802.32 0.00 1 0.00 198806
18.520 -0.002 -0.05 16.24 -4.39 803.82 0.00 1 0.00 198907
18.520 -0.002 -0.05 16.35 -4.39 805.12 0.00 1 0.00 199007
18.520 0.000 0.00 16.48 -4.39 806.61 0.00 1 0.00 199106
18.521 0.000 0.00 16.60 -4.39 808.10 0.00 1 0.00 199206
18.521 0.000 0.00 16.72 -4.39 809.60 0.00 1 0.00 199306
18.521 0.000 0.00 16.80 -4.39 810.90 0.00 1 0.00 199406
18.520 0.000 0.00 16.92 -4.39 812.39 0.00 1 0.00 199506
18.520 0.000 0.00 17.02 -4.39 813.89 0.00 1 0.00 199606
18.520 0.000 0.00 17.11 -4.39 815.38 0.00 1 0.00 199706
18.520 0.000 0.00 17.21 -4.39 816.87 0.00 1 0.00 199806
18.521 0.000 0.00 17.30 -4.39 818.55 0.00 1 0.00 199906
18.521 0.000 0.00 17.37 -4.39 820.04 0.00 1 0.00 200006
18.521 0.000 0.00 17.34 -4.39 821.53 0.00 1 0.00 200106
18.520 0.000 0.00 17.29 -4.39 823.02 0.00 1 0.00 200206
18.520 0.000 0.00 17.24 -4.39 824.52 0.00 1 0.00 200306
18.520 0.000 0.00 17.19 -4.39 826.01 0.00 1 0.00 200406
18.520 0.000 0.00 17.15 -4.39 827.50 0.00 1 0.00 200506
18.521 0.000 0.00 17.11 -4.39 828.99 0.00 1 0.00 200606
18.521 0.000 0.00 17.05 -4.39 830.48 0.00 1 0.00 200706
18.520 0.000 0.00 17.00 -4.39 831.98 0.00 1 0.00 200806
18.520 0.000 0.00 16.95 -4.39 833.47 0.00 1 0.00 200906
18.520 0.000 0.00 16.91 -4.39 834.96 0.00 1 0.00 201006
18.520 0.000 0.00 16.87 -4.39 836.45 0.00 1 0.00 201106
18.521 0.000 0.00 16.80 -4.39 837.94 0.00 1 0.00 201206
18.521 0.000 0.00 16.76 -4.39 839.44 0.00 1 0.00 201306
18.521 0.000 0.00 16.71 -4.39 840.74 0.00 1 0.00 201406
18.520 0.000 0.00 16.66 -4.39 842.23 0.00 1 0.00 201506
18.520 0.000 0.00 16.61 -4.39 843.73 0.00 1 0.00 201606
18.520 0.000 0.00 16.57 -4.39 845.22 0.00 1 0.00 201706
18.520 0.000 0.00 16.51 -4.39 846.52 0.00 1 0.00 201806
18.521 0.000 0.00 16.46 -4.39 848.02 0.00 1 0.00 201906
18.521 0.000 0.00 16.43 -4.39 849.51 0.00 1 0.00 202006
18.521 0.000 0.00 16.38 -4.39 851.00 0.00 1 0.00 202106
18.520 0.000 0.00 16.32 -4.39 852.30 0.00 1 0.00 202206
18.520 0.000 0.00 16.27 -4.39 853.80 0.00 1 0.00 202306
18.520 0.000 0.00 16.23 -4.39 855.29 0.00 1 0.00 202406
18.520 0.000 0.00 16.17 -4.39 856.59 0.00 1 0.00 202506
18.521 0.000 0.00 16.13 -4.39 858.09 0.00 1 0.00 202606
18.520 0.000 0.00 16.10 -4.39 859.39 0.00 1 0.00 202706
18.520 0.000 0.00 16.06 -4.39 860.88 0.00 1 0.00 202806
18.520 0.000 0.00 16.03 -4.39 862.19 0.00 1 0.00 202906
18.520 -0.002 -0.05 15.99 -4.40 863.68 0.00 1 0.00 203007
18.520 -0.002 -0.05 15.96 -4.40 864.99 0.00 1 0.00 203107
18.521 0.000 0.00 15.91 -4.40 866.48 0.00 1 0.00 203206
18.521 0.000 0.00 15.88 -4.40 867.78 0.00 1 0.00 203306
18.520 0.000 0.00 15.83 -4.40 869.28 0.00 1 0.00 203406
18.520 0.000 0.00 15.78 -4.40 870.58 0.00 1 0.00 203506
18.519 0.000 0.00 15.73 -4.40 871.89 0.00 1 0.00 203606
18.520 0.000 0.00 15.68 -4.40 873.38 0.00 1 0.00 203706
18.520 0.000 0.00 15.62 -4.40 874.68 0.00 1 0.00 203806
18.521 0.000 0.00 15.57 -4.40 875.99 0.00 1 0.00 203906
18.520 0.000 0.00 15.55 -4.40 877.48 0.00 1 0.00 204006
18.520 0.000 0.00 15.49 -4.40 878.79 0.00 1 0.00 204106
18.520 0.000 0.00 15.49 -4.40 880.09 0.00 1 0.00 204206
18.520 0.000 0.00 15.45 -4.40 881.40 0.00 1 0.00 204306
18.521 0.000 0.00 15.42 -4.40 882.89 0.00 1 0.00 204406
18.521 0.000 0.00 15.37 -4.40 884.20 0.00 1 0.00 204506
18.521 0.000 0.00 15.33 -4.40 885.50 0.00 1 0.00 204606
18.520 0.000 0.00 15.27 -4.40 886.81 0.00 1 0.00 204706
18.519 0.000 0.00 15.22 -4.40 888.11 0.00 1 0.00 204806
18.519 0.000 0.00 15.20 -4.40 889.60 0.00 1 0.00 204906
18.520 0.000 0.00 15.12 -4.40 890.91 0.00 1 0.00 205006
18.521 0.000 0.00 15.10 -4.40 892.22 0.00 1 0.00 205106
18.521 0.000 0.00 15.09 -4.40 893.52 0.00 1 0.00 205206
18.520 0.000 0.00 15.07 -4.40 894.83 0.00 1 0.00 205306
18.519 0.000 0.00 15.04 -4.40 896.13 0.00 1 0.00 205406
18.520 0.000 0.00 14.99 -4.40 897.44 0.00 1 0.00 205506
18.520 0.000 0.00 14.95 -4.40 898.74 0.00 1 0.00 205606
18.521 0.000 0.00 14.89 -4.40 900.05 0.00 1 0.00 205706
18.521 0.000 0.00 14.85 -4.40 901.35 0.00 1 0.00 205806
18.521 0.000 0.00 14.83 -4.40 902.66 0.00 1 0.00 205906
18.520 0.000 0.00 14.81 -4.40 903.97 0.00 1 0.00 206006
18.519 0.000 0.00 14.80 -4.40 905.27 0.00 1 0.00 206106
18.520 0.000 0.00 14.75 -4.40 906.58 0.00 1 0.00 206206
18.520 0.000 0.00 14.70 -4.40 907.88 0.00 1 0.00 206306
18.521 0.000 0.00 14.66 -4.40 909.00 0.00 1 0.00 206406
18.520 0.000 0.00 14.62 -4.40 910.31 0.00 1 0.00 206506
18.520 0.000 0.00 14.57 -4.40 911.61 0.00 1 0.00 206606
18.520 0.000 0.00 14.58 -4.40 912.92 0.00 1 0.00 206706
18.519 0.000 0.00 14.55 -4.40 914.22 0.00 1 0.00 206806
18.520 0.000 0.00 14.51 -4.40 915.53 0.00 1 0.00 206906
18.520 0.000 0.00 14.46 -4.40 916.65 0.00 1 0.00 207006
18.521 0.000 0.00 14.42 -4.40 917.95 0.00 1 0.00 207106
18.520 0.000 0.00 14.37 -4.40 919.26 0.00 1 0.00 207206
18.520 0.000 0.00 14.35 -4.40 920.56 0.00 1 0.00 207306
18.519 0.000 0.00 14.34 -4.40 921.68 0.00 1 0.00 207406
18.520 0.000 0.00 14.31 -4.40 922.99 0.00 1 0.00 207506
18.521 0.000 0.00 14.25 -4.40 924.29 0.00 1 0.00 207606
18.521 0.000 0.00 14.20 -4.40 925.41 0.00 1 0.00 207706
18.520 0.000 0.00 14.15 -4.40 926.72 0.00 1 0.00 207806
18.519 0.000 0.00 14.13 -4.40 928.02 0.00 1 0.00 207906
18.519 0.000 0.00 14.12 -4.40 929.14 0.00 1 0.00 208006
18.519 0.000 0.00 14.09 -4.40 930.45 0.00 1 0.00 208106
18.520 0.000 0.00 14.04 -4.40 931.75 0.00 1 0.00 208206
18.521 0.000 0.00 13.98 -4.40 932.87 0.00 1 0.00 208306
18.521 0.000 0.00 13.93 -4.40 934.18 0.00 1 0.00 208406
18.520 0.000 0.00 13.92 -4.40 935.30 0.00 1 0.00 208506
18.519 0.000 0.00 13.90 -4.40 936.60 0.00 1 0.00 208606
18.519 0.000 0.00 13.86 -4.40 937.72 0.00 1 0.00 208706
18.520 0.000 0.00 13.80 -4.40 939.03 0.00 1 0.00 208806
18.520 0.000 0.00 13.75 -4.40 940.15 0.00 1 0.00 208906
18.521 0.000 0.00 13.74 -4.40 941.27 0.00 1 0.00 209006
18.521 0.000 0.00 13.71 -4.40 942.57 0.00 1 0.00 209106
18.519 0.000 0.00 13.67 -4.40 943.69 0.00 1 0.00 209206
18.519 0.000 0.00 13.62 -4.40 945.00 0.00 1 0.00 209306
18.519 0.000 0.00 13.56 -4.40 946.11 0.00 1 0.00 209406
18.520 0.000 0.00 13.55 -4.40 947.23 0.00 1 0.00 209506
18.520 0.000 0.00 13.53 -4.40 948.54 0.00 1 0.00 209606
18.520 0.000 0.00 13.48 -4.40 949.66 0.00 1 0.00 209706
18.520 0.000 0.00 13.44 -4.40 950.78 0.00 1 0.00 209806
18.519 0.000 0.00 13.38 -4.40 952.08 0.00 1 0.00 209906
18.519 0.000 0.00 13.38 -4.40 953.20 0.00 1 0.00 210006
18.519 0.000 0.00 13.35 -4.40 954.32 0.00 1 0.00 210106
18.520 0.000 0.00 13.31 -4.40 955.44 0.00 1 0.00 210206
18.520 0.000 0.00 13.25 -4.40 956.74 0.00 1 0.00 210306
18.519 0.000 0.00 13.22 -4.40 957.86 0.00 1 0.00 210406
18.519 0.000 0.00 13.21 -4.40 958.98 0.00 1 0.00 210506
18.519 0.000 0.00 13.16 -4.40 960.10 0.00 1 0.00 210606
18.520 0.000 0.00 13.11 -4.40 961.22 0.00 1 0.00 210706
18.520 0.000 0.00 13.07 -4.40 962.53 0.00 1 0.00 210806
18.520 0.000 0.00 13.05 -4.40 963.65 0.00 1 0.00 210906
18.520 0.000 0.00 13.04 -4.40 964.76 0.00 1 0.00 211006
18.519 0.000 0.00 12.99 -4.40 965.88 0.00 1 0.00 211106
18.519 0.000 0.00 12.92 -4.40 967.00 0.00 1 0.00 211206
18.519 0.000 0.00 12.92 -4.40 968.12 0.00 1 0.00 211306
18.520 0.000 0.00 12.89 -4.40 969.24 0.00 1 0.00 211406
18.520 0.000 0.00 12.85 -4.40 970.36 0.00 1 0.00 211506
18.520 0.000 0.00 12.79 -4.40 971.48 0.00 1 0.00 211606
18.519 0.000 0.00 12.79 -4.40 972.60 0.00 1 0.00 211706
18.519 0.000 0.00 12.77 -4.40 973.72 0.00 1 0.00 211806
18.519 0.000 0.00 12.71 -4.40 974.84 0.00 1 0.00 211906
18.519 0.000 0.00 12.66 -4.40 975.95 0.00 1 0.00 212006
18.520 0.000 0.00 12.65 -4.40 977.07 0.00 1 0.00 212106
18.520 0.000 0.00 12.63 -4.40 978.19 0.00 1 0.00 212206
18.520 0.000 0.00 12.58 -4.40 979.31 0.00 1 0.00 212306
18.519 0.000 0.00 12.53 -4.40 980.43 0.00 1 0.00 212406
18.519 0.000 0.00 12.53 -4.40 981.36 0.00 1 0.00 212506
18.519 0.000 0.00 12.49 -4.40 982.48 0.00 1 0.00 212606
18.520 0.000 0.00 12.44 -4.40 983.60 0.00 1 0.00 212706
18.520 0.000 0.00 12.41 -4.40 984.72 0.00 1 0.00 212806
18.520 0.000 0.00 12.40 -4.40 985.84 0.00 1 0.00 212906
18.520 0.000 0.00 12.35 -4.40 986.96 0.00 1 0.00 213006
18.519 0.000 0.00 12.30 -4.40 987.89 0.00 1 0.00 213106
18.519 0.000 0.00 12.29 -4.40 989.01 0.00 1 0.00 213206
18.519 0.000 0.00 12.27 -4.40 990.13 0.00 1 0.00 213306
18.520 0.000 0.00 12.23 -4.40 991.25 0.00 1 0.00 213406
18.520 0.000 0.00 12.19 -4.40 992.18 0.00 1 0.00 213506
18.520 0.000 0.00 12.17 -4.40 993.30 0.00 1 0.00 213606
18.519 0.000 0.00 12.13 -4.40 994.42 0.00 1 0.00 213706
18.519 0.000 0.00 12.07 -4.40 995.35 0.00 1 0.00 213806
18.520 0.000 0.00 12.07 -4.40 996.47 0.00 1 0.00 213906
18.520 0.000 0.00 12.04 -4.40 997.59 0.00 1 0.00 214006
18.520 0.000 0.00 11.99 -4.40 998.52 0.00 1 0.00 214106
18.520 0.000 0.00 11.97 -4.40 999.64 0.00 1 0.00 214206
18.520 0.000 0.00 11.96 -4.40 1000.57 0.00 1 0.00 214306
18.519 0.000 0.00 11.92 -4.40 1001.69 0.00 1 0.00 214406
18.519 0.000 0.00 11.85 -4.40 1002.81 0.00 1 0.00 214506
18.520 0.000 0.00 11.87 -4.40 1003.74 0.00 1 0.00 214606
18.520 0.000 0.00 11.81 -4.40 1004.86 0.00 1 0.00 214706
18.520 0.000 0.00 11.76 -4.40 1005.79 0.00 1 0.00 214806
18.519 0.000 0.00 11.77 -4.40 1006.91 0.00 1 0.00 214906
18.519 0.000 0.00 11.73 -4.40 1007.85 0.00 1 0.00 215006
18.519 0.000 0.00 11.68 -4.40 1008.96 0.00 1 0.00 215106
18.520 0.000 0.00 11.66 -4.40 1009.90 0.00 1 0.00 215206
18.520 0.000 0.00 11.64 -4.40 1011.02 0.00 1 0.00 215306
18.520 0.000 0.00 11.59 -4.40 1011.95 0.00 1 0.00 215406
18.520 0.000 0.00 11.56 -4.40 1013.07 0.00 1 0.00 215506
18.519 0.000 0.00 11.56 -4.40 1014.00 0.00 1 0.00 215606
18.519 0.000 0.00 11.50 -4.40 1014.93 0.00 1 0.00 215706
18.519 0.000 0.00 11.48 -4.40 1016.05 0.00 1 0.00 215806
18.520 0.000 0.00 11.46 -4.40 1016.98 0.00 1 0.00 215906
18.520 0.000 0.00 11.43 -4.40 1017.92 0.00 1 0.00 216006
18.520 0.000 0.00 11.39 -4.40 1019.04 0.00 1 0.00 216106
18.519 0.000 0.00 11.38 -4.40 1019.97 0.00 1 0.00 216206
18.519 0.000 0.00 11.32 -4.40 1020.90 0.00 1 0.00 216306
18.519 0.000 0.00 11.30 -4.40 1022.02 0.00 1 0.00 216406
18.520 0.000 0.00 11.29 -4.40 1022.95 0.00 1 0.00 216506
18.520 0.000 0.00 11.24 -4.40 1023.89 0.00 1 0.00 216606
18.520 0.000 0.00 11.19 -4.40 1025.00 0.00 1 0.00 216706
18.520 0.000 0.00 11.20 -4.40 1025.94 0.00 1 0.00 216806
18.519 0.000 0.00 11.15 -4.40 1026.87 0.00 1 0.00 216906
18.519 0.000 0.00 11.13 -4.40 1027.80 0.00 1 0.00 217006
18.519 0.000 0.00 11.11 -4.40 1028.73 0.00 1 0.00 217106
18.520 0.000 0.00 11.06 -4.40 1029.85 0.00 1 0.00 217206
18.520 0.000 0.00 11.05 -4.40 1030.79 0.00 1 0.00 217306
18.520 0.000 0.00 11.02 -4.40 1031.72 0.00 1 0.00 217406
18.519 0.000 0.00 10.96 -4.40 1032.65 0.00 1 0.00 217506
18.519 0.000 0.00 10.97 -4.40 1033.58 0.00 1 0.00 217606
18.519 0.000 0.00 10.93 -4.40 1034.52 0.00 1 0.00 217706
18.519 0.000 0.00 10.90 -4.40 1035.45 0.00 1 0.00 217806
18.520 0.000 0.00 10.89 -4.40 1036.57 0.00 1 0.00 217906
18.520 0.000 0.00 10.85 -4.40 1037.50 0.00 1 0.00 218006
18.520 0.000 0.00 10.81 -4.40 1038.43 0.00 1 0.00 218106
18.519 0.000 0.00 10.80 -4.40 1039.36 0.00 1 0.00 218206
18.519 0.000 0.00 10.76 -4.40 1040.30 0.00 1 0.00 218306
18.520 0.000 0.00 10.73 -4.40 1041.23 0.00 1 0.00 218406
18.520 0.000 0.00 10.71 -4.40 1042.16 0.00 1 0.00 218506
18.520 0.000 0.00 10.66 -4.40 1043.09 0.00 1 0.00 218606
18.519 0.000 0.00 10.66 -4.40 1044.03 0.00 1 0.00 218706
18.519 0.000 0.00 10.62 -4.40 1044.96 0.00 1 0.00 218806
18.519 0.000 0.00 10.58 -4.40 1045.89 0.00 1 0.00 218906
18.519 0.000 0.00 10.58 -4.40 1046.82 0.00 1 0.00 219006
18.520 0.000 0.00 10.52 -4.40 1047.76 0.00 1 0.00 219106
18.520 0.000 0.00 10.51 -4.40 1048.69 0.00 1 0.00 219206
18.520 0.000 0.00 10.49 -4.40 1049.62 0.00 1 0.00 219306
18.519 0.000 0.00 10.46 -4.40 1050.37 0.00 1 0.00 219406
18.519 0.000 0.00 10.44 -4.40 1051.30 0.00 1 0.00 219506
18.519 0.000 0.00 10.39 -4.40 1052.23 0.00 1 0.00 219606
18.520 0.000 0.00 10.38 -4.40 1053.17 0.00 1 0.00 219706
18.520 0.000 0.00 10.36 -4.40 1054.10 0.00 1 0.00 219806
18.520 0.000 0.00 10.30 -4.40 1055.03 0.00 1 0.00 219906
18.519 0.000 0.00 10.32 -4.40 1055.96 0.00 1 0.00 220006
18.519 0.000 0.00 10.27 -4.40 1056.71 0.00 1 0.00 220106
18.519 0.000 0.00 10.25 -4.40 1057.64 0.00 1 0.00 220206
18.519 0.000 0.00 10.22 -4.40 1058.57 0.00 1 0.00 220306
18.520 0.000 0.00 10.17 -4.40 1059.51 0.00 1 0.00 220406
18.520 0.000 0.00 10.18 -4.40 1060.44 0.00 1 0.00 220506
18.520 0.000 0.00 10.13 -4.40 1061.18 0.00 1 0.00 220606
18.519 0.000 0.00 10.12 -4.40 1062.12 0.00 1 0.00 220706
18.519 0.000 0.00 10.09 -4.40 1063.05 0.00 1 0.00 220806
18.519 0.000 0.00 10.04 -4.40 1063.98 0.00 1 0.00 220906
18.519 0.000 0.00 10.05 -4.40 1064.73 0.00 1 0.00 221006
18.520 0.000 0.00 10.00 -4.40 1065.66 0.00 1 0.00 221106
18.520 0.000 0.00 9.98 -4.40 1066.59 0.00 1 0.00 221206
18.520 0.000 0.00 9.96 -4.40 1067.34 0.00 1 0.00 221306
18.519 0.000 0.00 9.93 -4.40 1068.27 0.00 1 0.00 221406
18.519 0.000 0.00 9.91 -4.40 1069.20 0.00 1 0.00 221506
18.519 0.000 0.00 9.86 -4.40 1069.95 0.00 1 0.00 221606
18.520 0.000 0.00 9.86 -4.40 1070.88 0.00 1 0.00 221706
18.520 0.000 0.00 9.82 -4.40 1071.63 0.00 1 0.00 221806
18.519 0.000 0.00 9.81 -4.40 1072.56 0.00 1 0.00 221906
18.519 0.000 0.00 9.78 -4.40 1073.49 0.00 1 0.00 222006
18.519 0.000 0.00 9.75 -4.40 1074.24 0.00 1 0.00 222106
18.519 0.000 0.00 9.73 -4.40 1075.17 0.00 1 0.00 222206
18.519 0.000 0.00 9.69 -4.40 1075.92 0.00 1 0.00 222306
18.520 0.000 0.00 9.69 -4.40 1076.85 0.00 1 0.00 222406
18.520 0.000 0.00 9.64 -4.40 1077.60 0.00 1 0.00 222506
18.519 0.000 0.00 9.63 -4.40 1078.53 0.00 1 0.00 222606
18.519 0.000 0.00 9.61 -4.40 1079.28 0.00 1 0.00 222706
18.519 0.000 0.00 9.58 -4.40 1080.21 0.00 1 0.00 222806
18.520 0.000 0.00 9.56 -4.40 1080.95 0.00 1 0.00 222906
18.520 0.000 0.00 9.49 -4.40 1081.89 0.00 1 0.00 223006
18.520 0.000 0.00 9.52 -4.40 1082.63 0.00 1 0.00 223106
18.519 0.000 0.00 9.46 -4.40 1083.56 0.00 1 0.00 223206
18.519 0.000 0.00 9.47 -4.40 1084.31 0.00 1 0.00 223306
18.519 0.000 0.00 9.42 -4.40 1085.24 0.00 1 0.00 223406
18.519 0.000 0.00 9.40 -4.40 1085.99 0.00 1 0.00 223506
18.520 0.000 0.00 9.38 -4.40 1086.74 0.00 1 0.00 223606
18.520 0.000 0.00 9.35 -4.40 1087.67 0.00 1 0.00 223706
18.520 0.000 0.00 9.33 -4.40 1088.41 0.00 1 0.00 223806
18.519 0.000 0.00 9.30 -4.40 1089.16 0.00 1 0.00 223906
18.519 0.000 0.00 9.29 -4.40 1090.09 0.00 1 0.00 224006
18.519 0.000 0.00 9.24 -4.40 1090.84 0.00 1 0.00 224106
18.519 0.000 0.00 9.24 -4.40 1091.58 0.00 1 0.00 224206
18.520 0.000 0.00 9.20 -4.40 1092.52 0.00 1 0.00 224306
18.520 0.000 0.00 9.20 -4.40 1093.26 0.00 1 0.00 224406
18.519 0.000 0.00 9.15 -4.40 1094.01 0.00 1 0.00 224506
18.517 0.000 0.00 9.13 -4.40 1094.94 0.00 1 0.00 224606
18.519 0.000 0.00 9.11 -4.40 1095.69 0.00 1 0.00 224706
18.519 0.000 0.00 9.09 -4.40 1096.43 0.00 1 0.00 224806
18.520 0.000 0.00 9.07 -4.40 1097.18 0.00 1 0.00 224906
18.520 0.000 0.00 9.04 -4.40 1098.11 0.00 1 0.00 225006
18.520 0.000 0.00 9.02 -4.40 1098.86 0.00 1 0.00 225106
18.519 0.000 0.00 8.99 -4.40 1099.60 0.00 1 0.00 225206
18.517 0.000 0.00 8.98 -4.40 1100.35 0.00 1 0.00 225306
18.519 0.000 0.00 8.94 -4.40 1101.10 0.00 1 0.00 225406
18.519 0.000 0.00 8.94 -4.40 1102.03 0.00 1 0.00 225506
18.520 0.000 0.00 8.88 -4.40 1102.77 0.00 1 0.00 225606
18.519 0.000 0.00 8.89 -4.40 1103.52 0.00 1 0.00 225706
18.519 0.000 0.00 8.84 -4.40 1104.27 0.00 1 0.00 225806
18.519 0.000 0.00 8.85 -4.40 1105.01 0.00 1 0.00 225906
18.519 0.000 0.00 8.79 -4.40 1105.76 0.00 1 0.00 226006
18.520 0.000 0.00 8.80 -4.40 1106.69 0.00 1 0.00 226106
18.520 0.000 0.00 8.75 -4.40 1107.44 0.00 1 0.00 226206
18.520 0.000 0.00 8.75 -4.40 1108.18 0.00 1 0.00 226306
18.519 0.000 0.00 8.71 -4.40 1108.93 0.00 1 0.00 226406
18.519 0.000 0.00 8.70 -4.40 1109.68 0.00 1 0.00 226506
18.517 0.000 0.00 8.66 -4.40 1110.42 0.00 1 0.00 226606
18.519 0.000 0.00 8.66 -4.40 1111.17 0.00 1 0.00 226706
18.520 0.000 0.00 8.62 -4.40 1111.91 0.00 1 0.00 226806
18.520 0.000 0.00 8.62 -4.40 1112.66 0.00 1 0.00 226906
18.519 0.000 0.00 8.57 -4.40 1113.41 0.00 1 0.00 227006
18.517 0.000 0.00 8.57 -4.40 1114.15 0.00 1 0.00 227106
18.517 0.000 0.00 8.51 -4.40 1114.90 0.00 1 0.00 227206
18.517 0.000 0.00 8.53 -4.40 1115.64 0.00 1 0.00 227306
18.520 0.000 0.00 8.48 -4.40 1116.39 0.00 1 0.00 227406
18.520 0.000 0.00 8.48 -4.40 1117.14 0.00 1 0.00 227506
18.520 0.000 0.00 8.44 -4.40 1117.88 0.00 1 0.00 227606
18.519 0.000 0.00 8.44 -4.40 1118.63 0.00 1 0.00 227706
18.517 0.000 0.00 8.38 -4.40 1119.37 0.00 1 0.00 227806
18.517 0.000 0.00 8.39 -4.40 1120.12 0.00 1 0.00 227906
18.519 0.000 0.00 8.34 -4.40 1120.86 0.00 1 0.00 228006
18.520 0.000 0.00 8.35 -4.40 1121.61 0.00 1 0.00 228106
18.519 0.000 0.00 8.30 -4.40 1122.36 0.00 1 0.00 228206
18.519 0.000 0.00 8.30 -4.40 1122.92 0.00 1 0.00 228306
18.517 0.000 0.00 8.25 -4.40 1123.66 0.00 1 0.00 228406
18.517 0.000 0.00 8.26 -4.40 1124.41 0.00 1 0.00 228506
18.517 0.000 0.00 8.21 -4.40 1125.15 0.00 1 0.00 228606
18.519 0.000 0.00 8.21 -4.40 1125.90 0.00 1 0.00 228706
18.519 0.000 0.00 8.17 -4.40 1126.65 0.00 1 0.00 228806
18.519 0.000 0.00 8.17 -4.40 1127.39 0.00 1 0.00 228906
18.519 0.000 0.00 8.14 -4.40 1127.95 0.00 1 0.00 229006
18.517 0.000 0.00 8.12 -4.40 1128.70 0.00 1 0.00 229106
18.519 0.000 0.00 8.09 -4.40 1129.44 0.00 1 0.00 229206
18.519 0.000 0.00 8.08 -4.40 1130.19 0.00 1 0.00 229306
18.520 0.000 0.00 8.06 -4.40 1130.75 0.00 1 0.00 229406
18.519 0.000 0.00 8.03 -4.40 1131.50 0.00 1 0.00 229506
18.519 0.000 0.00 8.02 -4.40 1132.24 0.00 1 0.00 229606
18.519 0.000 0.00 7.99 -4.40 1132.99 0.00 1 0.00 229706
18.517 0.000 0.00 7.98 -4.40 1133.55 0.00 1 0.00 229806
18.519 0.000 0.00 7.95 -4.40 1134.29 0.00 1 0.00 229906
18.519 0.000 0.00 7.94 -4.40 1135.04 0.00 1 0.00 230006
18.520 0.000 0.00 7.89 -4.40 1135.79 0.00 1 0.00 230106
18.519 0.000 0.00 7.90 -4.40 1136.34 0.00 1 0.00 230206
18.517 0.000 0.00 7.85 -4.40 1137.09 0.00 1 0.00 230306
18.517 0.000 0.00 7.85 -4.40 1137.84 0.00 1 0.00 230406
18.517 0.000 0.00 7.82 -4.40 1138.40 0.00 1 0.00 230506
18.519 0.000 0.00 7.80 -4.40 1139.14 0.00 1 0.00 230606
18.519 0.000 0.00 7.77 -4.40 1139.89 0.00 1 0.00 230706
18.520 0.000 0.00 7.76 -4.40 1140.45 0.00 1 0.00 230806
18.517 0.000 0.00 7.74 -4.40 1141.19 0.00 1 0.00 230906
18.517 0.000 0.00 7.72 -4.40 1141.94 0.00 1 0.00 231006
18.517 0.000 0.00 7.71 -4.40 1142.50 0.00 1 0.00 231106
18.519 0.000 0.00 7.67 -4.40 1143.24 0.00 1 0.00 231206
18.520 0.000 0.00 7.67 -4.40 1143.80 0.00 1 0.00 231306
18.520 0.000 0.00 7.62 -4.40 1144.55 0.00 1 0.00 231406
18.519 0.000 0.00 7.62 -4.40 1145.11 0.00 1 0.00 231506
18.517 0.000 0.00 7.59 -4.40 1145.86 0.00 1 0.00 231606
18.517 0.000 0.00 7.58 -4.40 1146.60 0.00 1 0.00 231706
18.517 0.000 0.00 7.56 -4.40 1147.16 0.00 1 0.00 231806
18.519 0.000 0.00 7.53 -4.40 1147.91 0.00 1 0.00 231906
18.520 0.000 0.00 7.53 -4.40 1148.47 0.00 1 0.00 232006
18.520 0.000 0.00 7.49 -4.40 1149.21 0.00 1 0.00 232106
18.519 0.000 0.00 7.49 -4.40 1149.77 0.00 1 0.00 232206
18.517 0.000 0.00 7.44 -4.40 1150.52 0.00 1 0.00 232306
18.517 0.000 0.00 7.44 -4.40 1151.08 0.00 1 0.00 232406
18.519 0.000 0.00 7.41 -4.40 1151.82 0.00 1 0.00 232506
18.519 0.000 0.00 7.39 -4.40 1152.38 0.00 1 0.00 232606
18.519 0.000 0.00 7.39 -4.40 1152.94 0.00 1 0.00 232706
18.519 0.000 0.00 7.36 -4.40 1153.69 0.00 1 0.00 232806
18.517 0.000 0.00 7.35 -4.40 1154.25 0.00 1 0.00 232906
18.517 0.000 0.00 7.29 -4.40 1154.99 0.00 1 0.00 233006
18.517 0.000 0.00 7.30 -4.40 1155.55 0.00 1 0.00 233106
18.519 0.000 0.00 7.27 -4.40 1156.30 0.00 1 0.00 233206
18.519 0.000 0.00 7.26 -4.40 1156.86 0.00 1 0.00 233306
18.519 0.000 0.00 7.25 -4.40 1157.42 0.00 1 0.00 233406
18.519 0.000 0.00 7.21 -4.40 1158.17 0.00 1 0.00 233506
18.517 0.000 0.00 7.21 -4.40 1158.72 0.00 1 0.00 233606
18.517 0.000 0.00 7.16 -4.40 1159.47 0.00 1 0.00 233706
18.517 0.000 0.00 7.16 -4.40 1160.03 0.00 1 0.00 233806
18.519 0.000 0.00 7.14 -4.40 1160.59 0.00 1 0.00 233906
18.519 0.000 0.00 7.12 -4.40 1161.34 0.00 1 0.00 234006
18.517 0.000 0.00 7.11 -4.40 1161.90 0.00 1 0.00 234106
18.517 0.000 0.00 7.07 -4.40 1162.45 0.00 1 0.00 234206
18.517 0.000 0.00 7.07 -4.40 1163.20 0.00 1 0.00 234306
18.519 0.000 0.00 7.03 -4.40 1163.76 0.00 1 0.00 234406
18.519 0.000 0.00 7.02 -4.40 1164.32 0.00 1 0.00 234506
18.519 0.000 0.00 7.01 -4.40 1164.88 0.00 1 0.00 234606
18.519 0.000 0.00 6.97 -4.40 1165.62 0.00 1 0.00 234706
18.517 0.000 0.00 6.97 -4.40 1166.18 0.00 1 0.00 234806
18.517 0.000 0.00 6.94 -4.40 1166.74 0.00 1 0.00 234906
18.517 0.000 0.00 6.93 -4.40 1167.30 0.00 1 0.00 235006
18.519 0.000 0.00 6.91 -4.40 1168.05 0.00 1 0.00 235106
18.519 0.000 0.00 6.88 -4.40 1168.61 0.00 1 0.00 235206
18.519 0.000 0.00 6.88 -4.40 1169.17 0.00 1 0.00 235306
18.517 0.000 0.00 6.85 -4.40 1169.73 0.00 1 0.00 235406
18.517 0.000 0.00 6.83 -4.40 1170.29 0.00 1 0.00 235506
18.517 0.000 0.00 6.82 -4.40 1171.03 0.00 1 0.00 235606
18.519 0.000 0.00 6.79 -4.40 1171.59 0.00 1 0.00 235706
18.519 0.000 0.00 6.78 -4.40 1172.15 0.00 1 0.00 235806
18.519 0.000 0.00 6.76 -4.40 1172.71 0.00 1 0.00 235906
18.519 0.000 0.00 6.74 -4.40 1173.27 0.00 1 0.00 236006
18.517 0.000 0.00 6.73 -4.40 1173.83 0.00 1 0.00 236106
18.517 0.000 0.00 6.69 -4.40 1174.58 0.00 1 0.00 236206
18.517 0.000 0.00 6.70 -4.40 1175.14 0.00 1 0.00 236306
18.519 0.000 0.00 6.66 -4.40 1175.70 0.00 1 0.00 236406
18.519 0.000 0.00 6.65 -4.40 1176.26 0.00 1 0.00 236506
18.519 0.000 0.00 6.64 -4.40 1176.81 0.00 1 0.00 236606
18.517 0.000 0.00 6.60 -4.40 1177.37 0.00 1 0.00 236706
18.517 0.000 0.00 6.60 -4.40 1177.93 0.00 1 0.00 236806
18.517 0.000 0.00 6.58 -4.40 1178.49 0.00 1 0.00 236906
18.517 0.000 0.00 6.55 -4.40 1179.05 0.00 1 0.00 237006
18.519 0.000 0.00 6.55 -4.40 1179.61 0.00 1 0.00 237106
18.519 0.000 0.00 6.50 -4.40 1180.36 0.00 1 0.00 237206
18.519 0.000 0.00 6.50 -4.40 1180.92 0.00 1 0.00 237306
18.517 0.000 0.00 6.48 -4.40 1181.48 0.00 1 0.00 237406
18.517 0.000 0.00 6.46 -4.40 1182.04 0.00 1 0.00 237506
18.519 0.000 0.00 6.45 -4.40 1182.60 0.00 1 0.00 237606
18.519 0.000 0.00 6.42 -4.40 1183.16 0.00 1 0.00 237706
18.519 0.000 0.00 6.41 -4.40 1183.72 0.00 1 0.00 237806
18.517 0.000 0.00 6.40 -4.40 1184.28 0.00 1 0.00 237906
18.517 0.000 0.00 6.36 -4.40 1184.83 0.00 1 0.00 238006
18.517 0.000 0.00 6.36 -4.40 1185.39 0.00 1 0.00 238106
18.517 0.000 0.00 6.34 -4.40 1185.95 0.00 1 0.00 238206
18.519 0.000 0.00 6.31 -4.40 1186.51 0.00 1 0.00 238306
18.519 0.000 0.00 6.31 -4.40 1186.89 0.00 1 0.00 238406
18.519 0.000 0.00 6.29 -4.40 1187.45 0.00 1 0.00 238506
18.517 0.000 0.00 6.26 -4.40 1188.01 0.00 1 0.00 238606
18.517 0.000 0.00 6.26 -4.40 1188.56 0.00 1 0.00 238706
18.517 0.000 0.00 6.23 -4.40 1189.12 0.00 1 0.00 238806
18.519 0.000 0.00 6.22 -4.40 1189.68 0.00 1 0.00 238906
18.519 0.000 0.00 6.21 -4.40 1190.24 0.00 1 0.00 239006
18.519 0.000 0.00 6.16 -4.40 1190.80 0.00 1 0.00 239106
18.517 0.000 0.00 6.16 -4.40 1191.36 0.00 1 0.00 239206
18.517 0.000 0.00 6.14 -4.40 1191.92 0.00 1 0.00 239306
18.517 0.000 0.00 6.11 -4.40 1192.48 0.00 1 0.00 239406
18.517 0.000 0.00 6.11 -4.40 1192.85 0.00 1 0.00 239506
18.519 0.000 0.00 6.09 -4.40 1193.41 0.00 1 0.00 239606
18.519 0.000 0.00 6.06 -4.40 1193.97 0.00 1 0.00 239706
18.519 0.000 0.00 6.06 -4.40 1194.53 0.00 1 0.00 239806
18.517 0.000 0.00 6.03 -4.40 1195.09 0.00 1 0.00 239906
18.517 0.000 0.00 6.02 -4.40 1195.65 0.00 1 0.00 240006
18.517 0.000 0.00 6.02 -4.40 1196.02 0.00 1 0.00 240106
18.519 0.000 0.00 5.99 -4.40 1196.58 0.00 1 0.00 240206
18.519 0.000 0.00 5.97 -4.40 1197.14 0.00 1 0.00 240306
18.519 0.000 0.00 5.96 -4.40 1197.70 0.00 1 0.00 240406
18.519 0.000 0.00 5.92 -4.40 1198.26 0.00 1 0.00 240506
18.517 0.000 0.00 5.92 -4.40 1198.64 0.00 1 0.00 240606
18.517 0.000 0.00 5.91 -4.40 1199.19 0.00 1 0.00 240706
18.517 0.000 0.00 5.88 -4.40 1199.75 0.00 1 0.00 240806
18.519 0.000 0.00 5.87 -4.40 1200.31 0.00 1 0.00 240906
18.519 0.000 0.00 5.86 -4.40 1200.69 0.00 1 0.00 241006
18.517 0.000 0.00 5.82 -4.40 1201.25 0.00 1 0.00 241106
18.517 0.000 0.00 5.82 -4.40 1201.81 0.00 1 0.00 241206
18.517 0.000 0.00 5.81 -4.40 1202.18 0.00 1 0.00 241306
18.517 0.000 0.00 5.77 -4.40 1202.74 0.00 1 0.00 241406
18.517 0.000 0.00 5.77 -4.40 1203.30 0.00 1 0.00 241506
18.519 0.000 0.00 5.74 -4.40 1203.86 0.00 1 0.00 241606
18.519 0.000 0.00 5.72 -4.40 1204.23 0.00 1 0.00 241706
18.517 0.000 0.00 5.72 -4.40 1204.79 0.00 1 0.00 241806
18.517 0.000 0.00 5.70 -4.40 1205.35 0.00 1 0.00 241906
18.516 0.000 0.00 5.67 -4.40 1205.72 0.00 1 0.00 242006
18.519 0.000 0.00 5.67 -4.40 1206.28 0.00 1 0.00 242106
18.519 0.000 0.00 5.65 -4.40 1206.84 0.00 1 0.00 242206
18.519 0.000 0.00 5.62 -4.40 1207.21 0.00 1 0.00 242306
18.517 0.000 0.00 5.62 -4.40 1207.77 0.00 1 0.00 242406
18.517 0.000 0.00 5.61 -4.40 1208.15 0.00 1 0.00 242506
18.517 0.000 0.00 5.57 -4.40 1208.71 0.00 1 0.00 242606
18.517 0.000 0.00 5.57 -4.40 1209.27 0.00 1 0.00 242706
18.519 0.000 0.00 5.56 -4.40 1209.64 0.00 1 0.00 242806
18.519 0.000 0.00 5.52 -4.40 1210.20 0.00 1 0.00 242906
18.519 0.000 0.00 5.52 -4.40 1210.57 0.00 1 0.00 243006
18.517 0.000 0.00 5.51 -4.40 1211.13 0.00 1 0.00 243106
18.517 0.000 0.00 5.47 -4.40 1211.69 0.00 1 0.00 243206
18.517 0.000 0.00 5.47 -4.40 1212.06 0.00 1 0.00 243306
18.517 0.000 0.00 5.45 -4.40 1212.62 0.00 1 0.00 243406
18.519 0.000 0.00 5.43 -4.40 1213.00 0.00 1 0.00 243506
18.519 0.000 0.00 5.42 -4.40 1213.56 0.00 1 0.00 243606
18.517 0.000 0.00 5.41 -4.40 1213.93 0.00 1 0.00 243706
18.517 0.000 0.00 5.38 -4.40 1214.49 0.00 1 0.00 243806
18.517 0.000 0.00 5.37 -4.40 1214.86 0.00 1 0.00 243906
18.517 0.000 0.00 5.36 -4.40 1215.42 0.00 1 0.00 244006
18.519 0.000 0.00 5.34 -4.40 1215.79 0.00 1 0.00 244106
18.519 0.000 0.00 5.31 -4.40 1216.35 0.00 1 0.00 244206
18.519 0.000 0.00 5.31 -4.40 1216.73 0.00 1 0.00 244306
18.517 0.000 0.00 5.29 -4.40 1217.29 0.00 1 0.00 244406
18.517 0.000 0.00 5.26 -4.40 1217.66 0.00 1 0.00 244506
18.517 0.000 0.00 5.26 -4.40 1218.22 0.00 1 0.00 244606
18.517 0.000 0.00 5.25 -4.40 1218.59 0.00 1 0.00 244706
18.519 0.000 0.00 5.21 -4.40 1219.15 0.00 1 0.00 244806
18.517 0.000 0.00 5.21 -4.40 1219.52 0.00 1 0.00 244906
18.517 0.000 0.00 5.20 -4.40 1219.90 0.00 1 0.00 245006
18.517 0.000 0.00 5.17 -4.40 1220.46 0.00 1 0.00 245106
18.517 0.000 0.00 5.16 -4.40 1220.83 0.00 1 0.00 245206
18.519 0.000 0.00 5.15 -4.40 1221.39 0.00 1 0.00 245306
18.519 0.000 0.00 5.14 -4.40 1221.76 0.00 1 0.00 245406
18.519 0.000 0.00 5.11 -4.40 1222.13 0.00 1 0.00 245506
18.517 0.000 0.00 5.10 -4.40 1222.69 0.00 1 0.00 245606
18.517 0.000 0.00 5.09 -4.40 1223.07 0.00 1 0.00 245706
18.517 0.000 0.00 5.06 -4.40 1223.63 0.00 1 0.00 245806
18.517 0.000 0.00 5.06 -4.40 1224.00 0.00 1 0.00 245906
18.519 0.000 0.00 5.05 -4.40 1224.37 0.00 1 0.00 246006
18.519 0.000 0.00 5.02 -4.40 1224.93 0.00 1 0.00 246106
18.517 0.000 0.00 5.01 -4.40 1225.30 0.00 1 0.00 246206
18.517 0.000 0.00 5.00 -4.40 1225.68 0.00 1 0.00 246306
18.517 0.000 0.00 4.98 -4.40 1226.24 0.00 1 0.00 246406
18.517 0.000 0.00 4.95 -4.40 1226.61 0.00 1 0.00 246506
18.519 0.000 0.00 4.95 -4.40 1226.98 0.00 1 0.00 246606
18.519 0.000 0.00 4.94 -4.40 1227.54 0.00 1 0.00 246706
18.519 0.000 0.00 4.92 -4.40 1227.92 0.00 1 0.00 246806
18.517 0.000 0.00 4.90 -4.40 1228.29 0.00 1 0.00 246906
18.516 0.000 0.00 4.90 -4.40 1228.66 0.00 1 0.00 247006
18.516 0.000 0.00 4.87 -4.40 1229.22 0.00 1 0.00 247106
18.517 0.000 0.00 4.85 -4.40 1229.59 0.00 1 0.00 247206
18.519 0.000 0.00 4.85 -4.40 1229.97 0.00 1 0.00 247306
18.519 0.000 0.00 4.83 -4.40 1230.53 0.00 1 0.00 247406
18.519 0.000 0.00 4.81 -4.40 1230.90 0.00 1 0.00 247506
18.517 0.000 0.00 4.80 -4.40 1231.27 0.00 1 0.00 247606
18.516 0.000 0.00 4.79 -4.40 1231.65 0.00 1 0.00 247706
18.516 0.000 0.00 4.78 -4.40 1232.02 0.00 1 0.00 247806
18.517 0.000 0.00 4.74 -4.40 1232.58 0.00 1 0.00 247906
18.519 0.000 0.00 4.74 -4.40 1232.95 0.00 1 0.00 248006
18.519 0.000 0.00 4.73 -4.40 1233.32 0.00 1 0.00 248106
18.517 0.000 0.00 4.72 -4.40 1233.70 0.00 1 0.00 248206
18.516 0.000 0.00 4.69 -4.40 1234.26 0.00 1 0.00 248306
18.517 0.000 0.00 4.69 -4.40 1234.63 0.00 1 0.00 248406
18.517 0.000 0.00 4.67 -4.40 1235.00 0.00 1 0.00 248506
18.517 0.000 0.00 4.65 -4.40 1235.38 0.00 1 0.00 248606
18.517 0.000 0.00 4.64 -4.40 1235.75 0.00 1 0.00 248706
18.517 0.000 0.00 4.63 -4.40 1236.12 0.00 1 0.00 248806
18.517 0.000 0.00 4.61 -4.40 1236.68 0.00 1 0.00 248906
18.516 0.000 0.00 4.59 -4.40 1237.05 0.00 1 0.00 249006
18.517 0.000 0.00 4.58 -4.40 1237.43 0.00 1 0.00 249106
18.517 0.000 0.00 4.57 -4.40 1237.80 0.00 1 0.00 249206
18.519 0.000 0.00 4.55 -4.40 1238.17 0.00 1 0.00 249306
18.517 0.000 0.00 4.53 -4.40 1238.55 0.00 1 0.00 249406
18.517 0.000 0.00 4.53 -4.40 1238.92 0.00 1 0.00 249506
18.516 0.000 0.00 4.52 -4.40 1239.29 0.00 1 0.00 249606
18.516 0.000 0.00 4.49 -4.40 1239.85 0.00 1 0.00 249706
18.517 0.000 0.00 4.47 -4.40 1240.22 0.00 1 0.00 249806
18.517 0.000 0.00 4.47 -4.40 1240.60 0.00 1 0.00 249906
18.519 0.000 0.00 4.46 -4.40 1240.97 0.00 1 0.00 250006
18.517 0.000 0.00 4.43 -4.40 1241.34 0.00 1 0.00 250106
18.517 0.000 0.00 4.42 -4.40 1241.72 0.00 1 0.00 250206
18.516 0.000 0.00 4.41 -4.40 1242.09 0.00 1 0.00 250306
18.517 0.000 0.00 4.40 -4.40 1242.46 0.00 1 0.00 250406
18.519 0.000 0.00 4.38 -4.40 1242.84 0.00 1 0.00 250506
18.519 0.000 0.00 4.36 -4.40 1243.21 0.00 1 0.00 250606
18.517 0.000 0.00 4.36 -4.40 1243.58 0.00 1 0.00 250706
18.516 0.000 0.00 4.34 -4.40 1243.95 0.00 1 0.00 250806
18.516 0.000 0.00 4.32 -4.40 1244.33 0.00 1 0.00 250906
18.517 0.000 0.00 4.30 -4.40 1244.70 0.00 1 0.00 251006
18.517 0.000 0.00 4.30 -4.40 1245.07 0.00 1 0.00 251106
18.519 0.000 0.00 4.28 -4.40 1245.45 0.00 1 0.00 251206
18.519 0.000 0.00 4.26 -4.40 1245.82 0.00 1 0.00 251306
18.517 0.000 0.00 4.25 -4.40 1246.19 0.00 1 0.00 251406
18.516 0.000 0.00 4.24 -4.40 1246.57 0.00 1 0.00 251506
18.516 0.000 0.00 4.23 -4.40 1246.94 0.00 1 0.00 251606
18.517 0.000 0.00 4.21 -4.40 1247.31 0.00 1 0.00 251706
18.517 0.000 0.00 4.19 -4.40 1247.68 0.00 1 0.00 251806
18.517 0.000 0.00 4.18 -4.40 1248.06 0.00 1 0.00 251906
18.517 0.000 0.00 4.17 -4.40 1248.43 0.00 1 0.00 252006
18.516 0.000 0.00 4.15 -4.40 1248.80 0.00 1 0.00 252106
18.516 0.000 0.00 4.13 -4.40 1249.18 0.00 1 0.00 252206
18.516 0.000 0.00 4.12 -4.40 1249.55 0.00 1 0.00 252306
18.517 0.000 0.00 4.11 -4.40 1249.92 0.00 1 0.00 252406
18.517 0.000 0.00 4.09 -4.40 1250.30 0.00 1 0.00 252506
18.517 0.000 0.00 4.08 -4.40 1250.48 0.00 1 0.00 252606
18.517 0.000 0.00 4.07 -4.40 1250.86 0.00 1 0.00 252706
18.516 0.000 0.00 4.06 -4.40 1251.23 0.00 1 0.00 252806
18.517 0.000 0.00 4.04 -4.40 1251.60 0.00 1 0.00 252906
18.517 0.000 0.00 4.01 -4.40 1251.97 0.00 1 0.00 253006
18.517 0.000 0.00 4.01 -4.40 1252.35 0.00 1 0.00 253106
18.517 0.000 0.00 4.00 -4.40 1252.72 0.00 1 0.00 253206
18.516 0.000 0.00 3.98 -4.40 1253.09 0.00 1 0.00 253306
18.516 0.000 0.00 3.97 -4.40 1253.28 0.00 1 0.00 253406
18.516 0.000 0.00 3.95 -4.40 1253.65 0.00 1 0.00 253506
18.517 0.000 0.00 3.94 -4.40 1254.03 0.00 1 0.00 253606
18.517 0.000 0.00 3.93 -4.40 1254.40 0.00 1 0.00 253706
18.517 0.000 0.00 3.90 -4.40 1254.77 0.00 1 0.00 253806
18.517 0.000 0.00 3.89 -4.40 1255.15 0.00 1 0.00 253906
18.516 0.000 0.00 3.89 -4.40 1255.33 0.00 1 0.00 254006
18.516 0.000 0.00 3.88 -4.40 1255.70 0.00 1 0.00 254106
18.516 0.000 0.00 3.86 -4.40 1256.08 0.00 1 0.00 254206
18.517 0.000 0.00 3.84 -4.40 1256.45 0.00 1 0.00 254306
18.517 0.000 0.00 3.82 -4.40 1256.82 0.00 1 0.00 254406
18.517 0.000 0.00 3.82 -4.40 1257.01 0.00 1 0.00 254506
18.516 0.000 0.00 3.81 -4.40 1257.38 0.00 1 0.00 254606
18.516 0.000 0.00 3.78 -4.40 1257.76 0.00 1 0.00 254706
18.516 0.000 0.00 3.77 -4.40 1258.13 0.00 1 0.00 254806
18.517 0.000 0.00 3.76 -4.40 1258.32 0.00 1 0.00 254906
18.517 0.000 0.00 3.75 -4.40 1258.69 0.00 1 0.00 255006
18.517 0.000 0.00 3.73 -4.40 1259.06 0.00 1 0.00 255106
18.517 0.000 0.00 3.71 -4.40 1259.43 0.00 1 0.00 255206
18.516 0.000 0.00 3.70 -4.40 1259.62 0.00 1 0.00 255306
18.516 0.000 0.00 3.69 -4.40 1259.99 0.00 1 0.00 255406
18.516 0.000 0.00 3.68 -4.40 1260.37 0.00 1 0.00 255506
18.517 0.000 0.00 3.67 -4.40 1260.55 0.00 1 0.00 255606
18.517 0.000 0.00 3.65 -4.40 1260.93 0.00 1 0.00 255706
18.517 0.000 0.00 3.63 -4.40 1261.30 0.00 1 0.00 255806
18.516 0.000 0.00 3.62 -4.40 1261.67 0.00 1 0.00 255906
18.516 0.000 0.00 3.61 -4.40 1261.86 0.00 1 0.00 256006
18.517 0.000 0.00 3.59 -4.40 1262.23 0.00 1 0.00 256106
18.517 0.000 0.00 3.58 -4.40 1262.60 0.00 1 0.00 256206
18.517 0.000 0.00 3.57 -4.40 1262.79 0.00 1 0.00 256306
18.517 0.000 0.00 3.56 -4.40 1263.16 0.00 1 0.00 256406
18.517 0.000 0.00 3.54 -4.40 1263.54 0.00 1 0.00 256506
18.516 0.000 0.00 3.53 -4.40 1263.72 0.00 1 0.00 256606
18.516 0.000 0.00 3.51 -4.40 1264.10 0.00 1 0.00 256706
18.517 0.000 0.00 3.51 -4.40 1264.28 0.00 1 0.00 256806
18.517 0.000 0.00 3.49 -4.40 1264.66 0.00 1 0.00 256906
18.517 0.000 0.00 3.47 -4.40 1265.03 0.00 1 0.00 257006
18.517 0.000 0.00 3.46 -4.40 1265.22 0.00 1 0.00 257106
18.517 0.000 0.00 3.44 -4.40 1265.59 0.00 1 0.00 257206
18.516 0.000 0.00 3.43 -4.40 1265.96 0.00 1 0.00 257306
18.516 0.000 0.00 3.42 -4.40 1266.15 0.00 1 0.00 257406
18.517 0.000 0.00 3.40 -4.40 1266.52 0.00 1 0.00 257506
18.517 0.000 0.00 3.39 -4.40 1266.71 0.00 1 0.00 257606
18.517 0.000 0.00 3.37 -4.40 1267.08 0.00 1 0.00 257706
18.516 0.000 0.00 3.37 -4.40 1267.27 0.00 1 0.00 257806
18.516 0.000 0.00 3.36 -4.40 1267.64 0.00 1 0.00 257906
18.516 0.000 0.00 3.33 -4.40 1268.01 0.00 1 0.00 258006
18.517 0.000 0.00 3.32 -4.40 1268.20 0.00 1 0.00 258106
18.517 0.000 0.00 3.31 -4.40 1268.57 0.00 1 0.00 258206
18.517 0.000 0.00 3.30 -4.40 1268.76 0.00 1 0.00 258306
18.517 0.000 0.00 3.29 -4.40 1269.13 0.00 1 0.00 258406
18.516 0.000 0.00 3.28 -4.40 1269.32 0.00 1 0.00 258506
18.516 0.000 0.00 3.25 -4.40 1269.69 0.00 1 0.00 258606
18.516 0.000 0.00 3.24 -4.40 1269.88 0.00 1 0.00 258706
18.517 0.000 0.00 3.23 -4.40 1270.25 0.00 1 0.00 258806
18.517 0.000 0.00 3.22 -4.40 1270.44 0.00 1 0.00 258906
18.517 0.000 0.00 3.20 -4.40 1270.81 0.00 1 0.00 259006
18.516 0.000 0.00 3.19 -4.40 1271.00 0.00 1 0.00 259106
18.516 0.000 0.00 3.16 -4.40 1271.37 0.00 1 0.00 259206
18.516 0.000 0.00 3.16 -4.40 1271.56 0.00 1 0.00 259306
18.517 0.000 0.00 3.15 -4.40 1271.93 0.00 1 0.00 259406
18.517 0.000 0.00 3.14 -4.40 1272.12 0.00 1 0.00 259506
18.517 0.000 0.00 3.13 -4.40 1272.30 0.00 1 0.00 259606
18.517 0.000 0.00 3.11 -4.40 1272.68 0.00 1 0.00 259706
18.516 0.000 0.00 3.09 -4.40 1272.86 0.00 1 0.00 259806
18.516 0.000 0.00 3.08 -4.40 1273.24 0.00 1 0.00 259906
18.516 0.000 0.00 3.07 -4.40 1273.42 0.00 1 0.00 260006
18.517 0.000 0.00 3.06 -4.40 1273.80 0.00 1 0.00 260106
18.517 0.000 0.00 3.04 -4.40 1273.98 0.00 1 0.00 260206
18.516 0.000 0.00 3.03 -4.40 1274.17 0.00 1 0.00 260306
18.516 0.000 0.00 3.01 -4.40 1274.54 0.00 1 0.00 260406
18.516 0.000 0.00 3.01 -4.40 1274.73 0.00 1 0.00 260506
18.517 0.000 0.00 2.99 -4.40 1275.10 0.00 1 0.00 260606
18.517 0.000 0.00 2.98 -4.40 1275.29 0.00 1 0.00 260706
18.517 0.000 0.00 2.96 -4.40 1275.47 0.00 1 0.00 260806
18.517 0.000 0.00 2.94 -4.40 1275.85 0.00 1 0.00 260906
18.516 0.000 0.00 2.93 -4.40 1276.03 0.00 1 0.00 261006
18.516 0.000 0.00 2.92 -4.40 1276.41 0.00 1 0.00 261106
18.516 0.000 0.00 2.91 -4.40 1276.59 0.00 1 0.00 261206
18.517 0.000 0.00 2.90 -4.40 1276.78 0.00 1 0.00 261306
18.517 0.000 0.00 2.87 -4.40 1277.15 0.00 1 0.00 261406
18.517 0.000 0.00 2.86 -4.40 1277.34 0.00 1 0.00 261506
18.516 0.000 0.00 2.85 -4.40 1277.53 0.00 1 0.00 261606
18.516 0.000 0.00 2.84 -4.40 1277.90 0.00 1 0.00 261706
18.516 0.000 0.00 2.83 -4.40 1278.08 0.00 1 0.00 261806
18.516 0.000 0.00 2.82 -4.40 1278.27 0.00 1 0.00 261906
18.517 0.000 0.00 2.81 -4.40 1278.46 0.00 1 0.00 262006
18.517 0.000 0.00 2.78 -4.40 1278.83 0.00 1 0.00 262106
18.517 0.000 0.00 2.77 -4.40 1279.02 0.00 1 0.00 262206
18.516 0.000 0.00 2.77 -4.40 1279.20 0.00 1 0.00 262306
18.516 0.000 0.00 2.75 -4.40 1279.58 0.00 1 0.00 262406
18.516 0.000 0.00 2.74 -4.40 1279.76 0.00 1 0.00 262506
18.517 0.000 0.00 2.73 -4.40 1279.95 0.00 1 0.00 262606
18.517 0.000 0.00 2.71 -4.40 1280.14 0.00 1 0.00 262706
18.517 0.000 0.00 2.69 -4.40 1280.51 0.00 1 0.00 262806
18.516 0.000 0.00 2.68 -4.40 1280.70 0.00 1 0.00 262906
18.516 0.000 0.00 2.67 -4.40 1280.88 0.00 1 0.00 263006
18.516 0.000 0.00 2.66 -4.40 1281.07 0.00 1 0.00 263106
18.516 0.000 0.00 2.64 -4.40 1281.44 0.00 1 0.00 263206
18.517 0.000 0.00 2.63 -4.40 1281.63 0.00 1 0.00 263306
18.517 0.000 0.00 2.62 -4.40 1281.81 0.00 1 0.00 263406
18.517 0.000 0.00 2.61 -4.40 1282.00 0.00 1 0.00 263506
18.516 0.000 0.00 2.60 -4.40 1282.19 0.00 1 0.00 263606
18.516 0.000 0.00 2.58 -4.40 1282.56 0.00 1 0.00 263706
18.516 0.000 0.00 2.57 -4.40 1282.75 0.00 1 0.00 263806
18.517 0.000 0.00 2.55 -4.40 1282.93 0.00 1 0.00 263906
18.517 0.000 0.00 2.54 -4.40 1283.12 0.00 1 0.00 264006
18.516 0.000 0.00 2.53 -4.40 1283.31 0.00 1 0.00 264106
18.516 0.000 0.00 2.52 -4.40 1283.49 0.00 1 0.00 264206
18.516 0.000 0.00 2.50 -4.40 1283.87 0.00 1 0.00 264306
18.516 0.000 0.00 2.49 -4.40 1284.05 0.00 1 0.00 264406
18.516 0.000 0.00 2.48 -4.40 1284.24 0.00 1 0.00 264506
18.517 0.000 0.00 2.46 -4.40 1284.43 0.00 1 0.00 264606
18.517 0.000 0.00 2.45 -4.40 1284.61 0.00 1 0.00 264706
18.516 0.000 0.00 2.44 -4.40 1284.80 0.00 1 0.00 264806
18.516 0.000 0.00 2.43 -4.40 1284.98 0.00 1 0.00 264906
18.516 0.000 0.00 2.41 -4.40 1285.36 0.00 1 0.00 265006
18.516 0.000 0.00 2.40 -4.40 1285.54 0.00 1 0.00 265106
18.516 0.000 0.00 2.39 -4.40 1285.73 0.00 1 0.00 265206
18.517 0.000 0.00 2.37 -4.40 1285.92 0.00 1 0.00 265306
18.516 0.000 0.00 2.36 -4.40 1286.10 0.00 1 0.00 265406
18.516 0.000 0.00 2.35 -4.40 1286.29 0.00 1 0.00 265506
18.516 0.000 0.00 2.34 -4.40 1286.48 0.00 1 0.00 265606
18.516 0.000 0.00 2.33 -4.40 1286.66 0.00 1 0.00 265706
18.517 0.000 0.00 2.31 -4.40 1286.85 0.00 1 0.00 265806
18.517 0.000 0.00 2.30 -4.40 1287.04 0.00 1 0.00 265906
18.517 0.000 0.00 2.29 -4.40 1287.22 0.00 1 0.00 266006
18.516 0.000 0.00 2.27 -4.40 1287.41 0.00 1 0.00 266106
18.515 0.000 0.00 2.26 -4.40 1287.60 0.00 1 0.00 266206
18.515 0.000 0.00 2.25 -4.40 1287.78 0.00 1 0.00 266306
18.516 0.000 0.00 2.23 -4.40 1287.97 0.00 1 0.00 266406
18.517 0.000 0.00 2.23 -4.40 1288.16 0.00 1 0.00 266506
18.517 0.000 0.00 2.21 -4.40 1288.34 0.00 1 0.00 266606
18.517 0.000 0.00 2.20 -4.40 1288.53 0.00 1 0.00 266706
18.516 0.000 0.00 2.19 -4.40 1288.71 0.00 1 0.00 266806
18.516 0.000 0.00 2.17 -4.40 1288.90 0.00 1 0.00 266906
18.516 0.000 0.00 2.15 -4.40 1289.09 0.00 1 0.00 267006
18.517 0.000 0.00 2.14 -4.40 1289.27 0.00 1 0.00 267106
18.517 0.000 0.00 2.13 -4.40 1289.46 0.00 1 0.00 267206
18.517 0.000 0.00 2.12 -4.40 1289.65 0.00 1 0.00 267306
18.516 0.000 0.00 2.11 -4.40 1289.83 0.00 1 0.00 267406
18.516 0.000 0.00 2.09 -4.40 1290.02 0.00 1 0.00 267506
18.516 0.000 0.00 2.08 -4.40 1290.21 0.00 1 0.00 267606
18.516 0.000 0.00 2.06 -4.40 1290.39 0.00 1 0.00 267706
18.517 0.000 0.00 2.05 -4.40 1290.58 0.00 1 0.00 267806
18.517 0.000 0.00 2.03 -4.40 1290.77 0.00 1 0.00 267906
18.517 0.000 0.00 2.02 -4.40 1290.95 0.00 1 0.00 268006
18.516 0.000 0.00 2.01 -4.40 1291.14 0.00 1 0.00 268106
18.515 0.000 0.00 2.00 -4.40 1291.33 0.00 1 0.00 268206
18.516 0.000 0.00 1.98 -4.40 1291.51 0.00 1 0.00 268306
18.516 0.000 0.00 1.97 -4.40 1291.70 0.00 1 0.00 268406
18.517 0.000 0.00 1.95 -4.40 1291.89 0.00 1 0.00 268506
18.516 0.000 0.00 1.95 -4.40 1291.89 0.00 1 0.00 268606
18.516 0.000 0.00 1.93 -4.40 1292.07 0.00 1 0.00 268706
18.515 0.000 0.00 1.92 -4.40 1292.26 0.00 1 0.00 268806
18.516 0.000 0.00 1.90 -4.40 1292.44 0.00 1 0.00 268906
18.517 0.000 0.00 1.89 -4.40 1292.63 0.00 1 0.00 269006
18.517 0.000 0.00 1.88 -4.40 1292.82 0.00 1 0.00 269106
18.517 0.000 0.00 1.86 -4.40 1293.00 0.00 1 0.00 269206
18.516 0.000 0.00 1.86 -4.40 1293.00 0.00 1 0.00 269306
18.516 0.000 0.00 1.84 -4.40 1293.19 0.00 1 0.00 269406
18.515 0.000 0.00 1.83 -4.40 1293.38 0.00 1 0.00 269506
18.516 0.000 0.00 1.81 -4.40 1293.56 0.00 1 0.00 269606
18.517 0.000 0.00 1.80 -4.40 1293.75 0.00 1 0.00 269706
18.517 0.000 0.00 1.78 -4.40 1293.94 0.00 1 0.00 269806
18.516 0.000 0.00 1.78 -4.40 1293.94 0.00 1 0.00 269906
18.515 0.000 0.00 1.77 -4.40 1294.12 0.00 1 0.00 270006
18.515 0.000 0.00 1.75 -4.40 1294.31 0.00 1 0.00 270106
18.515 0.000 0.00 1.73 -4.40 1294.50 0.00 1 0.00 270206
18.516 0.000 0.00 1.71 -4.40 1294.68 0.00 1 0.00 270306
18.517 0.000 0.00 1.71 -4.40 1294.68 0.00 1 0.00 270406
18.517 0.000 0.00 1.70 -4.40 1294.87 0.00 1 0.00 270506
18.516 0.000 0.00 1.68 -4.40 1295.06 0.00 1 0.00 270606
18.515 0.000 0.00 1.66 -4.40 1295.24 0.00 1 0.00 270706
18.515 0.000 0.00 1.66 -4.40 1295.24 0.00 1 0.00 270806
18.516 0.000 0.00 1.65 -4.40 1295.43 0.00 1 0.00 270906
18.517 0.000 0.00 1.63 -4.40 1295.62 0.00 1 0.00 271006
18.516 0.000 0.00 1.61 -4.40 1295.80 0.00 1 0.00 271106
18.516 0.000 0.00 1.61 -4.40 1295.80 0.00 1 0.00 271206
18.516 0.000 0.00 1.59 -4.40 1295.99 0.00 1 0.00 271306
18.515 0.000 0.00 1.57 -4.40 1296.17 0.00 1 0.00 271406
18.515 0.000 0.00 1.57 -4.40 1296.17 0.00 1 0.00 271506
18.517 0.000 0.00 1.55 -4.40 1296.36 0.00 1 0.00 271606
18.516 0.000 0.00 1.54 -4.40 1296.55 0.00 1 0.00 271706
18.516 0.000 0.00 1.54 -4.40 1296.55 0.00 1 0.00 271806
18.516 0.000 0.00 1.51 -4.40 1296.73 0.00 1 0.00 271906
18.515 0.000 0.00 1.50 -4.40 1296.92 0.00 1 0.00 272006
18.516 0.000 0.00 1.50 -4.40 1296.92 0.00 1 0.00 272106
18.516 0.000 0.00 1.48 -4.40 1297.11 0.00 1 0.00 272206
18.516 0.000 0.00 1.46 -4.40 1297.29 0.00 1 0.00 272306
18.516 0.000 0.00 1.46 -4.40 1297.29 0.00 1 0.00 272406
18.515 0.000 0.00 1.44 -4.40 1297.48 0.00 1 0.00 272506
18.515 0.000 0.00 1.42 -4.40 1297.67 0.00 1 0.00 272606
18.515 0.000 0.00 1.42 -4.40 1297.67 0.00 1 0.00 272706
18.516 0.000 0.00 1.40 -4.40 1297.85 0.00 1 0.00 272806
18.516 0.000 0.00 1.38 -4.40 1298.04 0.00 1 0.00 272906
18.516 0.000 0.00 1.38 -4.40 1298.04 0.00 1 0.00 273006
18.516 0.000 0.00 1.35 -4.40 1298.23 0.00 1 0.00 273106
18.515 0.000 0.00 1.35 -4.40 1298.23 0.00 1 0.00 273206
18.515 0.000 0.00 1.34 -4.40 1298.41 0.00 1 0.00 273306
18.516 0.000 0.00 1.31 -4.40 1298.60 0.00 1 0.00 273406
18.516 0.000 0.00 1.31 -4.40 1298.60 0.00 1 0.00 273506
18.516 0.000 0.00 1.29 -4.40 1298.79 0.00 1 0.00 273606
18.517 0.000 0.00 1.29 -4.40 1298.79 0.00 1 0.00 273706
18.516 0.000 0.00 1.27 -4.40 1298.97 0.00 1 0.00 273806
18.515 0.000 0.00 1.27 -4.40 1298.97 0.00 1 0.00 273906
18.515 0.000 0.00 1.24 -4.40 1299.16 0.00 1 0.00 274006
18.516 0.000 0.00 1.24 -4.40 1299.16 0.00 1 0.00 274106
18.517 0.000 0.00 1.22 -4.40 1299.35 0.00 1 0.00 274206
18.517 0.000 0.00 1.22 -4.40 1299.35 0.00 1 0.00 274306
18.516 0.000 0.00 1.20 -4.40 1299.53 0.00 1 0.00 274406
18.515 0.000 0.00 1.17 -4.40 1299.72 0.00 1 0.00 274506
18.515 0.000 0.00 1.17 -4.40 1299.72 0.00 1 0.00 274606
18.515 0.000 0.00 1.15 -4.40 1299.91 0.00 1 0.00 274706
18.516 0.000 0.00 1.15 -4.40 1299.91 0.00 1 0.00 274806
18.517 0.000 0.00 1.12 -4.40 1300.09 0.00 1 0.00 274906
18.517 0.000 0.00 1.12 -4.40 1300.09 0.00 1 0.00 275006
18.515 0.000 0.00 1.12 -4.40 1300.09 0.00 1 0.00 275106
18.515 0.000 0.00 1.09 -4.40 1300.28 0.00 1 0.00 275206
18.516 0.000 0.00 1.09 -4.40 1300.28 0.00 1 0.00 275306
18.516 0.000 0.00 1.07 -4.40 1300.46 0.00 1 0.00 275406
18.516 0.000 0.00 1.07 -4.40 1300.46 0.00 1 0.00 275506
18.516 0.000 0.00 1.03 -4.40 1300.65 0.00 1 0.00 275606
18.516 0.000 0.00 1.03 -4.40 1300.65 0.00 1 0.00 275706
18.515 0.000 0.00 1.00 -4.40 1300.84 0.00 1 0.00 275806
18.515 0.000 0.00 1.00 -4.40 1300.84 0.00 1 0.00 275906
18.516 0.000 0.00 1.00 -4.40 1300.84 0.00 1 0.00 276006
18.516 0.000 0.00 0.98 -4.40 1301.02 0.00 1 0.00 276106
18.516 0.000 0.00 0.98 -4.40 1301.02 0.00 1 0.00 276206
18.516 0.000 0.00 0.95 -4.40 1301.21 0.00 1 0.00 276306
18.516 0.000 0.00 0.95 -4.40 1301.21 0.00 1 0.00 276406
18.515 0.000 0.00 0.95 -4.40 1301.21 0.00 1 0.00 276506
18.515 0.000 0.00 0.92 -4.40 1301.40 0.00 1 0.00 276606
18.517 0.000 0.00 0.92 -4.40 1301.40 0.00 1 0.00 276706
18.517 0.000 0.00 0.92 -4.40 1301.40 0.00 1 0.00 276806
18.516 0.000 0.00 0.88 -4.40 1301.58 0.00 1 0.00 276906
18.515 0.000 0.00 0.88 -4.40 1301.58 0.00 1 0.00 277006
18.515 0.000 0.00 0.88 -4.40 1301.58 0.00 1 0.00 277106
18.515 0.000 0.00 0.84 -4.40 1301.77 0.00 1 0.00 277206
18.516 0.000 0.00 0.84 -4.40 1301.77 0.00 1 0.00 277306
18.517 0.000 0.00 0.84 -4.40 1301.77 0.00 1 0.00 277406
18.517 0.000 0.00 0.80 -4.40 1301.96 0.00 1 0.00 277506
18.516 0.000 0.00 0.80 -4.40 1301.96 0.00 1 0.00 277606
18.515 0.000 0.00 0.80 -4.40 1301.96 0.00 1 0.00 277706
18.515 0.000 0.00 0.76 -4.40 1302.14 0.00 1 0.00 277806
18.515 0.000 0.00 0.76 -4.40 1302.14 0.00 1 0.00 277906
18.516 0.000 0.00 0.76 -4.40 1302.14 0.00 1 0.00 278006
18.516 0.000 0.00 0.76 -4.40 1302.14 0.00 1 0.00 278106
18.517 0.000 0.00 0.72 -4.40 1302.33 0.00 1 0.00 278206
18.515 0.000 0.00 0.72 -4.40 1302.33 0.00 1 0.00 278306
18.515 0.000 0.00 0.72 -4.40 1302.33 0.00 1 0.00 278406
18.515 0.000 0.00 0.67 -4.40 1302.52 0.00 1 0.00 278506
18.516 0.000 0.00 0.67 -4.40 1302.52 0.00 1 0.00 278606
18.516 0.000 0.00 0.67 -4.40 1302.52 0.00 1 0.00 278706
18.516 0.000 0.00 0.67 -4.40 1302.52 0.00 1 0.00 278806
18.516 0.000 0.00 0.63 -4.40 1302.70 0.00 1 0.00 278906
18.515 0.000 0.00 0.63 -4.40 1302.70 0.00 1 0.00 279006
18.515 0.000 0.00 0.63 -4.40 1302.70 0.00 1 0.00 279106
18.515 0.000 0.00 0.63 -4.40 1302.70 0.00 1 0.00 279206
18.516 0.000 0.00 0.63 -4.40 1302.70 0.00 1 0.00 279306
18.516 0.000 0.00 0.63 -4.40 1302.70 0.00 1 0.00 279406
18.516 0.000 0.00 0.57 -4.40 1302.89 0.00 1 0.00 279506
18.515 0.000 0.00 0.57 -4.40 1302.89 0.00 1 0.00 279606
18.515 0.000 0.00 0.57 -4.40 1302.89 0.00 1 0.00 279706
18.516 0.000 0.00 0.57 -4.40 1302.89 0.00 1 0.00 279806
18.516 0.000 0.00 0.57 -4.40 1302.89 0.00 1 0.00 279906
18.516 0.000 0.00 0.57 -4.40 1302.89 0.00 1 0.00 280006
18.516 0.000 0.00 0.57 -4.40 1302.89 0.00 1 0.00 280106
18.516 0.000 0.00 0.57 -4.40 1302.89 0.00 1 0.00 280206
18.515 0.000 0.00 0.48 -4.40 1303.08 0.00 1 0.00 280306
18.515 0.000 0.00 0.48 -4.40 1303.08 0.00 1 0.00 280406
18.516 0.000 0.00 0.48 -4.40 1303.08 0.00 1 0.00 280506
18.516 0.000 0.00 0.48 -4.40 1303.08 0.00 1 0.00 280606
18.516 0.000 0.00 0.48 -4.40 1303.08 0.00 1 0.00 280706
18.515 0.000 0.00 0.48 -4.40 1303.08 0.00 1 0.00 280806
18.515 0.000 0.00 0.48 -4.40 1303.08 0.00 1 0.00 280906
18.515 0.000 0.00 0.48 -4.40 1303.08 0.00 1 0.00 281006
18.515 0.000 0.00 0.48 -4.40 1303.08 0.00 1 0.00 281106
18.516 0.000 0.00 0.48 -4.40 1303.08 0.00 1 0.00 281206
18.516 0.000 0.00 0.48 -4.40 1303.08 0.00 1 0.00 281306
18.516 0.000 0.00 0.48 -4.40 1303.08 0.00 1 0.00 281406
18.515 0.000 0.00 0.48 -4.40 1303.08 0.00 1 0.00 281506
18.515 0.000 0.00 0.48 -4.40 1303.08 0.00 1 0.00 281606
18.515 0.000 0.00 0.48 -4.40 1303.08 0.00 1 0.00 281706
18.516 0.000 0.00 0.48 -4.40 1303.08 0.00 1 0.00 281806
18.516 0.000 0.00 0.48 -4.40 1303.08 0.00 1 0.00 281906
18.516 0.000 0.00 0.48 -4.40 1303.08 0.00 1 0.00 282006
18.515 0.000 0.00 0.48 -4.40 1303.08 0.00 1 0.00 282106
18.515 0.000 0.00 0.48 -4.40 1303.08 0.00 1 0.00 282206
18.515 0.000 0.00 0.00 -4.40 1303.08 0.00 1 0.00 282306
18.515 0.000 0.00 0.00 -4.40 1303.08 0.00 1 0.00 282406
18.516 0.000 0.00 0.00 -4.40 1303.08 0.00 1 0.00 282506
18.516 0.000 0.00 0.00 -4.40 1303.08 0.00 1 0.00 282606
18.516 0.000 0.00 0.00 -4.40 1303.08 0.00 1 0.00 282706
18.515 0.000 0.00 0.00 -4.40 1303.08 0.00 1 0.00 282806
18.515 0.000 0.00 0.00 -4.40 1303.08 0.00 1 0.00 282906
18.515 0.000 0.00 0.00 -4.40 1303.08 0.00 1 0.00 283006
18.516 0.000 0.00 0.00 -4.40 1303.08 0.00 1 0.00 283106
18.516 0.000 0.00 0.00 -4.40 1303.08 0.00 1 0.00 283206
18.515 0.000 0.00 0.00 -4.40 1303.08 0.00 1 0.00 283306
18.515 0.000 0.00 0.00 -4.40 1303.08 0.00 1 0.00 283406
18.515 0.000 0.00 0.00 -4.40 1303.08 0.00 1 0.00 283506
18.515 0.000 0.00 0.00 -4.40 1303.08 0.00 1 0.00 283606
18.515 0.000 0.00 0.00 -4.40 1303.08 0.00 1 0.00 283706
18.516 0.000 0.00 0.00 -4.40 1303.08 0.00 1 0.00 283806
18.516 0.000 0.00 0.00 -4.40 1303.08 0.00 1 0.00 283906
18.515 0.000 0.00 0.00 -4.40 1303.08 0.00 1 0.00 284006
18.515 0.000 0.00 0.00 -4.40 1303.08 0.00 1 0.00 284106
18.515 0.000 0.00 0.00 -4.40 1303.08 0.00 1 0.00 284206
18.515 0.000 0.00 0.00 -4.40 1303.08 0.00 1 0.00 284306
18.515 0.000 0.00 0.00 -4.40 1303.08 0.00 1 0.00 284406
18.516 0.000 0.00 0.00 -4.40 1303.08 0.00 1 0.00 284506
18.515 0.000 0.00 0.00 -4.40 1303.08 0.00 1 0.00 284606
18.515 0.000 0.00 0.00 -4.40 1303.08 0.00 1 0.00 284706
18.515 0.000 0.00 0.00 -4.40 1303.08 0.00 1 0.00 284806
