30.09 0.01 0.38 0.00 6.00 3895592 0.89
30.09 0.01 0.38 0.00 6.00 3895612 0.89
30.09 0.01 0.38 0.00 6.00 3895632 0.89
30.09 0.01 0.38 0.00 6.00 3895652 0.89
30.09 0.01 0.38 0.00 6.00 3895672 0.89
30.09 0.01 0.38 0.00 6.00 3895692 0.89
30.09 0.01 0.38 0.00 6.00 3895712 0.89
30.09 0.01 0.38 0.00 6.00 3895732 0.89
30.09 0.01 0.38 0.00 6.00 3895752 0.89
30.09 0.01 0.38 0.00 6.00 3895772 0.89
30.09 0.01 0.38 0.00 6.00 3895792 0.89
30.09 0.01 0.38 0.00 6.00 3895812 0.89
30.09 0.01 0.38 0.00 6.00 3895832 0.89
30.09 0.01 0.38 0.00 6.00 3895852 0.89
30.09 0.01 0.38 0.00 6.00 3895872 0.89
30.09 0.01 0.38 0.00 6.00 3895892 0.47
30.09 0.01 0.38 0.00 6.00 3895912 0.47
30.09 0.01 0.38 0.00 6.00 3895932 0.47
30.09 0.01 0.38 0.00 6.00 3895952 0.47
30.06 0.38 11.27 0.00 6.00 3895972 0.47
30.06 0.38 11.27 0.00 6.00 3895992 0.47
30.06 0.38 11.27 0.00 6.00 3896012 0.47
30.06 0.38 11.27 0.00 6.00 3896032 0.47
30.02 2.63 79.10 0.00 6.00 3896052 0.47
30.02 2.63 79.10 0.00 6.00 3896072 0.47
30.02 2.63 79.10 0.00 6.00 3896092 0.47
30.02 2.63 79.10 0.00 6.00 3896112 0.47
29.98 5.00 149.81 0.00 6.00 3896132 0.47
29.98 5.00 149.81 2.03 6.00 3896152 0.47
29.98 5.00 149.81 2.03 6.00 3896172 0.47
29.95 6.22 186.47 2.03 6.00 3896192 0.47
29.95 6.22 186.47 2.03 6.00 3896212 0.47
29.95 6.22 186.47 2.03 6.00 3896232 0.47
29.95 6.22 186.47 2.03 6.00 3896252 0.47
29.95 6.84 204.76 2.03 6.00 3896272 0.47
29.95 6.84 204.76 2.02 6.00 3896292 0.47
29.95 6.84 204.76 2.02 6.00 3896312 0.47
29.94 6.99 209.32 2.02 6.00 3896332 0.47
29.94 6.99 209.32 2.02 6.00 3896352 0.47
29.94 6.99 209.32 2.02 6.00 3896372 0.47
29.94 6.99 209.32 2.02 6.00 3896392 0.47
29.94 7.07 211.77 2.02 6.00 3896412 0.47
29.94 7.07 211.77 2.02 6.00 3896432 0.47
29.94 7.07 211.77 2.02 6.00 3896452 0.47
29.94 7.07 211.77 2.02 6.00 3896472 0.47
29.94 6.98 209.02 2.02 6.00 3896492 0.47
29.94 6.98 209.02 2.02 6.00 3896512 0.47
29.94 6.98 209.02 2.02 6.00 3896532 0.47
29.95 6.92 207.16 2.02 6.00 3896552 0.47
29.95 6.92 207.16 2.02 6.00 3896572 0.47
29.95 6.92 207.16 2.02 6.00 3896592 0.47
29.95 6.92 207.16 2.02 6.00 3896612 0.47
29.95 6.81 204.03 2.02 6.00 3896632 0.47
29.95 6.81 204.03 2.02 6.00 3896652 0.47
29.95 6.81 204.03 2.02 6.00 3896672 0.47
29.95 6.81 204.03 2.02 6.00 3896692 0.47
29.95 6.69 200.53 2.02 6.00 3896712 0.47
29.95 6.69 200.53 2.02 6.00 3896732 0.47
29.95 6.69 200.53 2.02 6.00 3896752 0.47
29.96 6.49 194.57 2.02 6.00 3896772 0.47
29.96 6.49 194.57 2.02 6.00 3896792 0.47
29.96 6.49 194.57 2.02 6.00 3896812 0.47
29.96 6.49 194.57 2.02 6.00 3896832 0.47
29.96 6.32 189.41 2.02 6.00 3896852 0.47
29.96 6.32 189.41 2.02 6.00 3896872 0.47
29.96 6.32 189.41 2.02 6.00 3896892 0.47
29.96 6.16 184.73 2.02 6.00 3896912 0.47
29.96 6.16 184.73 2.02 6.00 3896932 0.47
29.96 6.16 184.73 2.03 6.00 3896952 0.47
29.96 6.16 184.73 2.03 6.00 3896972 0.47
29.97 6.03 180.84 2.03 6.00 3896992 0.47
29.97 6.03 180.84 2.03 6.00 3897012 0.47
29.97 6.03 180.84 2.03 6.00 3897032 0.47
29.97 6.03 180.84 2.03 6.00 3897052 0.47
29.97 5.93 177.86 2.03 6.00 3897072 0.47
29.97 5.93 177.86 2.04 6.00 3897092 0.47
29.97 5.93 177.86 2.04 6.00 3897112 0.47
29.97 5.81 174.20 2.04 6.00 3897132 0.47
29.97 5.81 174.20 2.04 6.00 3897152 0.47
29.97 5.81 174.20 2.04 6.00 3897172 0.47
29.97 5.81 174.20 2.05 6.00 3897192 0.47
29.97 5.70 170.93 2.05 6.00 3897212 0.47
29.97 5.70 170.93 2.05 6.00 3897232 0.47
29.97 5.70 170.93 2.06 6.00 3897252 0.47
29.97 5.62 168.60 2.07 6.00 3897272 0.47
29.97 5.62 168.60 2.07 6.00 3897292 0.47
29.97 5.62 168.60 2.13 6.00 3897312 0.47
29.97 5.62 168.60 50.86 6.00 3897332 0.47
29.98 5.45 163.38 56.58 6.00 3897352 0.47
29.98 5.45 163.38 58.72 6.00 3897372 0.47
29.98 5.45 163.38 62.22 6.00 3897392 0.47
29.98 5.45 163.38 65.22 6.00 3897412 0.47
29.98 5.42 162.63 66.59 6.00 3897432 0.47
29.98 5.42 162.63 69.17 6.00 3897452 0.47
29.98 5.42 162.63 71.43 6.00 3897472 0.47
29.98 5.31 159.13 72.54 6.00 3897492 0.47
29.98 5.31 159.13 74.70 6.00 3897512 0.47
29.98 5.31 159.13 76.72 6.00 3897532 0.47
29.98 5.31 159.13 78.54 6.00 3897552 0.47
29.98 5.17 154.95 79.45 6.00 3897572 0.47
29.98 5.17 154.95 81.29 6.00 3897592 0.47
29.98 5.17 154.95 83.00 6.00 3897612 0.47
29.98 5.17 154.95 84.67 6.00 3897632 0.47
29.99 5.06 151.88 86.27 6.00 3897652 0.47
29.99 5.06 151.88 87.06 6.00 3897672 0.47
29.99 5.06 151.88 88.49 6.00 3897692 0.47
29.99 4.97 149.12 90.03 6.00 3897712 0.47
29.99 4.97 149.12 91.52 6.00 3897732 0.47
29.99 4.97 149.12 92.94 6.00 3897752 0.47
29.99 4.97 149.12 94.21 6.00 3897772 0.47
29.99 4.93 147.84 95.51 6.00 3897792 0.47
29.99 4.93 147.84 96.82 6.00 3897812 0.47
29.99 4.93 147.84 98.10 6.00 3897832 0.47
29.99 4.82 144.71 99.36 6.00 3897852 0.47
29.99 4.82 144.71 100.60 6.00 3897872 0.47
29.99 4.82 144.71 101.73 6.00 3897892 0.47
29.99 4.82 144.71 102.92 6.00 3897912 0.47
29.99 4.68 140.45 104.12 6.00 3897932 0.47
29.99 4.68 140.45 105.23 6.00 3897952 0.48
29.99 4.68 140.45 106.32 6.00 3897972 0.48
29.99 4.68 140.45 107.90 6.00 3897992 0.48
29.99 4.72 141.72 108.99 6.00 3898012 0.48
29.99 4.72 141.72 110.08 6.00 3898032 0.48
29.99 4.72 141.72 111.08 6.00 3898052 0.48
29.99 4.91 147.31 112.05 6.00 3898072 0.48
29.99 4.91 147.31 113.60 6.00 3898092 0.48
29.99 4.91 147.31 114.47 6.00 3898112 0.49
29.99 4.91 147.31 115.56 6.00 3898132 0.49
29.98 5.18 155.31 116.47 6.00 3898152 0.49
29.98 5.18 155.31 117.88 6.00 3898172 0.49
29.98 5.18 155.31 118.89 6.00 3898192 0.49
29.98 5.18 155.31 119.73 6.00 3898212 0.49
29.98 5.34 160.16 121.21 6.00 3898232 0.49
29.98 5.34 160.16 122.13 6.00 3898252 0.49
29.98 5.34 160.16 122.98 6.00 3898272 0.49
29.98 5.45 163.30 124.30 6.00 3898292 0.49
29.98 5.45 163.30 125.19 6.00 3898312 0.49
29.98 5.45 163.30 126.50 6.00 3898332 0.49
29.98 5.45 163.30 127.47 6.00 3898352 0.49
29.97 5.60 167.79 128.66 6.00 3898372 0.49
29.97 5.60 167.79 129.53 6.00 3898392 0.50
29.97 5.60 167.79 130.83 6.00 3898412 0.50
29.97 5.66 169.57 131.71 6.00 3898432 0.50
29.97 5.66 169.57 133.01 6.00 3898452 0.50
29.97 5.66 169.57 133.82 6.00 3898472 0.50
29.97 5.66 169.57 135.07 6.00 3898492 0.50
29.97 5.72 171.36 135.90 6.00 3898512 0.50
29.97 5.72 171.36 137.26 6.00 3898532 0.50
29.97 5.72 171.36 138.48 6.00 3898552 0.50
29.97 5.72 171.36 139.30 6.00 3898572 0.50
29.97 5.72 171.44 140.50 6.00 3898592 0.50
29.97 5.72 171.44 141.76 6.00 3898612 0.50
29.97 5.72 171.44 142.50 6.00 3898632 0.50
29.97 5.70 170.99 143.81 6.00 3898652 0.50
29.97 5.70 170.99 144.81 6.00 3898672 0.50
29.97 5.70 170.99 145.71 6.00 3898692 0.50
29.97 5.70 170.99 146.88 6.00 3898712 0.50
29.97 5.73 171.74 148.14 6.00 3898732 0.50
29.97 5.73 171.74 149.15 6.00 3898752 0.50
29.97 5.73 171.74 150.37 6.00 3898772 0.50
29.97 5.66 169.72 151.46 6.00 3898792 0.50
29.97 5.66 169.72 152.21 6.00 3898812 0.50
29.97 5.66 169.72 153.30 6.00 3898832 0.50
29.97 5.66 169.72 154.41 6.00 3898852 0.50
29.97 5.66 169.58 155.44 6.00 3898872 0.50
29.97 5.66 169.58 156.64 6.00 3898892 0.50
29.97 5.66 169.58 157.65 6.00 3898912 0.50
29.97 5.66 169.58 158.63 6.00 3898932 0.50
29.98 5.55 166.52 159.78 6.00 3898952 0.50
29.98 5.55 166.52 160.79 6.00 3898972 0.50
29.98 5.55 166.52 161.88 6.00 3898992 0.51
29.97 5.58 167.40 162.89 6.00 3899012 0.51
29.97 5.58 167.40 164.07 6.00 3899032 0.51
29.97 5.58 167.40 165.08 6.00 3899052 0.51
29.97 5.58 167.40 165.87 6.00 3899072 0.51
29.97 5.63 168.76 166.86 6.00 3899092 0.51
29.97 5.63 168.76 167.86 6.00 3899112 0.51
29.97 5.63 168.76 168.76 6.00 3899132 0.51
29.97 5.63 168.76 170.04 6.00 3899152 0.51
29.98 5.54 165.99 171.02 6.00 3899172 0.51
29.98 5.54 165.99 171.90 6.00 3899192 0.51
29.98 5.54 165.99 172.87 6.00 3899212 0.51
29.97 5.56 166.59 173.82 6.00 3899232 0.51
29.97 5.56 166.59 175.11 6.00 3899252 0.51
29.97 5.56 166.59 176.00 6.00 3899272 0.51
29.97 5.56 166.59 176.92 6.00 3899292 0.51
29.97 5.60 167.93 177.88 6.00 3899312 0.51
29.97 5.60 167.93 178.86 6.00 3899332 0.51
29.97 5.60 167.93 179.77 6.00 3899352 0.51
29.97 5.62 168.38 180.88 6.00 3899372 0.51
29.97 5.62 168.38 181.86 6.00 3899392 0.51
29.97 5.62 168.38 182.69 6.00 3899412 0.51
29.97 5.62 168.38 183.50 6.00 3899432 0.51
29.97 5.68 170.24 184.82 6.00 3899452 0.51
29.97 5.68 170.24 185.54 6.00 3899472 0.51
29.97 5.68 170.24 186.47 6.00 3899492 0.52
29.97 5.68 170.24 187.57 6.00 3899512 0.52
29.97 5.71 171.06 188.36 6.00 3899532 0.52
29.97 5.71 171.06 189.46 6.00 3899552 0.52
29.97 5.71 171.06 190.28 6.00 3899572 0.52
29.97 5.69 170.47 191.43 6.00 3899592 0.52
29.97 5.69 170.47 192.14 6.00 3899612 0.52
29.97 5.69 170.47 193.37 6.00 3899632 0.52
29.97 5.69 170.47 194.07 6.00 3899652 0.52
29.97 5.64 169.19 195.20 6.00 3899672 0.52
29.97 5.64 169.19 196.22 6.00 3899692 0.52
29.97 5.64 169.19 196.91 6.00 3899712 0.52
29.97 5.64 169.19 198.09 6.00 3899732 0.52
29.97 5.67 169.94 198.80 6.00 3899752 0.52
29.97 5.67 169.94 199.81 6.00 3899772 0.52
29.97 5.67 169.94 200.90 6.00 3899792 0.52
29.97 5.65 169.50 201.67 6.00 3899812 0.52
29.97 5.65 169.50 202.63 6.00 3899832 0.52
29.97 5.65 169.50 203.66 6.00 3899852 0.52
29.97 5.65 169.50 204.64 6.00 3899872 0.52
29.97 5.60 167.85 205.40 6.00 3899892 0.52
29.97 5.60 167.85 206.38 6.00 3899912 0.52
29.97 5.60 167.85 207.27 6.00 3899932 0.52
29.97 5.56 166.59 208.37 6.00 3899952 0.52
29.97 5.56 166.59 209.04 6.00 3899972 0.52
29.97 5.56 166.59 209.77 6.00 3899992 0.52
29.97 5.56 166.59 210.85 6.00 3900012 0.52
29.97 5.62 168.53 211.85 6.00 3900032 0.52
29.97 5.62 168.53 212.93 6.00 3900052 0.52
29.97 5.62 168.53 213.71 6.00 3900072 0.53
29.97 5.62 168.53 214.48 6.00 3900092 0.53
29.97 5.63 168.82 215.34 6.00 3900112 0.53
29.97 5.63 168.82 216.22 6.00 3900132 0.53
29.97 5.63 168.82 217.23 6.00 3900152 0.53
29.97 5.59 167.71 218.18 6.00 3900172 0.53
29.97 5.59 167.71 219.01 6.00 3900192 0.53
29.97 5.59 167.71 219.81 6.00 3900212 0.53
29.97 5.59 167.71 220.73 6.00 3900232 0.53
29.97 5.59 167.48 221.46 6.00 3900252 0.53
29.97 5.59 167.48 222.57 6.00 3900272 0.53
29.97 5.59 167.48 223.45 6.00 3900292 0.53
29.97 5.70 170.78 224.30 6.00 3900312 0.53
29.97 5.70 170.76 224.86 6.00 3900332 0.53
29.97 5.70 170.76 226.03 6.00 3900352 0.53
29.97 5.70 170.76 227.05 6.00 3900372 0.53
29.97 5.77 173.00 227.90 6.00 3900392 0.53
29.97 5.77 173.00 228.66 6.00 3900412 0.53
29.97 5.77 173.00 229.57 6.00 3900432 0.53
29.97 5.77 173.00 230.50 6.00 3900452 0.53
29.97 5.82 174.50 231.20 6.00 3900472 0.53
29.97 5.82 174.50 232.19 6.00 3900492 0.53
29.97 5.82 174.50 233.21 6.00 3900512 0.53
29.97 5.77 172.87 234.02 6.00 3900532 0.53
29.97 5.77 172.87 234.84 6.00 3900552 0.53
29.97 5.77 172.87 235.64 6.00 3900572 0.53
29.97 5.77 172.87 236.64 6.00 3900592 0.53
29.97 5.72 171.37 237.55 6.00 3900612 0.53
29.97 5.72 171.37 238.27 6.00 3900632 0.53
29.97 5.72 171.37 239.26 6.00 3900652 0.53
29.97 5.72 171.37 239.97 6.00 3900672 0.53
29.97 5.66 169.72 240.89 6.00 3900692 0.53
29.97 5.66 169.72 241.97 6.00 3900712 0.54
29.97 5.66 169.72 242.70 6.00 3900732 0.54
29.97 5.69 170.69 243.56 6.00 3900752 0.54
29.97 5.69 170.69 244.52 6.00 3900772 0.54
29.97 5.69 170.69 245.18 6.00 3900792 0.54
29.97 5.69 170.69 246.04 6.00 3900812 0.54
29.97 5.65 169.42 246.93 6.00 3900832 0.54
29.97 5.65 169.42 247.91 6.00 3900852 0.54
29.97 5.65 169.42 248.55 6.00 3900872 0.54
29.97 5.68 170.24 249.60 6.00 3900892 0.54
29.97 5.68 170.24 250.42 6.00 3900912 0.54
29.97 5.68 170.24 251.26 6.00 3900932 0.54
29.97 5.68 170.24 251.86 6.00 3900952 0.54
29.97 5.70 170.84 252.93 6.00 3900972 0.54
29.97 5.70 170.84 253.59 6.00 3900992 0.54
29.97 5.70 170.84 254.39 6.00 3901012 0.54
29.97 5.70 170.84 255.31 6.00 3901032 0.54
29.98 5.59 167.57 256.13 6.00 3901052 0.54
29.98 5.59 167.57 257.01 6.00 3901072 0.54
29.98 5.59 167.57 257.75 6.00 3901092 0.54
29.97 5.61 168.08 258.63 6.00 3901112 0.54
29.97 5.61 168.08 259.39 6.00 3901132 0.54
29.97 5.61 168.08 260.14 6.00 3901152 0.54
29.97 5.61 168.08 261.16 6.00 3901172 0.54
29.97 5.66 169.64 262.04 6.00 3901192 0.54
29.97 5.66 169.64 262.56 6.00 3901212 0.54
29.97 5.66 169.64 263.52 6.00 3901232 0.54
29.97 5.66 169.64 264.39 6.00 3901252 0.54
29.97 5.66 169.79 265.05 6.00 3901272 0.54
29.97 5.66 169.79 265.77 6.00 3901292 0.54
29.97 5.66 169.79 266.75 6.00 3901312 0.55
29.97 5.70 170.77 267.69 6.00 3901332 0.55
29.97 5.70 170.77 268.15 6.00 3901352 0.55
29.97 5.70 170.77 269.32 6.00 3901372 0.55
29.97 5.70 170.77 269.88 6.00 3901392 0.55
29.97 5.63 168.68 270.85 6.00 3901412 0.55
29.97 5.63 168.68 271.51 6.00 3901432 0.55
29.97 5.63 168.68 272.17 6.00 3901452 0.55
29.97 5.59 167.55 273.32 6.00 3901472 0.55
29.97 5.59 167.55 274.10 6.00 3901492 0.55
29.97 5.59 167.55 274.84 6.00 3901512 0.55
29.97 5.59 167.55 275.51 6.00 3901532 0.55
29.97 5.56 166.73 276.44 6.00 3901552 0.55
29.97 5.56 166.73 277.04 6.00 3901572 0.55
29.97 5.56 166.73 278.04 6.00 3901592 0.55
29.97 5.56 166.73 278.64 6.00 3901612 0.55
29.97 5.57 166.89 279.53 6.00 3901632 0.55
29.97 5.57 166.89 279.93 6.00 3901652 0.55
29.97 5.57 166.89 281.39 6.00 3901672 0.55
29.97 5.62 168.45 281.90 6.00 3901692 0.55
29.97 5.62 168.45 282.67 6.00 3901712 0.55
29.97 5.62 168.45 283.28 6.00 3901732 0.55
29.97 5.62 168.45 284.03 6.00 3901752 0.55
29.97 5.64 169.12 284.86 6.00 3901772 0.55
29.97 5.64 169.12 285.48 6.00 3901792 0.55
29.97 5.64 169.12 286.50 6.00 3901812 0.55
29.97 5.65 169.34 287.26 6.00 3901832 0.56
29.97 5.65 169.36 287.97 6.00 3901852 0.56
29.97 5.65 169.36 288.67 6.00 3901872 0.56
29.97 5.65 169.36 289.55 6.00 3901892 0.56
29.97 5.65 169.34 290.40 6.00 3901912 0.56
29.97 5.65 169.34 291.00 6.00 3901932 0.56
29.97 5.65 169.34 291.74 6.00 3901952 0.56
29.97 5.65 169.34 292.75 6.00 3901972 0.56
29.97 5.74 172.11 293.37 6.00 3901992 0.56
29.97 5.74 172.11 294.13 6.00 3902012 0.56
29.97 5.74 172.11 294.92 6.00 3902032 0.56
29.97 5.73 171.66 295.87 6.00 3902052 0.56
29.97 5.73 171.66 296.48 6.00 3902072 0.56
29.97 5.73 171.66 297.11 6.00 3902092 0.56
29.97 5.73 171.66 297.97 6.00 3902112 0.56
29.97 5.77 172.93 298.94 6.00 3902132 0.56
29.97 5.77 172.93 299.39 6.00 3902152 0.56
29.97 5.77 172.93 300.22 6.00 3902172 0.56
29.97 5.77 172.93 301.20 6.00 3902192 0.56
29.97 5.82 174.35 301.85 6.00 3902212 0.56
29.97 5.82 174.35 302.74 6.00 3902232 0.56
29.97 5.82 174.35 303.42 6.00 3902252 0.56
29.97 5.79 173.61 304.26 6.00 3902272 0.56
29.97 5.79 173.61 305.15 6.00 3902292 0.56
29.97 5.79 173.61 305.70 6.00 3902312 0.56
29.97 5.79 173.61 306.32 6.00 3902332 0.56
29.97 5.67 170.10 307.22 6.00 3902352 0.56
29.97 5.67 170.10 308.05 6.00 3902372 0.56
29.97 5.67 170.10 308.89 6.00 3902392 0.56
29.97 5.70 170.84 309.30 6.00 3902412 0.56
29.97 5.70 170.84 310.32 6.00 3902432 0.56
29.97 5.70 170.84 310.96 6.00 3902452 0.56
29.97 5.70 170.84 311.87 6.00 3902472 0.56
29.97 5.64 169.19 312.53 6.00 3902492 0.56
29.97 5.64 169.19 313.10 6.00 3902512 0.56
29.97 5.64 169.19 313.96 6.00 3902532 0.57
29.97 5.64 169.19 314.56 6.00 3902552 0.57
29.97 5.69 170.69 315.45 6.00 3902572 0.57
29.97 5.69 170.69 316.12 6.00 3902592 0.57
29.97 5.69 170.69 316.99 6.00 3902612 0.57
29.97 5.63 168.82 317.53 6.00 3902632 0.57
29.97 5.63 168.82 318.47 6.00 3902652 0.57
29.97 5.63 168.82 318.77 6.00 3902672 0.57
29.97 5.63 168.82 320.30 6.00 3902692 0.57
29.97 5.68 170.24 320.55 6.00 3902712 0.57
29.97 5.68 170.24 321.44 6.00 3902732 0.57
29.97 5.68 170.24 322.04 6.00 3902752 0.57
29.97 5.68 170.24 322.74 6.00 3902772 0.57
29.97 5.72 171.59 323.48 6.00 3902792 0.57
29.97 5.72 171.59 324.21 6.00 3902812 0.57
29.97 5.72 171.59 324.81 6.00 3902832 0.57
29.97 5.66 169.80 325.75 6.00 3902852 0.57
29.97 5.66 169.80 326.49 6.00 3902872 0.57
29.97 5.66 169.80 327.09 6.00 3902892 0.57
29.97 5.66 169.80 327.68 6.00 3902912 0.57
29.97 5.62 168.53 328.72 6.00 3902932 0.57
29.97 5.62 168.53 329.33 6.00 3902952 0.57
29.97 5.62 168.53 330.06 6.00 3902972 0.57
29.97 5.61 168.23 330.85 6.00 3902992 0.57
29.97 5.61 168.23 331.43 6.00 3903012 0.57
29.97 5.61 168.23 332.08 6.00 3903032 0.57
29.97 5.61 168.23 332.68 6.00 3903052 0.57
29.97 5.60 167.93 333.65 6.00 3903072 0.57
29.97 5.60 167.93 334.24 6.00 3903092 0.57
29.97 5.60 167.93 334.96 6.00 3903112 0.58
29.97 5.60 167.93 335.76 6.00 3903132 0.58
29.97 5.64 169.12 336.38 6.00 3903152 0.58
29.97 5.64 169.12 337.34 6.00 3903172 0.58
29.97 5.64 169.12 337.71 6.00 3903192 0.58
29.97 5.71 171.22 338.53 6.00 3903212 0.58
29.97 5.71 171.22 338.94 6.00 3903232 0.58
29.97 5.71 171.22 339.80 6.00 3903252 0.58
29.97 5.71 171.22 340.55 6.00 3903272 0.58
29.97 5.69 170.54 341.33 6.00 3903292 0.58
29.97 5.69 170.54 342.32 6.00 3903312 0.58
29.97 5.69 170.54 342.86 6.00 3903332 0.58
29.97 5.74 171.96 343.39 6.00 3903352 0.58
29.97 5.74 171.96 344.17 6.00 3903372 0.58
29.97 5.74 171.96 344.66 6.00 3903392 0.58
29.97 5.74 171.96 345.84 6.00 3903412 0.58
29.97 5.71 171.06 346.17 6.00 3903432 0.58
29.97 5.71 171.06 346.78 6.00 3903452 0.58
29.97 5.71 171.06 347.57 6.00 3903472 0.58
29.97 5.71 171.06 348.35 6.00 3903492 0.58
29.97 5.71 171.06 349.05 6.00 3903512 0.58
29.97 5.71 171.06 349.79 6.00 3903532 0.58
29.97 5.71 171.06 350.34 6.00 3903552 0.58
29.97 5.71 171.21 350.87 6.00 3903572 0.58
29.97 5.71 171.21 351.93 6.00 3903592 0.58
29.97 5.71 171.21 352.50 6.00 3903612 0.58
29.97 5.71 171.21 353.12 6.00 3903632 0.58
29.97 5.67 169.88 353.73 6.00 3903652 0.58
29.97 5.67 169.88 354.62 6.00 3903672 0.58
29.97 5.67 169.88 355.22 6.00 3903692 0.58
29.97 5.67 169.88 355.92 6.00 3903712 0.58
29.97 5.61 168.01 356.79 6.00 3903732 0.58
29.97 5.61 168.01 357.05 6.00 3903752 0.59
29.97 5.61 168.01 357.97 6.00 3903772 0.59
29.97 5.64 169.06 358.66 6.00 3903792 0.59
29.97 5.64 169.06 359.38 6.00 3903812 0.59
29.97 5.64 169.06 359.97 6.00 3903832 0.59
29.97 5.64 169.06 360.93 6.00 3903852 0.59
29.97 5.80 173.82 361.42 6.00 3903872 0.59
29.97 5.80 173.82 361.96 6.00 3903892 0.59
29.97 5.80 173.82 363.01 6.00 3903912 0.59
29.97 5.84 175.17 363.74 6.00 3903932 0.59
29.97 5.84 175.17 364.09 6.00 3903952 0.59
29.97 5.84 175.17 364.94 6.00 3903972 0.59
29.97 5.84 175.17 365.38 6.00 3903992 0.59
29.97 5.89 176.58 366.37 6.00 3904012 0.59
29.97 5.89 176.58 366.94 6.00 3904032 0.59
29.97 5.89 176.58 367.56 6.00 3904052 0.59
29.97 5.89 176.58 368.32 6.00 3904072 0.59
29.97 5.86 175.62 369.32 6.00 3904092 0.59
29.97 5.86 175.62 369.85 6.00 3904112 0.59
29.97 5.86 175.62 370.25 6.00 3904132 0.59
29.97 5.73 171.67 371.11 6.00 3904152 0.59
29.97 5.73 171.67 371.63 6.00 3904172 0.59
29.97 5.73 171.67 372.49 6.00 3904192 0.59
29.97 5.73 171.67 373.37 6.00 3904212 0.59
29.97 5.71 171.14 373.73 6.00 3904232 0.59
29.97 5.71 171.14 374.24 6.00 3904252 0.59
29.97 5.71 171.14 375.11 6.00 3904272 0.59
29.97 5.71 171.14 376.02 6.00 3904292 0.59
29.97 5.71 171.23 376.50 6.00 3904312 0.59
29.97 5.71 171.23 377.11 6.00 3904332 0.59
29.97 5.71 171.23 377.88 6.00 3904352 0.59
29.97 5.71 171.15 378.55 6.00 3904372 0.59
29.97 5.71 171.15 379.32 6.00 3904392 0.59
29.97 5.71 171.15 380.15 6.00 3904412 0.59
29.97 5.71 171.15 380.57 6.00 3904432 0.59
29.98 5.59 167.72 381.38 6.00 3904452 0.59
29.98 5.59 167.72 381.76 6.00 3904472 0.59
29.98 5.59 167.72 382.37 6.00 3904492 0.59
29.97 5.58 167.19 383.11 6.00 3904512 0.59
29.97 5.58 167.19 383.57 6.00 3904532 0.60
29.97 5.58 167.19 384.47 6.00 3904552 0.60
29.97 5.58 167.19 384.90 6.00 3904572 0.60
29.98 5.52 165.47 385.58 6.00 3904592 0.60
29.98 5.52 165.47 386.38 6.00 3904612 0.60
29.98 5.52 165.47 386.78 6.00 3904632 0.60
29.98 5.52 165.47 387.50 6.00 3904652 0.60
29.97 5.63 168.75 387.94 6.00 3904672 0.60
29.97 5.63 168.75 388.35 6.00 3904692 0.60
29.97 5.63 168.75 389.43 6.00 3904712 0.60
29.97 5.72 171.37 389.80 6.00 3904732 0.60
29.97 5.72 171.37 390.72 6.00 3904752 0.60
29.97 5.72 171.37 391.45 6.00 3904772 0.60
29.97 5.72 171.37 392.01 6.00 3904792 0.60
29.97 5.74 171.96 392.55 6.00 3904812 0.60
29.97 5.74 171.96 393.40 6.00 3904832 0.60
29.97 5.74 171.96 394.05 6.00 3904852 0.60
29.97 5.79 173.45 394.54 6.00 3904872 0.60
29.97 5.79 173.45 395.27 6.00 3904892 0.60
29.97 5.79 173.45 396.12 6.00 3904912 0.60
29.97 5.79 173.45 396.47 6.00 3904932 0.60
29.97 5.77 172.86 397.34 6.00 3904952 0.60
29.97 5.77 172.86 397.81 6.00 3904972 0.60
29.97 5.77 172.86 398.58 6.00 3904992 0.60
29.97 5.77 172.86 399.27 6.00 3905012 0.60
29.97 5.74 171.96 399.35 6.00 3905032 0.60
29.97 5.74 171.96 400.22 6.00 3905052 0.60
29.97 5.74 171.96 400.80 6.00 3905072 0.60
29.97 5.81 174.20 401.79 6.00 3905092 0.60
29.97 5.81 174.20 402.40 6.00 3905112 0.60
29.97 5.81 174.20 403.01 6.00 3905132 0.60
29.97 5.81 174.20 403.64 6.00 3905152 0.60
29.97 5.78 173.15 404.38 6.00 3905172 0.60
29.97 5.78 173.15 404.68 6.00 3905192 0.60
29.97 5.78 173.15 405.56 6.00 3905212 0.61
29.97 5.78 173.15 406.06 6.00 3905232 0.61
29.97 5.73 171.89 406.88 6.00 3905252 0.61
29.97 5.73 171.89 407.30 6.00 3905272 0.61
29.97 5.73 171.89 408.09 6.00 3905292 0.61
29.97 5.68 170.24 408.84 6.00 3905312 0.61
29.97 5.68 170.24 409.29 6.00 3905332 0.61
29.97 5.68 170.24 410.12 6.00 3905352 0.61
29.97 5.68 170.24 410.48 6.00 3905372 0.61
29.97 5.69 170.47 411.36 6.00 3905392 0.61
29.97 5.69 170.47 412.01 6.00 3905412 0.61
29.97 5.69 170.47 412.57 6.00 3905432 0.61
29.97 5.63 168.68 413.37 6.00 3905452 0.61
29.97 5.63 168.68 413.71 6.00 3905472 0.61
29.97 5.63 168.68 414.38 6.00 3905492 0.61
29.97 5.63 168.68 414.73 6.00 3905512 0.61
29.97 5.67 170.09 415.72 6.00 3905532 0.61
29.97 5.67 170.09 416.25 6.00 3905552 0.61
29.97 5.67 170.09 416.72 6.00 3905572 0.61
29.97 5.67 170.09 417.48 6.00 3905592 0.61
29.97 5.67 169.95 417.97 6.00 3905612 0.61
29.97 5.67 169.95 418.67 6.00 3905632 0.61
29.97 5.67 169.95 419.10 6.00 3905652 0.61
29.97 5.71 171.15 419.95 6.00 3905672 0.61
29.97 5.71 171.15 420.32 6.00 3905692 0.61
29.97 5.71 171.15 420.87 6.00 3905712 0.61
29.97 5.71 171.15 421.73 6.00 3905732 0.61
29.97 5.72 171.44 422.29 6.00 3905752 0.61
29.97 5.72 171.44 422.83 6.00 3905772 0.61
29.97 5.72 171.44 423.54 6.00 3905792 0.61
29.97 5.72 171.44 424.10 6.00 3905812 0.61
29.97 5.74 172.03 424.86 6.00 3905832 0.61
29.97 5.74 172.03 425.58 6.00 3905852 0.61
29.97 5.74 172.03 426.18 6.00 3905872 0.62
29.97 5.74 172.11 426.64 6.00 3905892 0.62
29.97 5.74 172.11 427.15 6.00 3905912 0.62
29.97 5.74 172.11 427.66 6.00 3905932 0.62
29.97 5.74 172.11 428.47 6.00 3905952 0.62
29.97 5.75 172.33 429.20 6.00 3905972 0.62
29.97 5.75 172.33 429.66 6.00 3905992 0.62
29.97 5.75 172.33 430.36 6.00 3906012 0.62
29.97 5.77 172.86 430.86 6.00 3906032 0.62
29.97 5.77 172.86 431.33 6.00 3906052 0.62
29.97 5.77 172.86 432.17 6.00 3906072 0.62
29.97 5.77 172.86 432.53 6.00 3906092 0.62
29.97 5.71 171.07 433.25 6.00 3906112 0.62
29.97 5.71 171.07 434.10 6.00 3906132 0.62
29.97 5.71 171.07 434.63 6.00 3906152 0.62
29.97 5.71 171.07 435.39 6.00 3906172 0.62
29.97 5.78 173.23 435.72 6.00 3906192 0.62
29.97 5.78 173.23 436.48 6.00 3906212 0.62
29.97 5.78 173.23 436.93 6.00 3906232 0.62
29.97 5.73 171.89 437.68 6.00 3906252 0.62
29.97 5.73 171.89 438.32 6.00 3906272 0.62
29.97 5.73 171.89 439.03 6.00 3906292 0.62
29.97 5.73 171.89 439.34 6.00 3906312 0.62
29.97 5.63 168.75 439.93 6.00 3906332 0.62
29.97 5.63 168.75 440.58 6.00 3906352 0.62
29.97 5.63 168.75 441.09 6.00 3906372 0.62
29.97 5.65 169.35 441.75 6.00 3906392 0.62
29.97 5.65 169.35 442.22 6.00 3906412 0.62
29.97 5.65 169.35 442.95 6.00 3906432 0.62
29.97 5.65 169.35 443.12 6.00 3906452 0.62
29.97 5.84 175.02 443.66 6.00 3906472 0.62
29.97 5.84 175.02 444.94 6.00 3906492 0.62
29.97 5.84 175.02 445.26 6.00 3906512 0.62
29.97 5.84 175.02 446.08 6.00 3906532 0.62
29.97 5.85 175.24 446.30 6.00 3906552 0.62
29.97 5.85 175.24 447.38 6.00 3906572 0.62
29.97 5.85 175.24 447.73 6.00 3906592 0.62
29.97 5.72 171.51 448.80 6.00 3906612 0.62
29.97 5.72 171.51 448.88 6.00 3906632 0.62
29.97 5.72 171.51 449.49 6.00 3906652 0.63
29.97 5.72 171.51 450.15 6.00 3906672 0.63
29.97 5.61 168.00 451.10 6.00 3906692 0.63
29.97 5.61 168.00 451.01 6.00 3906712 0.63
29.97 5.61 168.00 451.85 6.00 3906732 0.63
29.97 5.61 168.00 452.44 6.00 3906752 0.63
29.97 5.68 170.33 452.71 6.00 3906772 0.63
29.97 5.68 170.33 453.73 6.00 3906792 0.63
29.97 5.68 170.33 453.96 6.00 3906812 0.63
29.97 5.74 172.11 454.62 6.00 3906832 0.63
29.97 5.74 172.11 455.53 6.00 3906852 0.63
29.97 5.74 172.11 456.33 6.00 3906872 0.63
29.97 5.74 172.11 456.53 6.00 3906892 0.63
29.97 5.66 169.73 456.90 6.00 3906912 0.63
29.97 5.66 169.73 457.59 6.00 3906932 0.63
29.97 5.66 169.73 458.14 6.00 3906952 0.63
29.97 5.67 170.10 458.87 6.00 3906972 0.63
29.97 5.67 170.10 459.71 6.00 3906992 0.63
29.97 5.67 170.10 460.31 6.00 3907012 0.63
29.97 5.67 170.10 460.51 6.00 3907032 0.63
29.97 5.71 171.21 461.05 6.00 3907052 0.63
29.97 5.71 171.21 461.86 6.00 3907072 0.63
29.97 5.71 171.21 462.19 6.00 3907092 0.63
29.97 5.71 171.21 462.82 6.00 3907112 0.63
29.97 5.77 173.08 463.57 6.00 3907132 0.63
29.97 5.77 173.08 464.40 6.00 3907152 0.63
29.97 5.77 173.08 464.38 6.00 3907172 0.63
29.97 5.70 170.84 465.06 6.00 3907192 0.63
29.97 5.70 170.84 465.95 6.00 3907212 0.63
29.97 5.70 170.84 466.24 6.00 3907232 0.63
29.97 5.70 170.84 466.77 6.00 3907252 0.63
29.97 5.87 175.92 467.31 6.00 3907272 0.63
29.97 5.87 175.92 468.15 6.00 3907292 0.63
29.97 5.87 175.92 469.10 6.00 3907312 0.63
29.97 5.87 175.92 469.29 6.00 3907332 0.63
29.97 5.76 172.78 469.93 6.00 3907352 0.64
29.97 5.76 172.78 470.92 6.00 3907372 0.64
29.97 5.76 172.78 470.74 6.00 3907392 0.64
29.97 5.72 171.43 471.52 6.00 3907412 0.64
29.97 5.72 171.43 471.95 6.00 3907432 0.64
29.97 5.72 171.43 472.62 6.00 3907452 0.64
29.97 5.72 171.43 473.02 6.00 3907472 0.64
29.97 5.81 174.28 473.87 6.00 3907492 0.64
29.97 5.81 174.28 474.27 6.00 3907512 0.64
29.97 5.81 174.28 474.55 6.00 3907532 0.64
29.97 5.73 171.89 475.65 6.00 3907552 0.64
29.97 5.73 171.89 476.46 6.00 3907572 0.64
29.97 5.73 171.89 476.79 6.00 3907592 0.64
29.97 5.73 171.89 476.99 6.00 3907612 0.64
29.97 5.76 172.78 477.82 6.00 3907632 0.64
29.97 5.76 172.78 478.53 6.00 3907652 0.64
29.97 5.76 172.78 479.40 6.00 3907672 0.64
29.97 5.76 172.78 479.44 6.00 3907692 0.64
29.97 5.72 171.44 479.96 6.00 3907712 0.64
29.97 5.72 171.44 480.58 6.00 3907732 0.64
29.97 5.72 171.44 481.07 6.00 3907752 0.64
29.97 5.68 170.39 481.65 6.00 3907772 0.64
29.97 5.68 170.39 482.56 6.00 3907792 0.64
29.97 5.68 170.39 483.10 6.00 3907812 0.64
29.97 5.68 170.39 483.51 6.00 3907832 0.64
29.97 5.68 170.17 484.12 6.00 3907852 0.64
29.97 5.68 170.17 484.73 6.00 3907872 0.64
29.97 5.68 170.17 484.97 6.00 3907892 0.64
29.97 5.73 171.80 485.92 6.00 3907912 0.64
29.97 5.73 171.80 486.29 6.00 3907932 0.64
29.97 5.73 171.80 486.72 6.00 3907952 0.64
29.97 5.73 171.80 487.38 6.00 3907972 0.64
29.97 5.78 173.38 488.04 6.00 3907992 0.64
29.97 5.78 173.38 488.31 6.00 3908012 0.64
29.97 5.78 173.38 488.51 6.00 3908032 0.64
29.97 5.78 173.38 489.50 6.00 3908052 0.64
29.97 5.78 173.23 490.15 6.00 3908072 0.64
29.97 5.78 173.23 490.55 6.00 3908092 0.64
29.97 5.78 173.23 491.11 6.00 3908112 0.64
29.97 5.80 173.75 491.20 6.00 3908132 0.65
29.97 5.80 173.75 492.18 6.00 3908152 0.65
29.97 5.80 173.75 492.79 6.00 3908172 0.65
29.97 5.80 173.75 493.54 6.00 3908192 0.65
29.97 5.77 172.93 493.97 6.00 3908212 0.65
29.97 5.77 172.93 494.69 6.00 3908232 0.65
29.97 5.77 172.93 494.91 6.00 3908252 0.65
29.97 5.77 172.93 496.02 6.00 3908272 0.65
29.97 5.77 173.01 496.75 6.00 3908292 0.65
29.97 5.77 173.01 496.82 6.00 3908312 0.65
29.97 5.77 173.01 497.01 6.00 3908332 0.65
29.97 5.70 170.92 497.70 6.00 3908352 0.65
29.97 5.70 170.92 498.65 6.00 3908372 0.65
29.97 5.70 170.92 498.99 6.00 3908392 0.65
29.97 5.70 170.92 499.35 6.00 3908412 0.65
29.97 5.73 171.82 500.30 6.00 3908432 0.65
29.97 5.73 171.82 500.71 6.00 3908452 0.65
29.97 5.73 171.82 501.29 6.00 3908472 0.65
29.97 5.71 171.22 501.79 6.00 3908492 0.65
29.97 5.71 171.22 502.24 6.00 3908512 0.65
29.97 5.71 171.22 502.39 6.00 3908532 0.65
29.97 5.71 171.22 503.26 6.00 3908552 0.65
29.97 5.69 170.69 504.25 6.00 3908572 0.65
29.97 5.69 170.69 504.18 6.00 3908592 0.65
29.97 5.69 170.69 504.94 6.00 3908612 0.65
29.97 5.69 170.69 505.36 6.00 3908632 0.65
29.97 5.77 173.08 505.40 6.00 3908652 0.65
29.97 5.77 173.08 506.53 6.00 3908672 0.65
29.97 5.77 173.08 507.16 6.00 3908692 0.65
29.97 5.71 171.23 507.43 6.00 3908712 0.65
29.97 5.71 171.23 508.22 6.00 3908732 0.65
29.97 5.71 171.23 508.51 6.00 3908752 0.65
29.97 5.71 171.23 508.80 6.00 3908772 0.65
29.97 5.69 170.62 509.61 6.00 3908792 0.65
29.97 5.69 170.62 510.36 6.00 3908812 0.65
29.97 5.69 170.62 510.84 6.00 3908832 0.65
29.97 5.69 170.62 511.45 6.00 3908852 0.65
29.97 5.74 171.96 511.88 6.00 3908872 0.66
29.97 5.74 171.96 512.52 6.00 3908892 0.66
29.97 5.74 171.96 513.02 6.00 3908912 0.66
29.97 5.69 170.55 513.48 6.00 3908932 0.66
29.97 5.69 170.55 514.16 6.00 3908952 0.66
29.97 5.69 170.55 514.46 6.00 3908972 0.66
29.97 5.69 170.55 515.36 6.00 3908992 0.66
29.97 5.76 172.78 516.23 6.00 3909012 0.66
29.97 5.76 172.78 515.99 6.00 3909032 0.66
29.97 5.76 172.78 516.56 6.00 3909052 0.66
29.97 5.79 173.53 517.16 6.00 3909072 0.66
29.97 5.79 173.53 518.01 6.00 3909092 0.66
29.97 5.79 173.53 518.39 6.00 3909112 0.66
29.97 5.79 173.53 519.15 6.00 3909132 0.66
29.97 5.82 174.43 519.25 6.00 3909152 0.66
29.97 5.82 174.43 520.03 6.00 3909172 0.66
29.97 5.82 174.43 520.42 6.00 3909192 0.66
29.97 5.82 174.43 520.65 6.00 3909212 0.66
29.97 5.88 176.28 521.35 6.00 3909232 0.66
29.97 5.88 176.28 521.58 6.00 3909252 0.66
29.97 5.88 176.28 522.58 6.00 3909272 0.66
29.97 5.76 172.64 522.93 6.00 3909292 0.66
29.97 5.76 172.64 523.78 6.00 3909312 0.66
29.97 5.76 172.64 524.25 6.00 3909332 0.66
29.97 5.76 172.64 524.61 6.00 3909352 0.66
29.97 5.77 172.87 525.10 6.00 3909372 0.66
29.97 5.77 172.87 525.78 6.00 3909392 0.66
29.97 5.77 172.87 526.25 6.00 3909412 0.66
29.97 5.74 172.11 527.06 6.00 3909432 0.66
29.97 5.74 172.11 527.45 6.00 3909452 0.66
29.97 5.74 172.11 527.75 6.00 3909472 0.66
29.97 5.74 172.11 528.57 6.00 3909492 0.66
29.97 5.63 168.90 528.82 6.00 3909512 0.66
29.97 5.63 168.90 529.40 6.00 3909532 0.66
29.97 5.63 168.90 530.16 6.00 3909552 0.66
29.97 5.63 168.90 530.16 6.00 3909572 0.66
29.97 5.68 170.39 530.99 6.00 3909592 0.66
29.97 5.68 170.39 531.53 6.00 3909612 0.66
29.97 5.68 170.39 531.74 6.00 3909632 0.66
29.97 5.71 171.06 532.42 6.00 3909652 0.66
29.97 5.71 171.06 533.19 6.00 3909672 0.67
29.97 5.71 171.06 533.42 6.00 3909692 0.67
29.97 5.71 171.06 534.40 6.00 3909712 0.67
29.97 5.74 172.11 534.59 6.00 3909732 0.67
29.97 5.74 172.11 535.12 6.00 3909752 0.67
29.97 5.74 172.11 535.26 6.00 3909772 0.67
29.97 5.74 172.11 535.48 6.00 3909792 0.67
29.97 5.83 174.64 536.64 6.00 3909812 0.67
29.97 5.83 174.64 536.86 6.00 3909832 0.67
29.97 5.83 174.64 537.39 6.00 3909852 0.67
29.97 5.79 173.68 538.19 6.00 3909872 0.67
29.97 5.79 173.68 538.70 6.00 3909892 0.67
29.97 5.79 173.68 539.36 6.00 3909912 0.67
29.97 5.79 173.68 540.06 6.00 3909932 0.67
29.97 5.75 172.33 540.29 6.00 3909952 0.67
29.97 5.75 172.33 540.63 6.00 3909972 0.67
29.97 5.75 172.33 541.28 6.00 3909992 0.67
29.97 5.80 173.77 542.04 6.00 3910012 0.67
29.97 5.80 173.77 541.78 6.00 3910032 0.67
29.97 5.80 173.77 543.43 6.00 3910052 0.67
29.97 5.80 173.77 543.38 6.00 3910072 0.67
29.97 5.72 171.44 544.11 6.00 3910092 0.67
29.97 5.72 171.44 544.07 6.00 3910112 0.67
29.97 5.72 171.44 545.04 6.00 3910132 0.67
29.97 5.72 171.44 544.81 6.00 3910152 0.67
29.97 5.81 174.19 545.66 6.00 3910172 0.67
29.97 5.81 174.19 546.23 6.00 3910192 0.67
29.97 5.81 174.19 547.11 6.00 3910212 0.67
29.97 5.81 174.13 547.36 6.00 3910232 0.67
29.97 5.81 174.13 547.96 6.00 3910252 0.67
29.97 5.81 174.13 548.53 6.00 3910272 0.67
29.97 5.81 174.13 549.24 6.00 3910292 0.67
29.97 5.77 173.08 549.81 6.00 3910312 0.67
29.97 5.77 173.08 549.76 6.00 3910332 0.67
29.97 5.77 173.08 551.28 6.00 3910352 0.67
29.97 5.77 173.08 551.13 6.00 3910372 0.67
29.97 5.84 174.94 551.49 6.00 3910392 0.67
29.97 5.84 174.94 552.23 6.00 3910412 0.67
29.97 5.84 174.94 552.54 6.00 3910432 0.67
29.97 5.81 174.13 553.05 6.00 3910452 0.67
29.97 5.81 174.13 553.94 6.00 3910472 0.67
29.97 5.81 174.13 553.60 6.00 3910492 0.67
29.97 5.81 174.13 554.74 6.00 3910512 0.67
29.97 5.76 172.56 555.31 6.00 3910532 0.67
29.97 5.76 172.56 555.89 6.00 3910552 0.67
29.97 5.76 172.56 555.88 6.00 3910572 0.67
29.97 5.73 171.74 556.68 6.00 3910592 0.68
29.97 5.73 171.74 556.89 6.00 3910612 0.68
29.97 5.73 171.74 557.37 6.00 3910632 0.68
29.97 5.73 171.74 558.18 6.00 3910652 0.68
29.97 5.73 171.81 558.80 6.00 3910672 0.68
29.97 5.73 171.81 558.94 6.00 3910692 0.68
29.97 5.73 171.81 559.48 6.00 3910712 0.68
29.97 5.73 171.81 559.76 6.00 3910732 0.68
29.97 5.73 171.89 560.43 6.00 3910752 0.68
29.97 5.73 171.89 561.08 6.00 3910772 0.68
29.97 5.73 171.89 560.96 6.00 3910792 0.68
29.97 5.70 170.99 561.70 6.00 3910812 0.68
29.97 5.70 170.99 562.53 6.00 3910832 0.68
29.97 5.70 170.99 562.93 6.00 3910852 0.68
29.97 5.70 170.99 563.63 6.00 3910872 0.68
29.97 5.71 171.29 564.10 6.00 3910892 0.68
29.97 5.71 171.29 564.42 6.00 3910912 0.68
29.97 5.71 171.29 565.39 6.00 3910932 0.68
29.97 5.73 171.82 565.48 6.00 3910952 0.68
29.97 5.73 171.82 566.06 6.00 3910972 0.68
29.97 5.73 171.82 566.47 6.00 3910992 0.68
29.97 5.73 171.82 567.03 6.00 3911012 0.68
29.97 5.80 173.90 567.56 6.00 3911032 0.68
29.97 5.80 173.90 568.20 6.00 3911052 0.68
29.97 5.80 173.90 568.28 6.00 3911072 0.68
29.97 5.80 173.90 568.99 6.00 3911092 0.68
29.97 5.74 172.11 569.64 6.00 3911112 0.68
29.97 5.74 172.11 570.13 6.00 3911132 0.68
29.97 5.74 172.11 570.37 6.00 3911152 0.68
29.97 5.77 173.07 571.44 6.00 3911172 0.68
29.97 5.77 173.07 571.26 6.00 3911192 0.68
29.97 5.77 173.07 572.10 6.00 3911212 0.68
29.97 5.77 173.07 572.68 6.00 3911232 0.68
29.97 5.84 174.95 573.41 6.00 3911252 0.68
29.97 5.84 174.95 573.35 6.00 3911272 0.68
29.97 5.84 174.95 574.07 6.00 3911292 0.68
29.97 5.84 174.95 574.12 6.00 3911312 0.68
29.97 5.77 172.85 575.16 6.00 3911332 0.68
29.97 5.77 172.85 575.07 6.00 3911352 0.68
29.97 5.77 172.85 575.85 6.00 3911372 0.68
29.97 5.83 174.80 576.65 6.00 3911392 0.68
29.97 5.83 174.80 576.93 6.00 3911412 0.69
29.97 5.83 174.80 577.30 6.00 3911432 0.69
29.97 5.83 174.80 578.06 6.00 3911452 0.69
29.97 5.80 173.90 578.18 6.00 3911472 0.69
29.97 5.80 173.90 578.66 6.00 3911492 0.69
29.97 5.80 173.90 579.44 6.00 3911512 0.69
29.97 5.82 174.36 579.81 6.00 3911532 0.69
29.97 5.82 174.36 580.37 6.00 3911552 0.69
29.97 5.82 174.36 580.32 6.00 3911572 0.69
29.97 5.82 174.36 580.95 6.00 3911592 0.69
29.97 5.66 169.64 581.82 6.00 3911612 0.69
29.97 5.66 169.64 582.33 6.00 3911632 0.69
29.97 5.66 169.64 582.92 6.00 3911652 0.69
29.97 5.66 169.64 583.62 6.00 3911672 0.69
29.97 5.75 172.26 583.81 6.00 3911692 0.69
29.97 5.75 172.26 584.47 6.00 3911712 0.69
29.97 5.75 172.26 584.77 6.00 3911732 0.69
29.97 5.77 172.93 585.21 6.00 3911752 0.69
29.97 5.77 172.93 585.62 6.00 3911772 0.69
29.97 5.77 172.93 586.28 6.00 3911792 0.69
29.97 5.77 172.93 586.48 6.00 3911812 0.69
29.97 5.81 174.13 587.00 6.00 3911832 0.69
29.97 5.81 174.13 587.25 6.00 3911852 0.69
29.97 5.81 174.13 588.36 6.00 3911872 0.69
29.97 5.81 174.28 588.63 6.00 3911892 0.69
29.97 5.81 174.28 589.03 6.00 3911912 0.69
29.97 5.81 174.28 589.62 6.00 3911932 0.69
29.97 5.81 174.28 590.38 6.00 3911952 0.69
29.97 5.75 172.41 590.35 6.00 3911972 0.69
29.97 5.75 172.41 590.73 6.00 3911992 0.69
29.97 5.75 172.41 591.30 6.00 3912012 0.69
29.97 5.75 172.41 591.96 6.00 3912032 0.69
29.97 5.70 170.84 592.48 6.00 3912052 0.69
29.97 5.70 170.84 592.91 6.00 3912072 0.69
29.97 5.70 170.84 593.17 6.00 3912092 0.69
29.97 5.72 171.59 594.06 6.00 3912112 0.69
29.97 5.72 171.59 594.27 6.00 3912132 0.69
29.97 5.72 171.59 594.74 6.00 3912152 0.69
29.97 5.72 171.59 595.21 6.00 3912172 0.69
29.97 5.75 172.33 595.80 6.00 3912192 0.69
29.97 5.75 172.33 596.01 6.00 3912212 0.69
29.97 5.75 172.33 596.66 6.00 3912232 0.69
29.97 5.75 172.33 597.29 6.00 3912252 0.70
29.97 5.76 172.71 597.60 6.00 3912272 0.70
29.97 5.76 172.71 597.41 6.00 3912292 0.70
29.97 5.76 172.71 598.58 6.00 3912312 0.70
29.97 5.74 171.95 599.07 6.00 3912332 0.70
29.97 5.74 171.95 599.30 6.00 3912352 0.70
29.97 5.74 171.95 599.86 6.00 3912372 0.70
29.97 5.74 171.95 600.78 6.00 3912392 0.70
29.97 5.72 171.35 600.39 6.00 3912412 0.70
29.97 5.72 171.35 601.26 6.00 3912432 0.70
29.97 5.72 171.35 601.65 6.00 3912452 0.70
29.97 5.81 174.20 602.41 6.00 3912472 0.70
29.97 5.81 174.20 602.31 6.00 3912492 0.70
29.97 5.81 174.20 603.68 6.00 3912512 0.70
29.97 5.81 174.20 603.80 6.00 3912532 0.70
29.97 5.78 173.38 604.13 6.00 3912552 0.70
29.97 5.78 173.38 604.25 6.00 3912572 0.70
29.97 5.78 173.38 605.10 6.00 3912592 0.70
29.97 5.78 173.38 605.57 6.00 3912612 0.70
29.97 5.79 173.45 605.94 6.00 3912632 0.70
29.97 5.79 173.45 606.47 6.00 3912652 0.70
29.97 5.79 173.45 606.60 6.00 3912672 0.70
29.97 5.81 174.20 607.05 6.00 3912692 0.70
29.97 5.81 174.20 607.91 6.00 3912712 0.70
29.97 5.81 174.20 608.49 6.00 3912732 0.70
29.97 5.81 174.20 608.82 6.00 3912752 0.70
29.97 5.83 174.72 608.69 6.00 3912772 0.70
29.97 5.83 174.72 609.83 6.00 3912792 0.70
29.97 5.83 174.72 610.44 6.00 3912812 0.70
29.97 5.83 174.72 610.89 6.00 3912832 0.70
29.97 5.80 173.76 611.15 6.00 3912852 0.70
29.97 5.80 173.76 611.80 6.00 3912872 0.70
29.97 5.80 173.76 612.31 6.00 3912892 0.70
29.97 5.83 174.65 612.66 6.00 3912912 0.70
29.97 5.83 174.65 612.88 6.00 3912932 0.70
29.97 5.83 174.65 613.16 6.00 3912952 0.70
29.97 5.83 174.65 613.81 6.00 3912972 0.70
29.97 5.77 173.00 614.96 6.00 3912992 0.70
29.97 5.77 173.00 615.50 6.00 3913012 0.70
29.97 5.77 173.00 615.42 6.00 3913032 0.70
29.97 5.80 173.90 616.12 6.00 3913052 0.70
29.97 5.80 173.90 616.13 6.00 3913072 0.70
29.97 5.80 173.90 616.39 6.00 3913092 0.70
29.97 5.80 173.90 617.20 6.00 3913112 0.70
29.97 5.76 172.63 617.92 6.00 3913132 0.70
29.97 5.76 172.63 618.51 6.00 3913152 0.70
29.97 5.76 172.63 618.97 6.00 3913172 0.70
29.97 5.76 172.63 619.56 6.00 3913192 0.71
29.97 5.81 174.27 619.82 6.00 3913212 0.71
29.97 5.81 174.27 620.10 6.00 3913232 0.71
29.97 5.81 174.27 620.51 6.00 3913252 0.71
29.97 5.73 171.74 620.53 6.00 3913272 0.71
29.97 5.73 171.74 621.35 6.00 3913292 0.71
29.97 5.73 171.74 621.57 6.00 3913312 0.71
29.97 5.73 171.74 622.32 6.00 3913332 0.71
29.97 5.71 171.29 623.30 6.00 3913352 0.71
29.97 5.71 171.29 623.52 6.00 3913372 0.71
29.97 5.71 171.29 623.78 6.00 3913392 0.71
29.97 5.74 172.19 624.40 6.00 3913412 0.71
29.97 5.74 172.18 624.62 6.00 3913432 0.71
29.97 5.74 172.18 625.10 6.00 3913452 0.71
29.97 5.74 172.18 626.08 6.00 3913472 0.71
29.97 5.71 171.07 626.41 6.00 3913492 0.71
29.97 5.71 171.07 626.84 6.00 3913512 0.71
29.97 5.71 171.07 626.99 6.00 3913532 0.71
29.97 5.71 171.07 627.39 6.00 3913552 0.71
29.97 5.72 171.36 627.88 6.00 3913572 0.71
29.97 5.72 171.36 628.12 6.00 3913592 0.71
29.97 5.72 171.36 628.97 6.00 3913612 0.71
29.97 5.81 174.04 629.16 6.00 3913632 0.71
29.97 5.81 174.04 629.86 6.00 3913652 0.71
29.97 5.81 174.04 630.17 6.00 3913672 0.71
29.97 5.81 174.04 630.30 6.00 3913692 0.71
29.97 5.87 175.92 630.93 6.00 3913712 0.71
29.97 5.87 175.92 631.55 6.00 3913732 0.71
29.97 5.87 175.92 631.67 6.00 3913752 0.71
29.97 5.87 175.92 632.46 6.00 3913772 0.71
29.97 5.82 174.35 632.67 6.00 3913792 0.71
29.97 5.82 174.35 632.82 6.00 3913812 0.71
29.97 5.82 174.35 633.61 6.00 3913832 0.71
29.97 5.80 173.90 634.32 6.00 3913852 0.71
29.97 5.80 173.90 635.18 6.00 3913872 0.71
29.97 5.80 173.90 635.14 6.00 3913892 0.71
29.97 5.80 173.90 635.41 6.00 3913912 0.71
29.97 5.77 172.86 636.48 6.00 3913932 0.71
29.97 5.77 172.86 636.57 6.00 3913952 0.71
29.97 5.77 172.86 636.71 6.00 3913972 0.71
29.97 5.77 173.00 637.21 6.00 3913992 0.71
29.97 5.77 173.00 637.81 6.00 3914012 0.71
29.97 5.77 173.00 637.65 6.00 3914032 0.71
29.97 5.77 173.00 638.83 6.00 3914052 0.71
29.97 5.79 173.60 639.09 6.00 3914072 0.72
29.97 5.79 173.60 639.42 6.00 3914092 0.72
29.97 5.79 173.60 639.82 6.00 3914112 0.72
29.97 5.79 173.60 640.96 6.00 3914132 0.72
29.97 5.72 171.52 640.74 6.00 3914152 0.72
29.97 5.72 171.52 641.40 6.00 3914172 0.72
29.97 5.72 171.52 641.97 6.00 3914192 0.72
29.97 5.77 173.00 642.25 6.00 3914212 0.72
29.97 5.77 173.00 642.87 6.00 3914232 0.72
29.97 5.77 173.00 642.87 6.00 3914252 0.72
29.97 5.77 173.00 643.40 6.00 3914272 0.72
29.97 5.81 174.12 644.14 6.00 3914292 0.72
29.97 5.81 174.12 644.35 6.00 3914312 0.72
29.97 5.81 174.12 644.77 6.00 3914332 0.72
29.97 5.81 174.12 644.73 6.00 3914352 0.72
29.97 5.85 175.32 645.64 6.00 3914372 0.72
29.97 5.85 175.32 646.53 6.00 3914392 0.72
29.97 5.85 175.32 646.16 6.00 3914412 0.72
29.97 5.89 176.43 647.20 6.00 3914432 0.72
29.97 5.89 176.43 647.14 6.00 3914452 0.72
29.97 5.89 176.43 647.94 6.00 3914472 0.72
29.97 5.89 176.43 648.63 6.00 3914492 0.72
29.97 5.80 173.75 649.03 6.00 3914512 0.72
29.97 5.80 173.75 649.42 6.00 3914532 0.72
29.97 5.80 173.75 649.96 6.00 3914552 0.72
29.97 5.78 173.23 650.73 6.00 3914572 0.72
29.97 5.78 173.23 650.68 6.00 3914592 0.72
29.97 5.78 173.23 651.50 6.00 3914612 0.72
29.97 5.78 173.23 651.42 6.00 3914632 0.72
29.97 5.73 171.82 651.89 6.00 3914652 0.72
29.97 5.73 171.82 652.32 6.00 3914672 0.72
29.97 5.73 171.82 653.07 6.00 3914692 0.72
29.97 5.73 171.82 653.35 6.00 3914712 0.72
29.97 5.64 169.05 653.91 6.00 3914732 0.72
29.97 5.64 169.05 654.66 6.00 3914752 0.72
29.97 5.64 169.05 654.63 6.00 3914772 0.72
29.97 5.72 171.51 655.04 6.00 3914792 0.72
29.97 5.72 171.51 655.32 6.00 3914812 0.72
29.97 5.72 171.51 655.85 6.00 3914832 0.72
29.97 5.72 171.51 656.35 6.00 3914852 0.72
29.97 5.71 171.22 657.11 6.00 3914872 0.72
29.97 5.71 171.22 657.48 6.00 3914892 0.72
29.97 5.71 171.22 657.98 6.00 3914912 0.72
29.97 5.77 173.02 658.33 6.00 3914932 0.72
29.97 5.77 173.01 658.24 6.00 3914952 0.73
29.97 5.77 173.01 658.96 6.00 3914972 0.73
29.97 5.77 173.01 659.43 6.00 3914992 0.73
29.97 5.88 176.13 659.90 6.00 3915012 0.73
29.97 5.88 176.13 660.07 6.00 3915032 0.73
29.97 5.88 176.13 660.84 6.00 3915052 0.73
29.97 5.88 176.13 661.67 6.00 3915072 0.73
29.97 5.89 176.58 661.22 6.00 3915092 0.73
29.97 5.89 176.58 662.13 6.00 3915112 0.73
29.97 5.89 176.58 662.62 6.00 3915132 0.73
29.97 5.83 174.79 662.73 6.00 3915152 0.73
29.97 5.83 174.79 663.58 6.00 3915172 0.73
29.97 5.83 174.79 664.00 6.00 3915192 0.73
29.97 5.83 174.79 663.96 6.00 3915212 0.73
29.97 5.64 168.98 664.63 6.00 3915232 0.73
29.97 5.64 168.98 665.30 6.00 3915252 0.73
29.97 5.64 168.98 665.56 6.00 3915272 0.73
29.97 5.64 168.98 665.68 6.00 3915292 0.73
29.97 5.69 170.62 666.00 6.00 3915312 0.73
29.97 5.69 170.62 666.29 6.00 3915332 0.73
29.97 5.69 170.62 666.77 6.00 3915352 0.73
29.97 5.87 175.98 667.45 6.00 3915372 0.73
29.97 5.87 175.98 667.86 6.00 3915392 0.73
29.97 5.87 175.98 668.23 6.00 3915412 0.73
29.97 5.87 175.98 669.02 6.00 3915432 0.73
29.97 5.84 175.10 669.25 6.00 3915452 0.73
29.97 5.84 175.10 669.92 6.00 3915472 0.73
29.97 5.84 175.10 670.17 6.00 3915492 0.73
29.97 5.83 174.79 670.40 6.00 3915512 0.73
29.97 5.83 174.79 671.28 6.00 3915532 0.73
29.97 5.83 174.79 671.54 6.00 3915552 0.73
29.97 5.83 174.79 671.92 6.00 3915572 0.73
29.97 5.82 174.35 672.08 6.00 3915592 0.73
29.97 5.82 174.35 673.34 6.00 3915612 0.73
29.97 5.82 174.35 673.65 6.00 3915632 0.73
29.97 5.82 174.35 673.69 6.00 3915652 0.73
29.97 5.74 172.11 673.91 6.00 3915672 0.73
29.97 5.74 172.11 674.44 6.00 3915692 0.73
29.97 5.74 172.11 675.02 6.00 3915712 0.73
29.97 5.74 172.03 674.63 6.00 3915732 0.73
29.97 5.74 172.03 676.54 6.00 3915752 0.73
29.97 5.74 172.03 676.38 6.00 3915772 0.73
29.97 5.74 172.03 676.60 6.00 3915792 0.73
29.97 5.71 171.14 677.17 6.00 3915812 0.73
29.97 5.71 171.14 678.17 6.00 3915832 0.73
29.97 5.71 171.14 677.06 6.00 3915852 0.73
29.97 5.71 171.14 678.16 6.00 3915872 0.73
29.97 5.77 173.00 679.14 6.00 3915892 0.74
29.97 5.77 173.00 678.75 6.00 3915912 0.74
29.97 5.77 173.00 680.13 6.00 3915932 0.74
29.97 5.77 173.01 680.33 6.00 3915952 0.74
29.97 5.77 173.01 680.43 6.00 3915972 0.74
29.97 5.77 173.01 681.07 6.00 3915992 0.74
29.97 5.77 173.01 681.06 6.00 3916012 0.74
29.97 5.80 173.83 681.70 6.00 3916032 0.74
29.97 5.80 173.83 682.48 6.00 3916052 0.74
29.97 5.80 173.83 682.77 6.00 3916072 0.74
29.97 5.81 174.05 683.16 6.00 3916092 0.74
29.97 5.81 174.05 683.32 6.00 3916112 0.74
29.97 5.81 174.05 683.62 6.00 3916132 0.74
29.97 5.81 174.05 684.54 6.00 3916152 0.74
29.97 5.82 174.49 684.90 6.00 3916172 0.74
29.97 5.82 174.49 685.17 6.00 3916192 0.74
29.97 5.82 174.49 685.29 6.00 3916212 0.74
29.97 5.82 174.49 686.19 6.00 3916232 0.74
29.97 5.83 174.87 686.43 6.00 3916252 0.74
29.97 5.83 174.87 686.70 6.00 3916272 0.74
29.97 5.83 174.87 687.09 6.00 3916292 0.74
29.97 5.80 173.98 687.99 6.00 3916312 0.74
29.97 5.80 173.98 688.54 6.00 3916332 0.74
29.97 5.80 173.98 687.81 6.00 3916352 0.74
29.97 5.80 173.98 688.99 6.00 3916372 0.74
29.97 5.79 173.53 689.35 6.00 3916392 0.74
29.97 5.79 173.53 689.93 6.00 3916412 0.74
29.97 5.79 173.53 689.63 6.00 3916432 0.74
29.97 5.76 172.55 690.62 6.00 3916452 0.74
29.97 5.76 172.56 690.96 6.00 3916472 0.74
29.97 5.76 172.56 691.68 6.00 3916492 0.74
29.97 5.76 172.56 692.17 6.00 3916512 0.74
29.97 5.77 172.93 692.24 6.00 3916532 0.74
29.97 5.77 172.93 692.80 6.00 3916552 0.74
29.97 5.77 172.93 692.66 6.00 3916572 0.74
29.97 5.77 172.93 693.95 6.00 3916592 0.74
29.97 5.77 172.93 693.61 6.00 3916612 0.74
29.97 5.77 172.93 695.08 6.00 3916632 0.74
29.97 5.77 172.93 694.30 6.00 3916652 0.74
29.97 5.82 174.34 695.43 6.00 3916672 0.74
29.97 5.82 174.34 695.02 6.00 3916692 0.74
29.97 5.82 174.34 696.52 6.00 3916712 0.74
29.97 5.82 174.34 696.53 6.00 3916732 0.74
29.97 5.80 173.83 696.65 6.00 3916752 0.74
29.97 5.80 173.83 697.47 6.00 3916772 0.74
29.97 5.80 173.83 697.40 6.00 3916792 0.74
29.97 5.80 173.83 698.10 6.00 3916812 0.74
29.97 5.81 174.04 698.51 6.00 3916832 0.74
29.97 5.81 174.04 698.78 6.00 3916852 0.74
29.97 5.81 174.04 699.33 6.00 3916872 0.75
29.97 5.90 176.82 699.57 6.00 3916892 0.75
29.97 5.90 176.82 700.41 6.00 3916912 0.75
29.97 5.90 176.82 701.03 6.00 3916932 0.75
29.97 5.90 176.82 701.29 6.00 3916952 0.75
29.97 5.90 176.76 701.67 6.00 3916972 0.75
29.97 5.90 176.76 701.65 6.00 3916992 0.75
29.97 5.90 176.76 701.95 6.00 3917012 0.75
29.97 5.84 175.09 702.60 6.00 3917032 0.75
29.97 5.84 175.09 703.24 6.00 3917052 0.75
29.97 5.84 175.09 703.08 6.00 3917072 0.75
29.97 5.84 175.09 703.82 6.00 3917092 0.75
29.97 5.74 172.19 703.91 6.00 3917112 0.75
29.97 5.74 172.19 704.95 6.00 3917132 0.75
29.97 5.74 172.19 704.72 6.00 3917152 0.75
29.97 5.74 172.19 705.53 6.00 3917172 0.75
29.97 5.70 170.99 706.15 6.00 3917192 0.75
29.97 5.70 170.99 706.86 6.00 3917212 0.75
29.97 5.70 170.99 706.78 6.00 3917232 0.75
29.97 5.72 171.37 707.21 6.00 3917252 0.75
29.97 5.72 171.37 707.49 6.00 3917272 0.75
29.97 5.72 171.37 707.96 6.00 3917292 0.75
29.97 5.72 171.37 708.69 6.00 3917312 0.75
29.97 5.76 172.56 708.99 6.00 3917332 0.75
29.97 5.76 172.56 709.36 6.00 3917352 0.75
29.97 5.76 172.56 709.74 6.00 3917372 0.75
29.97 5.76 172.56 710.24 6.00 3917392 0.75
29.97 5.78 173.29 711.10 6.00 3917412 0.75
29.97 5.78 173.29 710.87 6.00 3917432 0.75
29.97 5.78 173.29 711.55 6.00 3917452 0.75
29.97 5.77 173.00 711.67 6.00 3917472 0.75
29.97 5.77 173.00 712.83 6.00 3917492 0.75
29.97 5.77 173.00 712.78 6.00 3917512 0.75
29.97 5.77 173.00 712.84 6.00 3917532 0.75
29.97 5.81 174.05 713.52 6.00 3917552 0.75
29.97 5.81 174.05 714.05 6.00 3917572 0.75
29.97 5.81 174.05 714.34 6.00 3917592 0.75
29.97 5.79 173.68 714.74 6.00 3917612 0.75
29.97 5.79 173.68 715.37 6.00 3917632 0.75
29.97 5.79 173.68 715.47 6.00 3917652 0.75
29.97 5.79 173.68 715.96 6.00 3917672 0.75
29.97 5.88 176.22 716.33 6.00 3917692 0.75
29.97 5.88 176.22 716.88 6.00 3917712 0.75
29.97 5.88 176.22 717.00 6.00 3917732 0.75
29.97 5.88 176.22 717.63 6.00 3917752 0.75
29.97 5.85 175.39 717.60 6.00 3917772 0.75
29.97 5.85 175.39 718.24 6.00 3917792 0.75
29.97 5.85 175.39 718.98 6.00 3917812 0.75
29.97 5.87 175.98 718.98 6.00 3917832 0.75
29.97 5.87 175.98 719.09 6.00 3917852 0.75
29.97 5.87 175.98 719.98 6.00 3917872 0.75
29.97 5.87 175.98 720.29 6.00 3917892 0.75
29.97 5.83 174.65 720.96 6.00 3917912 0.76
29.97 5.83 174.65 721.24 6.00 3917932 0.76
29.97 5.83 174.65 721.30 6.00 3917952 0.76
29.97 5.81 174.05 722.23 6.00 3917972 0.76
29.97 5.81 174.05 722.53 6.00 3917992 0.76
29.97 5.81 174.05 723.28 6.00 3918012 0.76
29.97 5.81 174.05 723.18 6.00 3918032 0.76
29.97 5.74 172.18 724.20 6.00 3918052 0.76
29.97 5.74 172.18 723.82 6.00 3918072 0.76
29.97 5.74 172.18 724.65 6.00 3918092 0.76
29.97 5.74 172.18 724.49 6.00 3918112 0.76
29.97 5.73 171.89 725.38 6.00 3918132 0.76
29.97 5.73 171.89 725.56 6.00 3918152 0.76
29.97 5.73 171.89 726.15 6.00 3918172 0.76
29.97 5.79 173.44 726.51 6.00 3918192 0.76
29.97 5.79 173.44 726.69 6.00 3918212 0.76
29.97 5.79 173.44 727.36 6.00 3918232 0.76
29.97 5.79 173.44 728.23 6.00 3918252 0.76
29.97 5.75 172.41 727.87 6.00 3918272 0.76
29.97 5.75 172.41 728.52 6.00 3918292 0.76
29.97 5.75 172.41 728.69 6.00 3918312 0.76
29.97 5.75 172.41 728.96 6.00 3918332 0.76
29.97 5.82 174.42 729.63 6.00 3918352 0.76
29.97 5.82 174.42 730.18 6.00 3918372 0.76
29.97 5.82 174.42 730.68 6.00 3918392 0.76
29.97 5.89 176.43 730.79 6.00 3918412 0.76
29.97 5.89 176.43 730.90 6.00 3918432 0.76
29.97 5.89 176.43 731.39 6.00 3918452 0.76
29.97 5.89 176.43 732.02 6.00 3918472 0.76
29.97 5.87 176.06 731.69 6.00 3918492 0.76
29.97 5.87 176.06 732.01 6.00 3918512 0.76
29.97 5.87 176.06 732.66 6.00 3918532 0.76
29.97 5.84 175.17 733.72 6.00 3918552 0.76
29.97 5.84 175.17 733.36 6.00 3918572 0.76
29.97 5.84 175.17 734.41 6.00 3918592 0.76
29.97 5.84 175.17 735.09 6.00 3918612 0.76
29.97 5.85 175.39 735.45 6.00 3918632 0.76
29.97 5.85 175.39 735.57 6.00 3918652 0.76
29.97 5.85 175.39 735.65 6.00 3918672 0.76
29.97 5.85 175.39 736.30 6.00 3918692 0.76
29.97 5.77 172.93 736.52 6.00 3918712 0.76
29.97 5.77 172.93 737.47 6.00 3918732 0.76
29.97 5.77 172.93 736.90 6.00 3918752 0.76
29.97 5.71 171.06 737.93 6.00 3918772 0.76
29.97 5.71 171.06 738.55 6.00 3918792 0.76
29.97 5.71 171.06 738.67 6.00 3918812 0.76
29.97 5.71 171.06 739.26 6.00 3918832 0.76
29.97 5.74 171.96 739.58 6.00 3918852 0.76
29.97 5.74 171.96 739.83 6.00 3918872 0.76
29.97 5.74 171.96 739.98 6.00 3918892 0.77
29.97 5.74 171.96 740.40 6.00 3918912 0.77
29.97 5.83 174.80 740.92 6.00 3918932 0.77
29.97 5.83 174.80 741.27 6.00 3918952 0.77
29.97 5.83 174.80 742.03 6.00 3918972 0.77
29.97 5.83 174.80 742.16 6.00 3918992 0.77
29.97 5.83 174.80 742.92 6.00 3919012 0.77
29.97 5.83 174.80 742.77 6.00 3919032 0.77
29.97 5.83 174.80 743.21 6.00 3919052 0.77
29.97 5.81 174.13 744.06 6.00 3919072 0.77
29.97 5.81 174.13 744.10 6.00 3919092 0.77
29.97 5.81 174.13 744.47 6.00 3919112 0.77
29.97 5.77 172.93 744.88 6.00 3919132 0.77
29.97 5.77 172.93 745.67 6.00 3919152 0.77
29.97 5.77 172.93 745.90 6.00 3919172 0.77
29.97 5.77 172.93 745.98 6.00 3919192 0.77
29.97 5.80 173.83 746.31 6.00 3919212 0.77
29.97 5.80 173.83 747.04 6.00 3919232 0.77
29.97 5.80 173.83 746.89 6.00 3919252 0.77
29.97 5.80 173.83 747.69 6.00 3919272 0.77
29.97 5.83 174.64 748.06 6.00 3919292 0.77
29.97 5.83 174.64 748.48 6.00 3919312 0.77
29.97 5.83 174.64 749.01 6.00 3919332 0.77
29.97 5.80 173.89 749.50 6.00 3919352 0.77
29.97 5.80 173.89 749.57 6.00 3919372 0.77
29.97 5.80 173.89 750.32 6.00 3919392 0.77
29.97 5.80 173.89 750.12 6.00 3919412 0.77
29.97 5.82 174.43 750.00 6.00 3919432 0.77
29.97 5.82 174.43 751.44 6.00 3919452 0.77
29.97 5.82 174.43 752.13 6.00 3919472 0.77
29.97 5.80 173.75 752.00 6.00 3919492 0.77
29.97 5.80 173.75 752.52 6.00 3919512 0.77
29.97 5.80 173.75 752.81 6.00 3919532 0.77
29.97 5.80 173.75 753.18 6.00 3919552 0.77
29.97 5.85 175.24 753.41 6.00 3919572 0.77
29.97 5.85 175.24 754.02 6.00 3919592 0.77
29.97 5.85 175.24 754.50 6.00 3919612 0.77
29.97 5.85 175.24 754.16 6.00 3919632 0.77
29.97 5.78 173.38 755.53 6.00 3919652 0.77
29.97 5.78 173.38 755.86 6.00 3919672 0.77
29.97 5.78 173.38 755.75 6.00 3919692 0.77
29.97 5.82 174.42 756.14 6.00 3919712 0.77
29.97 5.82 174.42 756.90 6.00 3919732 0.77
29.97 5.82 174.42 757.59 6.00 3919752 0.77
29.97 5.82 174.42 757.00 6.00 3919772 0.77
29.97 5.82 174.49 757.81 6.00 3919792 0.77
29.97 5.82 174.49 757.27 6.00 3919812 0.77
29.97 5.82 174.49 758.28 6.00 3919832 0.77
29.97 5.82 174.49 759.26 6.00 3919852 0.77
29.97 5.78 173.38 759.42 6.00 3919872 0.77
29.97 5.78 173.38 759.78 6.00 3919892 0.77
29.97 5.78 173.38 759.90 6.00 3919912 0.77
29.97 5.75 172.26 760.32 6.00 3919932 0.78
29.97 5.75 172.26 760.63 6.00 3919952 0.78
29.97 5.75 172.26 761.27 6.00 3919972 0.78
29.97 5.75 172.26 761.92 6.00 3919992 0.78
29.97 5.82 174.57 762.15 6.00 3920012 0.78
29.97 5.82 174.57 762.70 6.00 3920032 0.78
29.97 5.82 174.57 762.93 6.00 3920052 0.78
29.97 5.86 175.62 763.07 6.00 3920072 0.78
29.97 5.86 175.62 763.30 6.00 3920092 0.78
29.97 5.86 175.62 763.68 6.00 3920112 0.78
29.97 5.86 175.62 764.57 6.00 3920132 0.78
29.97 5.84 175.09 764.44 6.00 3920152 0.78
29.97 5.84 175.09 765.46 6.00 3920172 0.78
29.97 5.84 175.09 765.63 6.00 3920192 0.78
29.97 5.84 175.09 765.88 6.00 3920212 0.78
29.97 5.84 174.94 766.32 6.00 3920232 0.78
29.97 5.84 174.94 766.56 6.00 3920252 0.78
29.97 5.84 174.94 767.13 6.00 3920272 0.78
29.97 5.81 174.13 767.58 6.00 3920292 0.78
29.97 5.81 174.13 768.08 6.00 3920312 0.78
29.97 5.81 174.13 767.67 6.00 3920332 0.78
29.97 5.81 174.13 768.71 6.00 3920352 0.78
29.97 5.77 173.08 768.38 6.00 3920372 0.78
29.97 5.77 173.08 768.58 6.00 3920392 0.78
29.97 5.77 173.08 769.49 6.00 3920412 0.78
29.97 5.77 173.08 770.08 6.00 3920432 0.78
29.97 5.80 173.75 769.79 6.00 3920452 0.78
29.97 5.80 173.75 769.83 6.00 3920472 0.78
29.97 5.80 173.75 771.26 6.00 3920492 0.78
29.97 5.78 173.38 771.79 6.00 3920512 0.78
29.97 5.78 173.38 772.00 6.00 3920532 0.78
29.97 5.78 173.38 772.02 6.00 3920552 0.78
29.97 5.78 173.38 772.49 6.00 3920572 0.78
29.97 5.74 172.11 773.04 6.00 3920592 0.78
29.97 5.74 172.11 774.20 6.00 3920612 0.78
29.97 5.74 172.11 773.73 6.00 3920632 0.78
29.97 5.80 173.75 774.23 6.00 3920652 0.78
29.97 5.80 173.75 774.48 6.00 3920672 0.78
29.97 5.80 173.75 775.51 6.00 3920692 0.78
29.97 5.80 173.75 775.16 6.00 3920712 0.78
29.97 5.84 175.02 775.40 6.00 3920732 0.78
29.97 5.84 175.02 775.91 6.00 3920752 0.78
29.97 5.84 175.02 776.47 6.00 3920772 0.78
29.97 5.84 175.02 776.70 6.00 3920792 0.78
29.97 5.89 176.66 777.27 6.00 3920812 0.78
29.97 5.89 176.66 777.29 6.00 3920832 0.78
29.97 5.89 176.66 778.16 6.00 3920852 0.78
29.97 5.88 176.29 778.25 6.00 3920872 0.78
29.97 5.88 176.29 778.59 6.00 3920892 0.78
29.97 5.88 176.29 778.98 6.00 3920912 0.78
29.97 5.88 176.29 779.36 6.00 3920932 0.78
29.97 5.82 174.58 779.47 6.00 3920952 0.78
29.97 5.82 174.58 779.57 6.00 3920972 0.78
29.97 5.82 174.58 780.62 6.00 3920992 0.78
29.97 5.75 172.33 780.58 6.00 3921012 0.78
29.97 5.75 172.33 781.03 6.00 3921032 0.79
29.97 5.75 172.33 781.89 6.00 3921052 0.79
29.97 5.75 172.33 782.09 6.00 3921072 0.79
29.97 5.83 174.87 782.30 6.00 3921092 0.79
29.97 5.83 174.87 782.57 6.00 3921112 0.79
29.97 5.83 174.87 783.28 6.00 3921132 0.79
29.97 5.83 174.87 783.47 6.00 3921152 0.79
29.97 5.80 173.90 783.62 6.00 3921172 0.79
29.97 5.80 173.90 783.93 6.00 3921192 0.79
29.97 5.80 173.90 784.40 6.00 3921212 0.79
29.97 5.78 173.38 784.67 6.00 3921232 0.79
29.97 5.78 173.38 785.15 6.00 3921252 0.79
29.97 5.78 173.38 786.37 6.00 3921272 0.79
29.97 5.78 173.38 786.35 6.00 3921292 0.79
29.97 5.78 173.38 786.20 6.00 3921312 0.79
29.97 5.78 173.38 786.53 6.00 3921332 0.79
29.97 5.78 173.38 787.13 6.00 3921352 0.79
29.97 5.78 173.38 787.86 6.00 3921372 0.79
29.97 5.79 173.67 787.86 6.00 3921392 0.79
29.97 5.79 173.67 788.82 6.00 3921412 0.79
29.97 5.79 173.67 788.88 6.00 3921432 0.79
29.97 5.75 172.33 788.98 6.00 3921452 0.79
29.97 5.75 172.33 789.07 6.00 3921472 0.79
29.97 5.75 172.33 789.79 6.00 3921492 0.79
29.97 5.75 172.33 790.14 6.00 3921512 0.79
29.97 5.79 173.68 790.40 6.00 3921532 0.79
29.97 5.79 173.68 790.61 6.00 3921552 0.79
29.97 5.79 173.68 790.88 6.00 3921572 0.79
29.97 5.82 174.57 791.93 6.00 3921592 0.79
29.97 5.82 174.57 792.72 6.00 3921612 0.79
29.97 5.82 174.57 792.26 6.00 3921632 0.79
29.97 5.82 174.57 793.02 6.00 3921652 0.79
29.97 5.85 175.32 793.03 6.00 3921672 0.79
29.97 5.85 175.32 793.15 6.00 3921692 0.79
29.97 5.85 175.32 793.28 6.00 3921712 0.79
29.97 5.85 175.32 793.82 6.00 3921732 0.79
29.97 5.86 175.69 794.71 6.00 3921752 0.79
29.97 5.86 175.69 795.01 6.00 3921772 0.79
29.97 5.86 175.69 795.05 6.00 3921792 0.79
29.97 5.91 177.18 795.68 6.00 3921812 0.79
29.97 5.91 177.18 796.04 6.00 3921832 0.79
29.97 5.91 177.18 796.35 6.00 3921852 0.79
29.97 5.91 177.18 796.81 6.00 3921872 0.79
29.97 5.82 174.43 796.83 6.00 3921892 0.79
29.97 5.82 174.43 797.84 6.00 3921912 0.79
29.97 5.82 174.43 798.57 6.00 3921932 0.79
29.97 5.82 174.43 798.90 6.00 3921952 0.79
29.97 5.76 172.63 799.26 6.00 3921972 0.79
29.97 5.76 172.63 799.14 6.00 3921992 0.79
29.97 5.76 172.63 800.30 6.00 3922012 0.79
29.97 5.73 171.74 799.68 6.00 3922032 0.79
29.97 5.73 171.74 800.33 6.00 3922052 0.79
29.97 5.73 171.74 801.10 6.00 3922072 0.80
29.97 5.73 171.74 800.81 6.00 3922092 0.80
29.97 5.84 174.94 801.50 6.00 3922112 0.80
29.97 5.84 174.94 801.85 6.00 3922132 0.80
29.97 5.84 174.94 801.96 6.00 3922152 0.80
29.97 5.81 174.19 802.90 6.00 3922172 0.80
29.97 5.81 174.19 802.92 6.00 3922192 0.80
29.97 5.81 174.19 802.58 6.00 3922212 0.80
29.97 5.81 174.19 803.27 6.00 3922232 0.80
29.97 5.84 175.17 804.68 6.00 3922252 0.80
29.97 5.84 175.17 804.40 6.00 3922272 0.80
29.97 5.84 175.17 804.93 6.00 3922292 0.80
29.97 5.84 175.17 805.41 6.00 3922312 0.80
29.97 5.85 175.39 805.37 6.00 3922332 0.80
29.97 5.85 175.39 805.46 6.00 3922352 0.80
29.97 5.85 175.39 805.89 6.00 3922372 0.80
29.97 5.88 176.28 805.81 6.00 3922392 0.80
29.97 5.88 176.28 806.54 6.00 3922412 0.80
29.97 5.88 176.28 807.11 6.00 3922432 0.80
29.97 5.88 176.28 807.66 6.00 3922452 0.80
29.97 5.79 173.68 807.43 6.00 3922472 0.80
29.97 5.79 173.68 808.15 6.00 3922492 0.80
29.97 5.79 173.68 808.93 6.00 3922512 0.80
29.97 5.78 173.38 809.05 6.00 3922532 0.80
29.97 5.78 173.38 809.11 6.00 3922552 0.80
29.97 5.78 173.38 809.41 6.00 3922572 0.80
29.97 5.78 173.38 809.89 6.00 3922592 0.80
29.97 5.75 172.41 809.97 6.00 3922612 0.80
29.97 5.75 172.41 810.45 6.00 3922632 0.80
29.97 5.75 172.41 810.96 6.00 3922652 0.80
29.97 5.75 172.41 811.40 6.00 3922672 0.80
29.97 5.80 173.83 812.74 6.00 3922692 0.80
29.97 5.80 173.83 811.68 6.00 3922712 0.80
29.97 5.80 173.83 812.64 6.00 3922732 0.80
29.97 5.80 173.83 812.55 6.00 3922752 0.80
29.97 5.80 173.83 813.48 6.00 3922772 0.80
29.97 5.80 173.83 814.23 6.00 3922792 0.80
29.97 5.80 173.83 813.75 6.00 3922812 0.80
29.97 5.87 176.07 814.45 6.00 3922832 0.80
29.97 5.87 176.07 814.33 6.00 3922852 0.80
29.97 5.87 176.07 815.00 6.00 3922872 0.80
29.97 5.87 176.07 815.89 6.00 3922892 0.80
29.97 5.79 173.45 815.54 6.00 3922912 0.80
29.97 5.79 173.45 816.03 6.00 3922932 0.80
29.97 5.79 173.45 815.85 6.00 3922952 0.80
29.97 5.83 174.79 817.04 6.00 3922972 0.80
29.97 5.83 174.79 817.65 6.00 3922992 0.80
29.97 5.83 174.79 817.83 6.00 3923012 0.80
29.97 5.83 174.79 817.84 6.00 3923032 0.80
29.97 5.87 175.92 817.90 6.00 3923052 0.80
29.97 5.87 175.92 818.93 6.00 3923072 0.80
29.97 5.87 175.92 819.15 6.00 3923092 0.80
29.97 5.91 177.11 819.12 6.00 3923112 0.80
29.97 5.91 177.11 819.63 6.00 3923132 0.80
29.97 5.91 177.11 820.56 6.00 3923152 0.80
29.97 5.91 177.11 820.09 6.00 3923172 0.80
29.97 5.84 175.02 820.25 6.00 3923192 0.80
29.97 5.84 175.02 821.28 6.00 3923212 0.80
29.97 5.84 175.02 821.33 6.00 3923232 0.81
29.97 5.84 175.02 821.73 6.00 3923252 0.81
29.97 5.83 174.87 821.95 6.00 3923272 0.81
29.97 5.83 174.87 821.34 6.00 3923292 0.81
29.97 5.83 174.87 822.84 6.00 3923312 0.81
29.97 5.79 173.45 823.25 6.00 3923332 0.81
29.97 5.79 173.45 824.12 6.00 3923352 0.81
29.97 5.79 173.45 824.76 6.00 3923372 0.81
29.97 5.79 173.45 824.83 6.00 3923392 0.81
29.97 5.80 173.90 824.64 6.00 3923412 0.81
29.97 5.80 173.90 824.62 6.00 3923432 0.81
29.97 5.80 173.90 824.79 6.00 3923452 0.81
29.97 5.80 173.90 825.35 6.00 3923472 0.81
29.97 5.77 172.86 825.82 6.00 3923492 0.81
29.97 5.77 172.86 826.97 6.00 3923512 0.81
29.97 5.77 172.86 827.40 6.00 3923532 0.81
29.97 5.79 173.60 827.37 6.00 3923552 0.81
29.97 5.79 173.60 827.31 6.00 3923572 0.81
29.97 5.79 173.60 827.83 6.00 3923592 0.81
29.97 5.79 173.60 828.10 6.00 3923612 0.81
29.97 5.84 175.17 828.97 6.00 3923632 0.81
29.97 5.84 175.17 829.10 6.00 3923652 0.81
29.97 5.84 175.17 829.13 6.00 3923672 0.81
29.97 5.91 177.18 829.69 6.00 3923692 0.81
29.97 5.91 177.18 830.42 6.00 3923712 0.81
29.97 5.91 177.18 830.30 6.00 3923732 0.81
29.97 5.91 177.18 830.61 6.00 3923752 0.81
29.97 5.92 177.41 830.61 6.00 3923772 0.81
29.97 5.92 177.41 830.51 6.00 3923792 0.81
29.97 5.92 177.41 832.28 6.00 3923812 0.81
29.97 5.92 177.41 832.28 6.00 3923832 0.81
29.97 5.81 174.21 832.37 6.00 3923852 0.81
29.97 5.81 174.21 832.67 6.00 3923872 0.81
29.97 5.81 174.21 833.76 6.00 3923892 0.81
29.97 5.67 170.09 833.51 6.00 3923912 0.81
29.97 5.67 170.09 833.67 6.00 3923932 0.81
29.97 5.67 170.09 833.75 6.00 3923952 0.81
29.97 5.67 170.09 834.19 6.00 3923972 0.81
29.97 5.79 173.68 835.07 6.00 3923992 0.81
29.97 5.79 173.68 835.15 6.00 3924012 0.81
29.97 5.79 173.68 835.81 6.00 3924032 0.81
29.97 5.82 174.50 835.98 6.00 3924052 0.81
29.97 5.82 174.50 835.89 6.00 3924072 0.81
29.97 5.82 174.50 836.72 6.00 3924092 0.81
29.97 5.82 174.50 836.76 6.00 3924112 0.81
29.97 5.84 175.09 837.05 6.00 3924132 0.81
29.97 5.84 175.09 837.80 6.00 3924152 0.81
29.97 5.84 175.09 838.11 6.00 3924172 0.81
29.97 5.84 175.09 837.72 6.00 3924192 0.81
29.97 5.83 174.65 838.59 6.00 3924212 0.81
29.97 5.83 174.65 839.25 6.00 3924232 0.81
29.97 5.83 174.65 840.42 6.00 3924252 0.81
29.97 5.84 174.94 839.31 6.00 3924272 0.81
29.97 5.84 174.94 840.55 6.00 3924292 0.81
29.97 5.84 174.94 840.60 6.00 3924312 0.81
29.97 5.84 174.94 840.76 6.00 3924332 0.82
29.97 5.77 172.90 841.09 6.00 3924352 0.82
29.97 5.77 172.90 841.74 6.00 3924372 0.82
29.97 5.77 172.90 841.35 6.00 3924392 0.82
29.97 5.77 172.90 841.98 6.00 3924412 0.82
29.97 5.88 176.28 842.01 6.00 3924432 0.82
29.97 5.88 176.28 843.49 6.00 3924452 0.82
29.97 5.88 176.28 843.23 6.00 3924472 0.82
29.97 5.83 174.79 843.81 6.00 3924492 0.82
29.97 5.83 174.79 843.70 6.00 3924512 0.82
29.97 5.83 174.79 844.44 6.00 3924532 0.82
29.97 5.83 174.79 844.50 6.00 3924552 0.82
29.97 5.85 175.32 844.78 6.00 3924572 0.82
29.97 5.85 175.32 845.20 6.00 3924592 0.82
29.97 5.85 175.32 845.30 6.00 3924612 0.82
29.97 5.86 175.76 846.49 6.00 3924632 0.82
29.97 5.86 175.76 846.82 6.00 3924652 0.82
29.97 5.86 175.76 846.35 6.00 3924672 0.82
29.97 5.86 175.76 846.49 6.00 3924692 0.82
29.97 5.85 175.25 847.57 6.00 3924712 0.82
29.97 5.85 175.25 847.79 6.00 3924732 0.82
29.97 5.85 175.25 848.38 6.00 3924752 0.82
29.97 5.85 175.25 847.76 6.00 3924772 0.82
29.97 5.90 176.88 848.25 6.00 3924792 0.82
29.97 5.90 176.88 848.44 6.00 3924812 0.82
29.97 5.90 176.88 849.45 6.00 3924832 0.82
29.97 5.89 176.52 849.80 6.00 3924852 0.82
29.97 5.89 176.52 850.42 6.00 3924872 0.82
29.97 5.89 176.52 850.14 6.00 3924892 0.82
29.97 5.89 176.52 851.43 6.00 3924912 0.82
29.97 5.81 174.06 851.28 6.00 3924932 0.82
29.97 5.81 174.06 851.70 6.00 3924952 0.82
29.97 5.81 174.06 851.81 6.00 3924972 0.82
29.97 5.81 174.06 853.11 6.00 3924992 0.82
29.97 5.79 173.68 852.45 6.00 3925012 0.82
29.97 5.79 173.68 852.61 6.00 3925032 0.82
29.97 5.79 173.68 854.01 6.00 3925052 0.82
29.97 5.77 172.93 853.97 6.00 3925072 0.82
29.97 5.77 172.93 854.08 6.00 3925092 0.82
29.97 5.77 172.93 854.64 6.00 3925112 0.82
29.97 5.77 172.93 854.46 6.00 3925132 0.82
29.97 5.72 171.50 855.40 6.00 3925152 0.82
29.97 5.72 171.50 854.35 6.00 3925172 0.82
29.97 5.72 171.50 855.54 6.00 3925192 0.82
29.97 5.81 174.19 856.18 6.00 3925212 0.82
29.97 5.81 174.19 856.05 6.00 3925232 0.82
29.97 5.81 174.19 855.87 6.00 3925252 0.82
29.97 5.81 174.19 857.08 6.00 3925272 0.82
29.97 5.81 174.28 857.73 6.00 3925292 0.82
29.97 5.81 174.28 857.88 6.00 3925312 0.82
29.97 5.81 174.28 858.49 6.00 3925332 0.82
29.97 5.81 174.28 857.95 6.00 3925352 0.82
29.97 5.78 173.16 858.63 6.00 3925372 0.82
29.97 5.78 173.16 859.16 6.00 3925392 0.82
29.97 5.78 173.16 859.20 6.00 3925412 0.82
29.97 5.77 173.07 859.57 6.00 3925432 0.82
29.97 5.77 173.07 859.93 6.00 3925452 0.83
29.97 5.77 173.07 859.65 6.00 3925472 0.83
29.97 5.77 173.07 860.87 6.00 3925492 0.83
29.97 5.92 177.48 861.25 6.00 3925512 0.83
29.97 5.92 177.48 861.03 6.00 3925532 0.83
29.97 5.92 177.48 861.43 6.00 3925552 0.83
29.97 5.89 176.52 862.33 6.00 3925572 0.83
29.97 5.89 176.52 863.06 6.00 3925592 0.83
29.97 5.89 176.52 862.45 6.00 3925612 0.83
29.97 5.89 176.52 863.04 6.00 3925632 0.83
29.97 5.95 178.45 863.64 6.00 3925652 0.83
29.97 5.95 178.45 864.14 6.00 3925672 0.83
29.97 5.95 178.45 864.02 6.00 3925692 0.83
29.97 5.95 178.45 864.39 6.00 3925712 0.83
29.97 5.83 174.79 864.74 6.00 3925732 0.83
29.97 5.83 174.79 864.67 6.00 3925752 0.83
29.97 5.83 174.79 865.51 6.00 3925772 0.83
29.97 5.73 171.67 865.71 6.00 3925792 0.83
29.97 5.73 171.67 866.58 6.00 3925812 0.83
29.97 5.73 171.67 866.39 6.00 3925832 0.83
29.97 5.73 171.67 866.64 6.00 3925852 0.83
29.97 5.79 173.44 867.60 6.00 3925872 0.83
29.97 5.79 173.44 867.67 6.00 3925892 0.83
29.97 5.79 173.44 867.60 6.00 3925912 0.83
29.97 5.79 173.44 868.06 6.00 3925932 0.83
29.97 5.80 173.98 868.95 6.00 3925952 0.83
29.97 5.80 173.98 869.09 6.00 3925972 0.83
29.97 5.80 173.98 869.41 6.00 3925992 0.83
29.97 5.92 177.40 869.39 6.00 3926012 0.83
29.97 5.92 177.40 870.08 6.00 3926032 0.83
29.97 5.92 177.40 870.33 6.00 3926052 0.83
29.97 5.92 177.40 870.65 6.00 3926072 0.83
29.97 5.79 173.61 871.11 6.00 3926092 0.83
29.97 5.79 173.61 871.70 6.00 3926112 0.83
29.97 5.79 173.61 871.11 6.00 3926132 0.83
29.97 5.76 172.71 872.17 6.00 3926152 0.83
29.97 5.76 172.71 872.23 6.00 3926172 0.83
29.97 5.76 172.71 872.50 6.00 3926192 0.83
29.97 5.76 172.71 872.89 6.00 3926212 0.83
29.97 5.88 176.36 873.39 6.00 3926232 0.83
29.97 5.88 176.36 873.77 6.00 3926252 0.83
29.97 5.88 176.36 873.79 6.00 3926272 0.83
29.97 5.88 176.36 874.04 6.00 3926292 0.83
29.97 5.97 178.89 874.90 6.00 3926312 0.83
29.97 5.97 178.89 874.80 6.00 3926332 0.83
29.97 5.97 178.89 876.00 6.00 3926352 0.83
29.97 5.91 177.03 875.73 6.00 3926372 0.83
29.97 5.91 177.03 875.71 6.00 3926392 0.83
29.97 5.91 177.03 876.10 6.00 3926412 0.83
29.97 5.91 177.03 876.12 6.00 3926432 0.83
29.97 5.86 175.69 876.24 6.00 3926452 0.83
29.97 5.86 175.69 876.99 6.00 3926472 0.83
29.97 5.86 175.69 877.81 6.00 3926492 0.83
29.97 5.86 175.69 878.66 6.00 3926512 0.83
29.97 5.84 175.17 879.13 6.00 3926532 0.83
29.97 5.84 175.17 879.35 6.00 3926552 0.83
29.97 5.84 175.17 879.13 6.00 3926572 0.83
29.97 5.79 173.60 878.52 6.00 3926592 0.83
29.97 5.79 173.60 879.47 6.00 3926612 0.83
29.97 5.79 173.60 879.83 6.00 3926632 0.83
29.97 5.79 173.60 880.59 6.00 3926652 0.83
29.97 5.85 175.38 880.54 6.00 3926672 0.83
29.97 5.85 175.38 880.91 6.00 3926692 0.83
29.97 5.85 175.38 881.23 6.00 3926712 0.83
29.97 5.78 173.23 881.51 6.00 3926732 0.83
29.97 5.78 173.23 881.26 6.00 3926752 0.83
29.97 5.78 173.23 882.47 6.00 3926772 0.84
29.97 5.78 173.23 883.94 6.00 3926792 0.84
29.97 5.76 172.56 882.79 6.00 3926812 0.84
29.97 5.76 172.56 883.11 6.00 3926832 0.84
29.97 5.76 172.56 883.77 6.00 3926852 0.84
29.97 5.76 172.56 884.17 6.00 3926872 0.84
29.97 5.76 172.78 884.84 6.00 3926892 0.84
29.97 5.76 172.78 885.05 6.00 3926912 0.84
29.97 5.76 172.78 885.26 6.00 3926932 0.84
29.97 5.73 171.82 886.01 6.00 3926952 0.84
29.97 5.73 171.82 885.77 6.00 3926972 0.84
29.97 5.73 171.82 885.32 6.00 3926992 0.84
29.97 5.73 171.82 886.43 6.00 3927012 0.84
29.97 5.80 173.74 886.42 6.00 3927032 0.84
29.97 5.80 173.74 887.13 6.00 3927052 0.84
29.97 5.80 173.74 887.08 6.00 3927072 0.84
29.97 5.87 175.84 887.30 6.00 3927092 0.84
29.97 5.87 175.84 887.67 6.00 3927112 0.84
29.97 5.87 175.84 888.34 6.00 3927132 0.84
29.97 5.87 175.84 887.99 6.00 3927152 0.84
29.97 5.87 175.99 888.99 6.00 3927172 0.84
29.97 5.87 175.99 888.82 6.00 3927192 0.84
29.97 5.87 175.99 889.86 6.00 3927212 0.84
29.97 5.87 175.99 889.82 6.00 3927232 0.84
29.97 5.81 174.19 890.78 6.00 3927252 0.84
29.97 5.81 174.19 890.19 6.00 3927272 0.84
29.97 5.81 174.19 891.66 6.00 3927292 0.84
29.97 5.87 175.92 890.83 6.00 3927312 0.84
29.97 5.87 175.92 891.57 6.00 3927332 0.84
29.97 5.87 175.92 891.41 6.00 3927352 0.84
29.97 5.87 175.92 892.62 6.00 3927372 0.84
29.97 5.91 177.03 892.67 6.00 3927392 0.84
29.97 5.91 177.03 893.59 6.00 3927412 0.84
29.97 5.91 177.03 893.31 6.00 3927432 0.84
29.97 5.91 177.03 893.11 6.00 3927452 0.84
29.97 5.92 177.56 893.27 6.00 3927472 0.84
29.97 5.92 177.56 894.23 6.00 3927492 0.84
29.97 5.92 177.56 894.68 6.00 3927512 0.84
29.97 5.84 175.17 895.13 6.00 3927532 0.84
29.97 5.84 175.17 895.27 6.00 3927552 0.84
29.97 5.84 175.17 895.38 6.00 3927572 0.84
29.97 5.84 175.17 895.87 6.00 3927592 0.84
29.97 5.77 173.01 896.49 6.00 3927612 0.84
29.97 5.77 173.01 895.84 6.00 3927632 0.84
29.97 5.77 173.01 896.54 6.00 3927652 0.84
29.97 5.78 173.30 897.12 6.00 3927672 0.84
29.97 5.78 173.30 898.88 6.00 3927692 0.84
29.97 5.78 173.30 896.97 6.00 3927712 0.84
29.97 5.78 173.30 898.32 6.00 3927732 0.84
29.97 5.77 173.08 898.63 6.00 3927752 0.84
29.97 5.77 173.08 898.85 6.00 3927772 0.84
29.97 5.77 173.08 898.77 6.00 3927792 0.84
29.97 5.77 173.08 899.91 6.00 3927812 0.84
29.97 5.77 172.93 899.64 6.00 3927832 0.84
29.97 5.77 172.93 900.08 6.00 3927852 0.84
29.97 5.77 172.93 900.23 6.00 3927872 0.85
29.97 5.84 175.10 900.78 6.00 3927892 0.85
29.97 5.84 175.10 901.28 6.00 3927912 0.85
29.97 5.84 175.10 901.16 6.00 3927932 0.85
29.97 5.84 175.10 901.56 6.00 3927952 0.85
29.97 5.87 175.92 901.92 6.00 3927972 0.85
29.97 5.87 175.92 902.53 6.00 3927992 0.85
29.97 5.87 175.92 902.50 6.00 3928012 0.85
29.97 5.87 175.92 902.11 6.00 3928032 0.85
29.97 5.86 175.68 902.73 6.00 3928052 0.85
29.97 5.86 175.68 903.68 6.00 3928072 0.85
29.97 5.86 175.68 903.93 6.00 3928092 0.85
29.97 5.82 174.58 904.23 6.00 3928112 0.85
29.97 5.82 174.58 905.37 6.00 3928132 0.85
29.97 5.82 174.58 904.64 6.00 3928152 0.85
29.97 5.82 174.58 905.39 6.00 3928172 0.85
29.97 5.87 175.91 905.35 6.00 3928192 0.85
29.97 5.87 175.91 905.82 6.00 3928212 0.85
29.97 5.87 175.91 906.36 6.00 3928232 0.85
29.97 5.80 173.75 906.22 6.00 3928252 0.85
29.97 5.80 173.75 906.50 6.00 3928272 0.85
29.97 5.80 173.75 907.50 6.00 3928292 0.85
29.97 5.80 173.75 907.26 6.00 3928312 0.85
29.97 5.87 176.06 908.21 6.00 3928332 0.85
29.97 5.87 176.06 908.24 6.00 3928352 0.85
29.97 5.87 176.06 907.85 6.00 3928372 0.85
29.97 5.87 176.06 908.46 6.00 3928392 0.85
29.97 5.87 175.92 908.62 6.00 3928412 0.85
29.97 5.87 175.92 908.97 6.00 3928432 0.85
29.97 5.87 175.92 909.64 6.00 3928452 0.85
29.97 5.83 174.72 910.15 6.00 3928472 0.85
29.97 5.83 174.72 910.55 6.00 3928492 0.85
29.97 5.83 174.72 910.75 6.00 3928512 0.85
29.97 5.83 174.72 910.82 6.00 3928532 0.85
29.97 5.85 175.31 911.37 6.00 3928552 0.85
29.97 5.85 175.31 911.52 6.00 3928572 0.85
29.97 5.85 175.31 911.40 6.00 3928592 0.85
29.97 5.87 175.91 911.90 6.00 3928612 0.85
29.97 5.87 175.91 912.69 6.00 3928632 0.85
29.97 5.87 175.91 912.64 6.00 3928652 0.85
29.97 5.87 175.91 913.27 6.00 3928672 0.85
29.97 5.89 176.43 913.77 6.00 3928692 0.85
29.97 5.89 176.43 913.46 6.00 3928712 0.85
29.97 5.89 176.43 914.24 6.00 3928732 0.85
29.97 5.89 176.43 913.97 6.00 3928752 0.85
29.97 5.84 175.09 913.88 6.00 3928772 0.85
29.97 5.84 175.09 915.01 6.00 3928792 0.85
29.97 5.84 175.09 915.65 6.00 3928812 0.85
29.97 5.84 174.94 915.74 6.00 3928832 0.85
29.97 5.84 174.94 916.30 6.00 3928852 0.85
29.97 5.84 174.94 916.42 6.00 3928872 0.85
29.97 5.84 174.94 916.31 6.00 3928892 0.85
29.97 5.91 177.10 917.05 6.00 3928912 0.85
29.97 5.91 177.10 917.19 6.00 3928932 0.85
29.97 5.91 177.10 917.54 6.00 3928952 0.85
29.97 5.91 177.10 917.08 6.00 3928972 0.85
29.97 5.87 176.06 918.12 6.00 3928992 0.85
29.97 5.87 176.06 918.22 6.00 3929012 0.85
29.97 5.87 176.06 919.02 6.00 3929032 0.85
29.97 5.85 175.32 919.15 6.00 3929052 0.85
29.97 5.85 175.32 919.88 6.00 3929072 0.85
29.97 5.85 175.32 919.95 6.00 3929092 0.85
29.97 5.85 175.32 920.82 6.00 3929112 0.85
29.97 5.90 176.80 920.78 6.00 3929132 0.85
29.97 5.90 176.80 920.97 6.00 3929152 0.85
29.97 5.90 176.80 921.73 6.00 3929172 0.85
29.97 5.82 174.50 920.99 6.00 3929192 0.85
29.97 5.82 174.50 921.91 6.00 3929212 0.85
29.97 5.82 174.50 922.61 6.00 3929232 0.85
29.97 5.82 174.50 922.17 6.00 3929252 0.86
29.97 5.75 172.41 922.81 6.00 3929272 0.86
29.97 5.75 172.41 923.11 6.00 3929292 0.86
29.97 5.75 172.41 923.57 6.00 3929312 0.86
29.97 5.75 172.41 923.55 6.00 3929332 0.86
29.97 5.79 173.60 924.81 6.00 3929352 0.86
29.97 5.79 173.60 924.81 6.00 3929372 0.86
29.97 5.79 173.60 924.24 6.00 3929392 0.86
29.97 5.82 174.42 925.23 6.00 3929412 0.86
29.97 5.82 174.42 925.58 6.00 3929432 0.86
29.97 5.82 174.42 925.28 6.00 3929452 0.86
29.97 5.82 174.42 925.87 6.00 3929472 0.86
29.97 5.83 174.73 926.18 6.00 3929492 0.86
29.97 5.83 174.73 925.84 6.00 3929512 0.86
29.97 5.83 174.73 926.93 6.00 3929532 0.86
29.97 5.83 174.73 927.01 6.00 3929552 0.86
29.97 5.81 174.13 927.72 6.00 3929572 0.86
29.97 5.81 174.13 927.59 6.00 3929592 0.86
29.97 5.81 174.13 928.05 6.00 3929612 0.86
29.97 5.84 174.94 929.07 6.00 3929632 0.86
29.97 5.84 174.94 928.85 6.00 3929652 0.86
29.97 5.84 174.94 929.41 6.00 3929672 0.86
29.97 5.84 174.94 929.17 6.00 3929692 0.86
29.97 5.80 173.83 929.76 6.00 3929712 0.86
29.97 5.80 173.83 930.16 6.00 3929732 0.86
29.97 5.80 173.83 929.61 6.00 3929752 0.86
29.97 5.82 174.50 929.84 6.00 3929772 0.86
29.97 5.82 174.50 930.97 6.00 3929792 0.86
29.97 5.82 174.50 931.42 6.00 3929812 0.86
29.97 5.82 174.50 930.52 6.00 3929832 0.86
29.97 5.84 175.09 931.65 6.00 3929852 0.86
29.97 5.84 175.09 931.65 6.00 3929872 0.86
29.97 5.84 175.09 931.71 6.00 3929892 0.86
29.97 5.84 175.09 932.55 6.00 3929912 0.86
29.97 5.86 175.61 932.85 6.00 3929932 0.86
29.97 5.86 175.61 933.50 6.00 3929952 0.86
29.97 5.86 175.61 933.42 6.00 3929972 0.86
29.97 5.82 174.50 934.39 6.00 3929992 0.86
29.97 5.82 174.50 934.35 6.00 3930012 0.86
29.97 5.82 174.50 935.22 6.00 3930032 0.86
29.97 5.82 174.50 934.64 6.00 3930052 0.86
29.97 5.85 175.24 935.73 6.00 3930072 0.86
29.97 5.85 175.24 934.68 6.00 3930092 0.86
29.97 5.85 175.24 936.02 6.00 3930112 0.86
29.97 5.86 175.61 936.36 6.00 3930132 0.86
29.97 5.86 175.61 935.73 6.00 3930152 0.86
29.97 5.86 175.61 936.43 6.00 3930172 0.86
29.97 5.86 175.61 937.03 6.00 3930192 0.86
29.97 5.83 174.79 937.47 6.00 3930212 0.86
29.97 5.83 174.79 937.94 6.00 3930232 0.86
29.97 5.83 174.79 937.53 6.00 3930252 0.86
29.97 5.83 174.79 938.48 6.00 3930272 0.86
29.97 5.82 174.50 937.98 6.00 3930292 0.86
29.97 5.82 174.50 938.95 6.00 3930312 0.86
29.97 5.82 174.50 939.14 6.00 3930332 0.86
29.97 5.84 175.17 939.98 6.00 3930352 0.86
29.97 5.84 175.17 939.41 6.00 3930372 0.86
29.97 5.84 175.17 940.45 6.00 3930392 0.87
29.97 5.84 175.17 940.47 6.00 3930412 0.87
29.97 5.88 176.14 940.69 6.00 3930432 0.87
29.97 5.88 176.14 940.78 6.00 3930452 0.87
29.97 5.88 176.14 941.59 6.00 3930472 0.87
29.97 5.88 176.14 942.29 6.00 3930492 0.87
29.97 5.85 175.47 942.37 6.00 3930512 0.87
29.97 5.85 175.47 942.68 6.00 3930532 0.87
29.97 5.85 175.47 943.60 6.00 3930552 0.87
29.97 5.75 172.48 942.66 6.00 3930572 0.87
29.97 5.75 172.48 943.83 6.00 3930592 0.87
29.97 5.75 172.48 944.61 6.00 3930612 0.87
29.97 5.75 172.48 944.06 6.00 3930632 0.87
29.97 5.80 173.83 944.55 6.00 3930652 0.87
29.97 5.80 173.83 944.82 6.00 3930672 0.87
29.97 5.80 173.83 944.82 6.00 3930692 0.87
29.97 5.87 175.92 945.46 6.00 3930712 0.87
29.97 5.87 175.92 944.99 6.00 3930732 0.87
29.97 5.87 175.92 945.66 6.00 3930752 0.87
29.97 5.87 175.92 945.84 6.00 3930772 0.87
29.97 5.87 175.92 945.86 6.00 3930792 0.87
29.97 5.87 175.92 946.42 6.00 3930812 0.87
29.97 5.87 175.92 946.79 6.00 3930832 0.87
29.97 5.87 175.92 947.61 6.00 3930852 0.87
29.97 5.92 177.40 947.22 6.00 3930872 0.87
29.97 5.92 177.40 947.87 6.00 3930892 0.87
29.97 5.92 177.40 947.39 6.00 3930912 0.87
29.97 5.89 176.51 947.79 6.00 3930932 0.87
29.97 5.89 176.51 948.98 6.00 3930952 0.87
29.97 5.89 176.51 949.10 6.00 3930972 0.87
29.97 5.89 176.51 948.84 6.00 3930992 0.87
29.97 5.89 176.44 949.62 6.00 3931012 0.87
29.97 5.89 176.44 949.68 6.00 3931032 0.87
29.97 5.89 176.44 950.53 6.00 3931052 0.87
29.97 5.89 176.44 949.82 6.00 3931072 0.87
29.97 5.86 175.69 950.93 6.00 3931092 0.87
29.97 5.86 175.69 951.31 6.00 3931112 0.87
29.97 5.86 175.69 951.63 6.00 3931132 0.87
29.97 5.80 173.75 951.64 6.00 3931152 0.87
29.97 5.80 173.75 952.35 6.00 3931172 0.87
29.97 5.80 173.75 952.58 6.00 3931192 0.87
29.97 5.80 173.75 952.64 6.00 3931212 0.87
29.97 5.86 175.76 953.02 6.00 3931232 0.87
29.97 5.86 175.76 953.62 6.00 3931252 0.87
29.97 5.86 175.76 953.55 6.00 3931272 0.87
29.97 5.84 175.17 954.14 6.00 3931292 0.87
29.97 5.84 175.17 954.58 6.00 3931312 0.87
29.97 5.84 175.17 955.31 6.00 3931332 0.87
29.97 5.84 175.17 954.29 6.00 3931352 0.87
29.97 5.88 176.22 954.46 6.00 3931372 0.87
29.97 5.88 176.22 955.64 6.00 3931392 0.87
29.97 5.88 176.22 956.16 6.00 3931412 0.87
29.97 5.88 176.22 956.33 6.00 3931432 0.87
29.97 5.86 175.54 956.72 6.00 3931452 0.87
29.97 5.86 175.54 956.95 6.00 3931472 0.87
29.97 5.86 175.54 957.14 6.00 3931492 0.87
29.97 5.82 174.50 957.92 6.00 3931512 0.87
29.97 5.82 174.50 957.46 6.00 3931532 0.87
29.97 5.82 174.50 957.81 6.00 3931552 0.87
29.97 5.82 174.50 958.65 6.00 3931572 0.87
29.97 5.76 172.78 958.59 6.00 3931592 0.87
29.97 5.76 172.78 959.05 6.00 3931612 0.87
29.97 5.76 172.78 959.43 6.00 3931632 0.87
29.97 5.77 173.08 959.75 6.00 3931652 0.87
29.97 5.77 173.08 959.69 6.00 3931672 0.87
29.97 5.77 173.08 960.03 6.00 3931692 0.88
29.97 5.77 173.08 961.06 6.00 3931712 0.88
29.97 5.85 175.24 960.86 6.00 3931732 0.88
29.97 5.85 175.24 960.92 6.00 3931752 0.88
29.97 5.85 175.24 961.11 6.00 3931772 0.88
29.97 5.85 175.24 961.28 6.00 3931792 0.88
29.97 5.89 176.51 961.66 6.00 3931812 0.88
29.97 5.89 176.51 961.55 6.00 3931832 0.88
29.97 5.89 176.51 962.40 6.00 3931852 0.88
29.97 5.91 177.26 962.60 6.00 3931872 0.88
29.97 5.91 177.26 963.89 6.00 3931892 0.88
29.97 5.91 177.26 963.41 6.00 3931912 0.88
29.97 5.91 177.26 963.96 6.00 3931932 0.88
29.97 5.89 176.59 963.81 6.00 3931952 0.88
29.97 5.89 176.59 965.10 6.00 3931972 0.88
29.97 5.89 176.59 964.10 6.00 3931992 0.88
29.97 5.89 176.59 965.17 6.00 3932012 0.88
29.97 5.84 175.17 964.60 6.00 3932032 0.88
29.97 5.84 175.17 965.13 6.00 3932052 0.88
29.97 5.84 175.17 966.48 6.00 3932072 0.88
29.97 5.83 174.80 967.01 6.00 3932092 0.88
29.97 5.83 174.80 966.03 6.00 3932112 0.88
29.97 5.83 174.80 966.14 6.00 3932132 0.88
29.97 5.83 174.80 965.59 6.00 3932152 0.88
29.97 5.80 173.82 967.27 6.00 3932172 0.88
29.97 5.80 173.82 967.87 6.00 3932192 0.88
29.97 5.80 173.82 968.62 6.00 3932212 0.88
29.97 5.85 175.24 967.94 6.00 3932232 0.88
29.97 5.85 175.24 968.68 6.00 3932252 0.88
29.97 5.85 175.24 968.80 6.00 3932272 0.88
29.97 5.85 175.24 969.37 6.00 3932292 0.88
29.97 5.88 176.36 969.09 6.00 3932312 0.88
29.97 5.88 176.36 970.20 6.00 3932332 0.88
29.97 5.88 176.36 969.59 6.00 3932352 0.88
29.97 5.88 176.36 970.45 6.00 3932372 0.88
29.97 5.90 176.74 970.70 6.00 3932392 0.88
29.97 5.90 176.74 971.33 6.00 3932412 0.88
29.97 5.90 176.74 970.53 6.00 3932432 0.88
29.97 5.86 175.62 971.61 6.00 3932452 0.88
29.97 5.86 175.62 972.04 6.00 3932472 0.88
29.97 5.86 175.62 972.10 6.00 3932492 0.88
29.97 5.86 175.62 971.61 6.00 3932512 0.88
29.97 5.74 172.18 972.21 6.00 3932532 0.88
29.97 5.74 172.18 972.81 6.00 3932552 0.88
29.97 5.74 172.18 973.24 6.00 3932572 0.88
29.97 5.77 172.86 973.39 6.00 3932592 0.88
29.97 5.77 172.86 973.77 6.00 3932612 0.88
29.97 5.77 172.86 974.01 6.00 3932632 0.88
29.97 5.77 172.86 974.41 6.00 3932652 0.88
29.97 5.77 173.00 974.69 6.00 3932672 0.88
29.97 5.77 173.00 974.74 6.00 3932692 0.88
29.97 5.77 173.00 974.99 6.00 3932712 0.88
29.97 5.77 173.00 976.12 6.00 3932732 0.88
29.97 5.82 174.34 976.05 6.00 3932752 0.88
29.97 5.82 174.34 976.04 6.00 3932772 0.88
29.97 5.82 174.34 976.51 6.00 3932792 0.88
29.97 5.87 175.99 976.82 6.00 3932812 0.88
29.97 5.87 175.99 977.42 6.00 3932832 0.88
29.97 5.87 175.99 977.39 6.00 3932852 0.88
29.97 5.87 175.99 977.66 6.00 3932872 0.88
29.97 5.88 176.28 977.98 6.00 3932892 0.88
29.97 5.88 176.28 978.46 6.00 3932912 0.88
29.97 5.88 176.28 978.35 6.00 3932932 0.88
29.97 5.88 176.28 978.15 6.00 3932952 0.88
29.97 5.92 177.41 979.18 6.00 3932972 0.88
29.97 5.92 177.41 979.51 6.00 3932992 0.89
29.97 5.92 177.41 979.30 6.00 3933012 0.89
29.97 5.94 177.93 979.98 6.00 3933032 0.89
29.97 5.94 177.93 980.58 6.00 3933052 0.89
29.97 5.94 177.93 980.95 6.00 3933072 0.89
29.97 5.94 177.93 981.00 6.00 3933092 0.89
29.97 5.87 175.84 980.95 6.00 3933112 0.89
29.97 5.87 175.84 981.77 6.00 3933132 0.89
29.97 5.87 175.84 981.63 6.00 3933152 0.89
29.97 5.88 176.37 982.95 6.00 3933172 0.89
29.97 5.88 176.37 982.27 6.00 3933192 0.89
29.97 5.88 176.37 981.88 6.00 3933212 0.89
29.97 5.88 176.37 982.59 6.00 3933232 0.89
29.97 5.86 175.55 983.83 6.00 3933252 0.89
29.97 5.86 175.55 984.17 6.00 3933272 0.89
29.97 5.86 175.55 983.75 6.00 3933292 0.89
29.97 5.86 175.55 984.14 6.00 3933312 0.89
29.97 5.77 172.86 984.46 6.00 3933332 0.89
29.97 5.77 172.86 984.75 6.00 3933352 0.89
29.97 5.77 172.86 985.17 6.00 3933372 0.89
29.97 5.77 172.85 984.82 6.00 3933392 0.89
29.97 5.77 172.85 986.96 6.00 3933412 0.89
29.97 5.77 172.85 985.76 6.00 3933432 0.89
29.97 5.77 172.85 985.76 6.00 3933452 0.89
29.97 5.77 173.00 986.66 6.00 3933472 0.89
29.97 5.77 173.00 987.02 6.00 3933492 0.89
29.97 5.77 173.00 986.52 6.00 3933512 0.89
29.97 5.77 173.00 986.81 6.00 3933532 0.89
29.97 5.84 174.95 987.54 6.00 3933552 0.89
29.97 5.84 174.95 987.80 6.00 3933572 0.89
29.97 5.84 174.95 988.40 6.00 3933592 0.89
29.97 5.87 175.92 988.94 6.00 3933612 0.89
29.97 5.87 175.92 988.88 6.00 3933632 0.89
29.97 5.87 175.92 988.13 6.00 3933652 0.89
29.97 5.87 175.92 989.33 6.00 3933672 0.89
29.97 5.84 175.09 989.33 6.00 3933692 0.89
29.97 5.84 175.09 991.11 6.00 3933712 0.89
29.97 5.84 175.09 990.02 6.00 3933732 0.89
29.97 5.89 176.59 990.31 6.00 3933752 0.89
29.97 5.89 176.59 990.18 6.00 3933772 0.89
29.97 5.89 176.59 990.90 6.00 3933792 0.89
29.97 5.89 176.59 992.10 6.00 3933812 0.89
29.97 5.90 176.95 992.31 6.00 3933832 0.89
29.97 5.90 176.95 992.77 6.00 3933852 0.89
29.97 5.90 176.95 991.77 6.00 3933872 0.89
29.97 5.90 176.95 991.69 6.00 3933892 0.89
29.97 5.91 177.04 992.87 6.00 3933912 0.89
29.97 5.91 177.04 993.85 6.00 3933932 0.89
29.97 5.91 177.04 993.51 6.00 3933952 0.89
29.97 5.89 176.43 993.92 6.00 3933972 0.89
29.97 5.89 176.43 994.63 6.00 3933992 0.89
29.97 5.89 176.43 994.12 6.00 3934012 0.89
29.97 5.89 176.43 994.32 6.00 3934032 0.89
29.97 5.81 174.20 995.02 6.00 3934052 0.89
29.97 5.81 174.20 995.44 6.00 3934072 0.89
29.97 5.81 174.20 995.87 6.00 3934092 0.89
29.97 5.83 174.65 995.55 6.00 3934112 0.89
29.97 5.83 174.64 995.88 6.00 3934132 0.89
29.97 5.83 174.64 996.38 6.00 3934152 0.89
29.97 5.83 174.64 997.03 6.00 3934172 0.89
29.97 5.85 175.39 997.36 6.00 3934192 0.89
29.97 5.85 175.39 997.42 6.00 3934212 0.89
29.97 5.85 175.39 997.72 6.00 3934232 0.89
29.97 5.85 175.39 998.59 6.00 3934252 0.89
29.97 5.84 175.17 997.87 6.00 3934272 0.89
29.97 5.84 175.17 998.44 6.00 3934292 0.89
29.97 5.84 175.17 997.80 6.00 3934312 0.89
29.97 5.86 175.77 999.62 6.00 3934332 0.89
29.97 5.86 175.77 999.23 6.00 3934352 0.89
29.97 5.86 175.77 1000.77 6.00 3934372 0.90
29.97 5.86 175.77 1000.00 6.00 3934392 0.90
29.97 5.78 173.16 1000.43 6.00 3934412 0.90
29.97 5.78 173.16 1000.68 6.00 3934432 0.90
29.97 5.78 173.16 999.78 6.00 3934452 0.90
29.97 5.78 173.16 1001.07 6.00 3934472 0.90
29.97 5.80 173.90 1000.72 6.00 3934492 0.90
29.97 5.80 173.90 1002.57 6.00 3934512 0.90
29.97 5.80 173.90 1001.70 6.00 3934532 0.90
29.97 5.84 175.09 1002.15 6.00 3934552 0.90
29.97 5.84 175.09 1002.05 6.00 3934572 0.90
29.97 5.84 175.09 1003.46 6.00 3934592 0.90
29.97 5.84 175.09 1003.26 6.00 3934612 0.90
29.97 5.83 174.65 1003.51 6.00 3934632 0.90
29.97 5.83 174.65 1003.04 6.00 3934652 0.90
29.97 5.83 174.65 1004.05 6.00 3934672 0.90
29.97 5.82 174.34 1003.95 6.00 3934692 0.90
29.97 5.82 174.34 1004.69 6.00 3934712 0.90
29.97 5.82 174.34 1004.86 6.00 3934732 0.90
29.97 5.82 174.34 1005.21 6.00 3934752 0.90
29.97 5.84 174.94 1005.21 6.00 3934772 0.90
29.97 5.84 174.94 1005.80 6.00 3934792 0.90
29.97 5.84 174.94 1005.45 6.00 3934812 0.90
29.97 5.84 174.94 1005.97 6.00 3934832 0.90
29.97 5.89 176.58 1006.27 6.00 3934852 0.90
29.97 5.89 176.58 1007.10 6.00 3934872 0.90
29.97 5.89 176.58 1007.98 6.00 3934892 0.90
29.97 6.00 179.79 1007.64 6.00 3934912 0.90
29.97 6.00 179.79 1008.13 6.00 3934932 0.90
29.97 6.00 179.79 1007.90 6.00 3934952 0.90
29.97 6.00 179.79 1008.40 6.00 3934972 0.90
29.97 5.91 177.04 1008.69 6.00 3934992 0.90
29.97 5.91 177.04 1008.79 6.00 3935012 0.90
29.97 5.91 177.04 1009.01 6.00 3935032 0.90
29.97 5.91 177.04 1010.12 6.00 3935052 0.90
29.97 5.86 175.77 1010.22 6.00 3935072 0.90
29.97 5.86 175.77 1010.07 6.00 3935092 0.90
29.97 5.86 175.77 1009.69 6.00 3935112 0.90
29.98 5.65 169.52 1009.66 6.00 3935132 0.90
29.98 5.65 169.52 1010.39 6.00 3935152 0.90
29.98 5.65 169.52 1010.00 6.00 3935172 0.90
29.98 5.65 169.52 1010.63 6.00 3935192 0.90
30.13 0.39 11.82 1010.49 6.00 3935212 0.90
30.13 0.39 11.82 1011.87 6.00 3935232 0.90
30.13 0.39 11.82 1010.20 6.00 3935252 0.90
30.10 0.07 2.26 1010.37 6.00 3935272 0.90
30.10 0.07 2.26 1010.42 6.00 3935292 0.90
30.10 0.07 2.26 1010.25 6.00 3935312 0.90
30.10 0.07 2.26 1010.44 6.00 3935332 0.90
30.09 0.01 0.38 1010.46 6.00 3935352 0.90
30.09 0.01 0.38 1009.95 6.00 3935372 0.90
30.09 0.01 0.38 1010.54 6.00 3935392 0.90
30.09 0.01 0.38 1010.76 6.00 3935412 0.90
30.09 0.01 0.38 1009.23 6.00 3935432 0.90
30.09 0.01 0.38 1009.59 6.00 3935452 0.90
30.09 0.01 0.38 1010.44 6.00 3935472 0.90
30.09 0.01 0.38 1010.14 6.00 3935492 0.90
30.09 0.01 0.38 1010.02 6.00 3935512 0.90
30.09 0.01 0.38 1009.69 6.00 3935532 0.90
30.09 0.01 0.38 1010.17 6.00 3935552 0.90
30.09 0.01 0.38 1009.88 6.00 3935572 0.90
30.09 0.01 0.38 1009.29 6.00 3935592 0.90
30.09 0.01 0.38 1009.13 6.00 3935612 0.90
30.09 0.01 0.30 1009.73 6.00 3935632 0.90
30.09 0.01 0.30 1008.93 6.00 3935652 0.90
30.09 0.01 0.30 1008.69 6.00 3935672 0.90
30.09 0.01 0.30 1008.86 6.00 3935692 0.90
30.09 0.01 0.30 1009.25 6.00 3935712 0.90
30.09 0.01 0.30 1009.29 6.00 3935732 0.90
30.09 0.01 0.30 1009.46 6.00 3935752 0.90
30.09 0.01 0.30 1008.86 6.00 3935772 0.90
30.09 0.01 0.38 1008.96 6.00 3935792 0.90
30.09 0.01 0.38 1008.13 6.00 3935812 0.90
30.09 0.01 0.38 1009.17 6.00 3935832 0.90
30.09 0.01 0.30 1008.90 6.00 3935852 0.90
30.09 0.01 0.30 1009.37 6.00 3935872 0.90
30.09 0.01 0.30 1008.49 6.00 3935892 0.90
30.09 0.01 0.30 1008.83 6.00 3935912 0.90
30.09 0.01 0.30 1008.22 6.00 3935932 0.90
30.09 0.01 0.30 1008.66 6.00 3935952 0.90
30.09 0.01 0.30 1007.98 6.00 3935972 0.90
30.09 0.01 0.30 1008.34 6.00 3935992 0.90
30.09 0.01 0.38 1008.57 6.00 3936012 0.90
30.09 0.01 0.38 1008.54 6.00 3936032 0.90
30.09 0.01 0.38 1009.10 6.00 3936052 0.90
30.09 0.01 0.38 1008.28 6.00 3936072 0.90
30.09 0.01 0.38 1007.56 6.00 3936092 0.90
30.09 0.01 0.38 1007.54 6.00 3936112 0.90
30.09 0.01 0.38 1008.47 6.00 3936132 0.90
30.09 0.01 0.38 1007.54 6.00 3936152 0.90
30.09 0.01 0.38 1007.90 6.00 3936172 0.90
30.09 0.01 0.38 1007.49 6.00 3936192 0.90
30.09 0.01 0.38 1007.24 6.00 3936212 0.90
30.09 0.01 0.38 1007.81 6.00 3936232 0.90
30.09 0.01 0.38 1007.64 6.00 3936252 0.90
30.09 0.01 0.38 1008.69 6.00 3936272 0.90
30.09 0.01 0.38 1007.13 6.00 3936292 0.90
30.09 0.01 0.38 1007.64 6.00 3936312 0.90
30.09 0.01 0.38 1007.24 6.00 3936332 0.90
30.09 0.01 0.38 1007.17 6.00 3936352 0.90
30.09 0.01 0.38 1006.95 6.00 3936372 0.90
30.09 0.01 0.38 1005.92 6.00 3936392 0.90
30.09 0.01 0.38 1006.69 6.00 3936412 0.90
30.09 0.01 0.38 1006.49 6.00 3936432 0.90
30.09 0.01 0.38 1006.88 6.00 3936452 0.90
30.09 0.01 0.38 1007.86 6.00 3936472 0.90
30.09 0.01 0.38 1006.96 6.00 3936492 0.90
30.09 0.01 0.38 1006.76 6.00 3936512 0.90
30.09 0.01 0.38 1006.85 6.00 3936532 0.90
30.09 0.01 0.38 1006.49 6.00 3936552 0.90
30.09 0.01 0.38 1006.44 6.00 3936572 0.90
30.09 0.01 0.38 1007.08 6.00 3936592 0.90
30.09 0.01 0.38 1006.56 6.00 3936612 0.90
30.09 0.01 0.38 1006.29 6.00 3936632 0.90
30.09 0.01 0.38 1006.19 6.00 3936652 0.90
30.09 0.01 0.38 1006.44 6.00 3936672 0.90
30.09 0.01 0.38 1006.59 6.00 3936692 0.90
30.09 0.01 0.38 1005.75 6.00 3936712 0.90
30.09 0.01 0.38 1006.26 6.00 3936732 0.90
30.09 0.01 0.38 1005.56 6.00 3936752 0.90
30.09 0.01 0.38 1005.88 6.00 3936772 0.90
30.09 0.01 0.38 1005.99 6.00 3936792 0.90
30.09 0.01 0.38 1006.75 6.00 3936812 0.90
30.09 0.01 0.38 1006.29 6.00 3936832 0.90
30.09 0.01 0.38 1005.92 6.00 3936852 0.90
30.09 0.01 0.38 1005.08 6.00 3936872 0.90
30.09 0.01 0.38 1005.95 6.00 3936892 0.90
30.09 0.01 0.38 1005.38 6.00 3936912 0.90
30.09 0.01 0.38 1006.68 6.00 3936932 0.90
30.09 0.01 0.38 1005.46 6.00 3936952 0.90
30.09 0.01 0.38 1004.96 6.00 3936972 0.90
30.09 0.01 0.38 1004.60 6.00 3936992 0.90
30.09 0.01 0.38 1005.18 6.00 3937012 0.90
30.09 0.01 0.38 1005.45 6.00 3937032 0.90
30.09 0.01 0.38 1006.36 6.00 3937052 0.90
30.09 0.01 0.38 1005.29 6.00 3937072 0.90
